2 0 0.434250 0.015091 243.440201 -1.000000 -1.000000 1.216801
2 0 0.184587 0.135064 240.177200 -1.000000 -1.000000 0.592601
2 2 0.248084 0.194112 109.196098 -1.000000 -1.000000 1.381667
2 2 0.230348 0.322686 190.090195 -1.000000 -1.000000 0.274349
0 2 0.089338 0.274721 269.461792 -1.000000 -1.000000 0.730727
0 2 0.073541 0.223941 280.130493 -1.000000 -1.000000 0.054725
1 2 0.192383 0.007688 76.483994 -1.000000 -1.000000 0.268949
2 2 0.148138 0.166276 184.616592 -1.000000 -1.000000 0.608913
2 0 0.212690 0.021964 233.713104 -1.000000 -1.000000 0.594665
2 1 0.120281 0.125315 105.497299 -1.000000 -1.000000 1.104619
2 0 0.090468 0.106446 187.617203 -1.000000 -1.000000 1.212664
