0 1 0.324558 0.046698 303.538208 -1.000000 -1.000000 0.381433
0 1 0.111744 0.190478 345.419891 -1.000000 -1.000000 0.389913
0 2 0.088517 0.065077 193.070099 -1.000000 -1.000000 0.351418
0 -1 0.056634 0.048123 121.407600 -1.000000 -1.000000 0.343455
2 0 0.295219 0.020173 123.551804 -1.000000 -1.000000 0.292086
2 0 0.220378 0.052572 127.121696 -1.000000 -1.000000 0.456653
1 2 0.116264 0.110834 123.704102 -1.000000 -1.000000 0.229421
0 0 0.135732 0.066112 126.077904 -1.000000 -1.000000 0.369926
0 1 0.017124 0.136439 120.930099 -1.000000 -1.000000 0.382816
1 1 0.028990 0.333025 133.052307 -1.000000 -1.000000 0.371724
2 0 0.146513 0.116866 106.272400 -1.000000 -1.000000 0.387141
0 2 0.033106 0.044694 113.374802 -1.000000 -1.000000 0.261762
2 0 0.305089 0.008609 113.911400 -1.000000 -1.000000 0.390921
0 1 0.028618 0.220460 114.407898 -1.000000 -1.000000 0.604256
1 0 0.073243 0.041560 113.180298 -1.000000 -1.000000 0.293479
0 2 0.047803 0.159499 126.707802 -1.000000 -1.000000 0.358511
0 -1 0.028242 0.050957 109.740997 -1.000000 -1.000000 0.360063
0 2 0.030251 0.480831 255.014008 -1.000000 -1.000000 0.360911
0 2 0.020525 0.149548 120.599503 -1.000000 -1.000000 0.075397
2 -1 0.036835 0.163479 107.201698 -1.000000 -1.000000 0.292122
0 2 0.007769 0.155571 100.477997 -1.000000 -1.000000 0.364997
0 0 0.119587 0.038317 116.028198 -1.000000 -1.000000 0.397679
0 3 0.030489 0.123437 107.099800 -1.000000 -1.000000 0.358977
0 1 0.010643 0.193324 117.093498 -1.000000 -1.000000 0.213507
2 0 0.098383 0.074065 98.232353 -1.000000 -1.000000 0.139558
1 2 0.212328 0.365141 244.168304 -1.000000 -1.000000 0.416427
0 1 0.047999 0.032571 122.461800 -1.000000 -1.000000 0.332925
0 1 0.038091 0.162432 115.845100 -1.000000 -1.000000 0.343150
1 0 0.142301 0.040894 162.918701 -1.000000 -1.000000 0.388786
1 4 0.036617 0.064217 113.985703 -1.000000 -1.000000 0.021618
2 0 0.121777 0.045686 121.295601 -1.000000 -1.000000 0.361643
0 2 0.042432 0.069517 111.063103 -1.000000 -1.000000 0.365542
0 -4 0.067028 0.040700 116.921204 -1.000000 -1.000000 0.057696
-2 2 0.023803 0.296260 131.421295 -1.000000 -1.000000 0.243786
1 0 0.111548 0.098679 134.557907 -1.000000 -1.000000 0.561158
0 2 0.110839 0.141922 145.040298 -1.000000 -1.000000 0.147219
0 2 0.048552 0.042400 107.718597 -1.000000 -1.000000 0.450383
0 -1 0.023722 0.026707 112.820396 -1.000000 -1.000000 0.387843
1 0 0.206435 0.097572 198.296402 -1.000000 -1.000000 0.162789
0 2 0.070170 0.307655 113.555397 -1.000000 -1.000000 0.276574
2 2 0.360036 0.292836 136.070007 -1.000000 -1.000000 0.102899
2 0 0.119991 0.037677 98.228027 -1.000000 -1.000000 0.383002
2 0 0.203465 0.106643 302.326813 -1.000000 -1.000000 0.321755
-1 1 0.037052 0.146892 106.427399 -1.000000 -1.000000 0.363766
-3 2 0.043878 0.181284 154.855606 -1.000000 -1.000000 0.347493
0 2 0.007503 0.224604 134.860992 -1.000000 -1.000000 0.400916
0 2 0.040601 0.071887 107.116898 -1.000000 -1.000000 0.375746
-1 0 0.064322 0.061284 146.691498 -1.000000 -1.000000 0.040569
5 0 0.061548 0.101954 113.362801 -1.000000 -1.000000 0.375722
0 2 0.034481 0.124280 116.863602 -1.000000 -1.000000 0.058573
1 3 0.163757 0.018116 120.154900 -1.000000 -1.000000 0.312816
0 1 0.063237 0.044123 108.572601 -1.000000 -1.000000 0.332843
0 0 0.066985 0.111422 120.939400 -1.000000 -1.000000 0.341157
1 5 0.070840 0.045130 124.429298 -1.000000 -1.000000 0.587653
0 2 0.059868 0.125534 112.948601 -1.000000 -1.000000 0.351617
2 -2 0.030339 0.100470 122.169197 -1.000000 -1.000000 0.345542
4 2 0.078215 0.110419 110.588997 -1.000000 -1.000000 0.359472
2 1 0.132635 0.134937 151.823898 -1.000000 -1.000000 0.292876
2 0 0.010922 0.145689 99.043648 -1.000000 -1.000000 0.394535
1 0 0.053455 0.132398 218.574203 -1.000000 -1.000000 0.024452
0 2 0.064739 0.284215 232.943298 -1.000000 -1.000000 0.372980
0 0 0.087894 0.015468 109.875900 -1.000000 -1.000000 0.431123
0 -2 0.050619 0.178910 129.345200 -1.000000 -1.000000 0.404148
2 0 0.369298 0.021129 173.985596 -1.000000 -1.000000 0.302470
1 0 0.194335 0.020235 112.045097 -1.000000 -1.000000 0.291159
0 1 0.022640 0.165671 120.641098 -1.000000 -1.000000 0.398673
0 1 0.016943 0.251843 120.618401 -1.000000 -1.000000 0.384645
0 1 0.031865 0.118869 115.960297 -1.000000 -1.000000 0.323798
2 -3 0.391930 0.099422 299.609497 -1.000000 -1.000000 0.388262
3 0 0.019048 0.154803 131.552002 -1.000000 -1.000000 0.348828
1 0 0.087686 0.056321 105.262299 -1.000000 -1.000000 0.376575
2 0 0.067040 0.165786 134.876495 -1.000000 -1.000000 0.337037
1 2 0.113208 0.154584 171.618301 -1.000000 -1.000000 0.053694
2 1 0.123191 0.162875 131.683395 -1.000000 -1.000000 0.457563
2 0 0.167891 0.040073 146.460800 -1.000000 -1.000000 0.289419
-3 2 0.097345 0.160881 164.349594 -1.000000 -1.000000 0.339510
1 -4 0.116920 0.053284 116.502197 -1.000000 -1.000000 0.350935
1 0 0.215891 0.039696 195.394196 -1.000000 -1.000000 0.374457
0 -3 0.223918 0.049301 112.507599 -1.000000 -1.000000 0.610296
2 2 0.176689 0.195928 202.490402 -1.000000 -1.000000 0.316579
0 -1 0.097704 0.035079 112.166100 -1.000000 -1.000000 0.323334
0 2 0.008249 0.343202 117.339798 -1.000000 -1.000000 0.351698
1 0 0.057645 0.012595 100.532997 -1.000000 -1.000000 0.336694
-2 2 0.046771 0.144604 106.811996 -1.000000 -1.000000 0.528384
0 2 0.117411 0.073583 114.396004 -1.000000 -1.000000 0.324753
0 2 0.104111 0.376332 144.070602 -1.000000 -1.000000 0.040408
1 0 0.144963 0.074652 111.827599 -1.000000 -1.000000 0.243173
-1 2 0.097886 0.028183 103.015800 -1.000000 -1.000000 0.016240
0 1 0.033598 0.222614 104.809998 -1.000000 -1.000000 0.252879
0 1 0.025131 0.182864 102.234200 -1.000000 -1.000000 0.402694
0 1 0.022725 0.195470 123.544800 -1.000000 -1.000000 0.565308
0 -2 0.096529 0.024156 110.981796 -1.000000 -1.000000 0.078801
2 0 0.080479 0.148637 94.262016 -1.000000 -1.000000 0.373450
0 0 0.031144 0.151968 139.056396 -1.000000 -1.000000 0.071113
-1 4 0.058474 0.126072 148.355606 -1.000000 -1.000000 0.322562
1 0 0.045742 0.052146 128.088898 -1.000000 -1.000000 0.021742
5 2 0.017421 0.195437 139.021393 -1.000000 -1.000000 0.608723
2 0 0.035035 0.091067 130.665207 -1.000000 -1.000000 0.360514
1 0 0.144493 0.017157 120.298599 -1.000000 -1.000000 0.363554
0 2 0.050084 0.301564 271.023010 -1.000000 -1.000000 0.403200
0 2 0.033069 0.245444 199.259705 -1.000000 -1.000000 0.370295
-3 0 0.113111 0.109857 128.350494 -1.000000 -1.000000 0.391965
0 2 0.014143 0.324582 150.421494 -1.000000 -1.000000 0.301963
-4 0 0.058908 0.095805 109.634903 -1.000000 -1.000000 0.399687
2 0 0.107297 0.041588 115.175598 -1.000000 -1.000000 0.388707
4 0 0.157952 0.070410 119.834396 -1.000000 -1.000000 0.366448
-1 0 0.188825 0.139432 115.690598 -1.000000 -1.000000 0.394051
0 2 0.013967 0.212316 128.120300 -1.000000 -1.000000 0.240311
0 -4 0.075178 0.058608 133.405304 -1.000000 -1.000000 0.381259
0 3 0.112816 0.012992 113.384003 -1.000000 -1.000000 0.157036
0 0 0.047781 0.144780 223.904205 -1.000000 -1.000000 0.349352
-3 0 0.111129 0.169664 111.386803 -1.000000 -1.000000 0.389182
-1 0 0.027253 0.075706 108.672897 -1.000000 -1.000000 0.403990
0 2 0.035649 0.227764 177.478302 -1.000000 -1.000000 0.400916
2 0 0.125371 0.103191 133.125000 -1.000000 -1.000000 0.388169
2 2 0.095408 0.073682 124.964302 -1.000000 -1.000000 0.327698
2 2 0.018474 0.320869 107.967003 -1.000000 -1.000000 0.400789
0 1 0.026567 0.083510 121.442101 -1.000000 -1.000000 0.397993
3 0 0.117219 0.074001 364.368195 -1.000000 -1.000000 0.390446
1 0 0.040371 0.056063 113.090698 -1.000000 -1.000000 0.357186
2 0 0.115605 0.063683 145.138794 -1.000000 -1.000000 0.347446
1 0 0.237029 0.055563 122.361504 -1.000000 -1.000000 0.395989
2 -2 0.131807 0.057785 156.082504 -1.000000 -1.000000 0.012995
0 2 0.020637 0.213089 146.063599 -1.000000 -1.000000 0.029733
-1 0 0.168396 0.014552 112.341797 -1.000000 -1.000000 0.020475
1 2 0.061553 0.147945 105.196899 -1.000000 -1.000000 0.015868
-2 0 0.183664 0.037595 191.257599 -1.000000 -1.000000 0.283037
2 0 0.076774 0.061167 110.883003 -1.000000 -1.000000 0.387245
0 -1 0.039499 0.104866 122.402603 -1.000000 -1.000000 0.404609
2 0 0.109720 0.063333 213.585602 -1.000000 -1.000000 0.186600
0 2 0.076341 0.159752 138.570297 -1.000000 -1.000000 0.208348
0 0 0.014199 0.133072 110.351601 -1.000000 -1.000000 0.307211
0 2 0.020124 0.158630 120.052902 -1.000000 -1.000000 0.374332
0 3 0.044598 0.142806 133.207993 -1.000000 -1.000000 0.387701
0 2 0.023612 0.147016 172.104599 -1.000000 -1.000000 0.243726
0 1 0.030480 0.086088 107.022598 -1.000000 -1.000000 0.397389
2 0 0.133012 0.083114 109.826897 -1.000000 -1.000000 0.363993
0 -4 0.046594 0.076986 104.972198 -1.000000 -1.000000 0.391894
2 0 0.243432 0.054453 113.936798 -1.000000 -1.000000 0.538152
0 2 0.065200 0.228600 146.297501 -1.000000 -1.000000 0.346090
0 -3 0.027420 0.116825 122.891899 -1.000000 -1.000000 0.363678
0 4 0.086929 0.059710 128.513794 -1.000000 -1.000000 0.321240
2 0 0.130492 0.043327 130.528000 -1.000000 -1.000000 0.074081
0 0 0.180144 0.014023 114.193199 -1.000000 -1.000000 0.371945
0 0 0.054154 0.053584 109.546501 -1.000000 -1.000000 0.242892
2 0 0.183884 0.026364 109.806297 -1.000000 -1.000000 0.444701
1 -5 0.152054 0.021217 106.494301 -1.000000 -1.000000 0.054073
0 2 0.020501 0.196895 98.900032 -1.000000 -1.000000 0.386147
2 1 0.081354 0.085065 108.864403 -1.000000 -1.000000 0.370572
2 0 0.211678 0.019741 113.326698 -1.000000 -1.000000 0.397342
2 0 0.424628 0.010280 125.707901 -1.000000 -1.000000 0.014270
0 1 0.092267 0.163843 127.108803 -1.000000 -1.000000 0.080378
0 0 0.065823 0.041172 119.302101 -1.000000 -1.000000 0.372665
0 3 0.094746 0.079390 113.803101 -1.000000 -1.000000 0.390354
1 0 0.184046 0.064452 122.040199 -1.000000 -1.000000 0.391653
-1 0 0.093026 0.037322 100.006203 -1.000000 -1.000000 0.400332
1 2 0.040066 0.418041 126.842796 -1.000000 -1.000000 0.391322
0 3 0.026513 0.087921 107.164001 -1.000000 -1.000000 0.342979
2 0 0.173319 0.022913 122.390297 -1.000000 -1.000000 0.222746
0 2 0.032357 0.108800 106.109100 -1.000000 -1.000000 0.389168
1 1 0.034421 0.157109 116.456001 -1.000000 -1.000000 0.486524
0 2 0.045672 0.073786 116.951797 -1.000000 -1.000000 0.353772
-2 0 0.083920 0.037407 101.821602 -1.000000 -1.000000 0.330417
2 1 0.104209 0.043654 104.396698 -1.000000 -1.000000 0.356249
1 0 0.051552 0.097862 105.904800 -1.000000 -1.000000 0.403489
0 -1 0.120839 0.114129 115.699303 -1.000000 -1.000000 0.308684
2 1 0.251142 0.021489 147.967804 -1.000000 -1.000000 0.533198
0 2 0.036451 0.212015 109.059799 -1.000000 -1.000000 0.091193
1 2 0.037411 0.486903 113.787598 -1.000000 -1.000000 0.472202
1 0 0.134262 0.029518 182.836807 -1.000000 -1.000000 0.407420
2 1 0.213173 0.024566 164.710602 -1.000000 -1.000000 0.424636
0 3 0.015711 0.138253 114.667397 -1.000000 -1.000000 0.394052
4 -4 0.016327 0.032158 110.756500 -1.000000 -1.000000 0.199764
0 2 0.020068 0.061920 106.166901 -1.000000 -1.000000 0.360581
0 0 0.204230 0.011693 119.459602 -1.000000 -1.000000 0.374283
0 -2 0.013791 0.297641 125.722702 -1.000000 -1.000000 0.325019
1 1 0.147631 0.237014 295.828094 -1.000000 -1.000000 0.397391
0 2 0.076632 0.083356 234.136307 -1.000000 -1.000000 0.394309
0 2 0.270430 0.117425 281.392303 -1.000000 -1.000000 0.359567
-2 2 0.045535 0.115460 127.759399 -1.000000 -1.000000 0.374161
1 2 0.066595 0.218830 97.704201 -1.000000 -1.000000 0.016129
-4 0 0.224582 0.023723 117.270897 -1.000000 -1.000000 0.399508
1 0 0.243267 0.016335 129.216095 -1.000000 -1.000000 0.354665
1 0 0.170750 0.013650 125.311096 -1.000000 -1.000000 0.328261
-1 1 0.053128 0.039045 125.915802 -1.000000 -1.000000 0.277030
0 -1 0.056482 0.138527 122.594803 -1.000000 -1.000000 0.325620
0 2 0.060230 0.133805 138.659500 -1.000000 -1.000000 0.339167
1 -1 0.075005 0.325676 495.611511 -1.000000 -1.000000 0.385362
0 2 0.095246 0.128405 104.897697 -1.000000 -1.000000 0.296900
3 0 0.012095 0.153411 95.962646 -1.000000 -1.000000 0.402365
2 0 0.068023 0.062501 133.917496 -1.000000 -1.000000 0.404544
1 2 0.054583 0.231897 105.488403 -1.000000 -1.000000 0.408099
0 0 0.034853 0.129620 125.243301 -1.000000 -1.000000 0.209675
0 2 0.090214 0.017701 115.970596 -1.000000 -1.000000 0.034386
0 2 0.124593 0.178509 147.262604 -1.000000 -1.000000 0.361435
0 3 0.139763 0.052009 111.749802 -1.000000 -1.000000 0.222066
2 0 0.155688 0.027629 113.365196 -1.000000 -1.000000 0.338746
0 1 0.107577 0.232402 117.237198 -1.000000 -1.000000 0.249094
2 0 0.207707 0.086626 140.857101 -1.000000 -1.000000 0.328044
1 0 0.293736 0.042744 155.927307 -1.000000 -1.000000 0.239225
2 2 0.120509 0.139333 143.858307 -1.000000 -1.000000 0.316129
3 2 0.066378 0.136328 119.982201 -1.000000 -1.000000 0.177431
-3 2 0.072672 0.167513 193.951706 -1.000000 -1.000000 0.316150
2 0 0.150067 0.066031 130.407593 -1.000000 -1.000000 0.606779
0 1 0.149496 0.128726 193.037598 -1.000000 -1.000000 0.386613
-3 2 0.020755 0.186749 119.228203 -1.000000 -1.000000 0.365873
0 2 0.110655 0.188383 106.911903 -1.000000 -1.000000 0.207268
-3 0 0.020818 0.105780 110.435997 -1.000000 -1.000000 0.484022
0 1 0.236089 0.175964 309.986511 -1.000000 -1.000000 0.354327
0 2 0.238689 0.063852 145.890198 -1.000000 -1.000000 0.365427
0 0 0.037435 0.078048 118.089996 -1.000000 -1.000000 0.439835
2 0 0.219963 0.115615 116.099098 -1.000000 -1.000000 0.402957
0 -4 0.054581 0.168966 92.274300 -1.000000 -1.000000 0.251653
1 -4 0.114780 0.254723 114.425102 -1.000000 -1.000000 0.333047
2 0 0.199505 0.060404 125.282303 -1.000000 -1.000000 0.365713
0 2 0.018149 0.188635 115.931801 -1.000000 -1.000000 0.383542
2 0 0.168207 0.057630 205.365799 -1.000000 -1.000000 0.101381
0 2 0.079878 0.096128 109.701698 -1.000000 -1.000000 0.169103
0 1 0.111935 0.045650 136.567505 -1.000000 -1.000000 0.465559
2 0 0.161490 0.006952 109.767097 -1.000000 -1.000000 0.340589
2 0 0.051836 0.064181 113.649498 -1.000000 -1.000000 0.616013
0 0 0.088583 0.016550 111.266296 -1.000000 -1.000000 0.364446
2 2 0.072004 0.309384 318.947296 -1.000000 -1.000000 0.323576
2 0 0.152042 0.057922 192.601593 -1.000000 -1.000000 0.315768
1 0 0.077109 0.078980 141.986801 -1.000000 -1.000000 0.349527
-1 0 0.012575 0.058943 111.250198 -1.000000 -1.000000 0.351548
1 0 0.376972 0.131195 120.675003 -1.000000 -1.000000 0.404879
0 1 0.073446 0.025856 111.735802 -1.000000 -1.000000 0.358852
3 2 0.065268 0.244359 419.458496 -1.000000 -1.000000 0.348285
2 0 0.231714 0.055514 111.103302 -1.000000 -1.000000 0.328665
2 -2 0.020545 0.126671 131.848297 -1.000000 -1.000000 0.447594
0 2 0.099299 0.111753 106.905800 -1.000000 -1.000000 0.046700
0 0 0.051899 0.090882 125.197800 -1.000000 -1.000000 0.368898
2 0 0.142134 0.021031 110.960999 -1.000000 -1.000000 0.373173
1 0 0.134105 0.069826 136.308701 -1.000000 -1.000000 0.407842
1 0 0.032643 0.064692 97.812607 -1.000000 -1.000000 0.368153
2 0 0.204353 0.070830 143.704895 -1.000000 -1.000000 0.470001
1 0 0.116704 0.022796 107.509697 -1.000000 -1.000000 0.326831
2 0 0.056971 0.112236 128.868698 -1.000000 -1.000000 0.387943
2 2 0.140997 0.032312 117.462799 -1.000000 -1.000000 0.354631
-2 0 0.068512 0.060728 183.684296 -1.000000 -1.000000 0.327558
0 2 0.098274 0.068831 125.095100 -1.000000 -1.000000 0.356573
2 3 0.253643 0.078685 227.487305 -1.000000 -1.000000 0.512021
2 -4 0.243787 0.045130 120.982498 -1.000000 -1.000000 0.358659
-2 0 0.322761 0.005791 123.807404 -1.000000 -1.000000 0.363242
1 0 0.176879 0.025994 116.431198 -1.000000 -1.000000 0.212188
1 0 0.057005 0.085039 121.955002 -1.000000 -1.000000 0.378965
3 2 0.093066 0.089069 111.056999 -1.000000 -1.000000 0.382734
1 -3 0.158678 0.071816 122.593498 -1.000000 -1.000000 0.531158
2 2 0.265720 0.134617 172.707001 -1.000000 -1.000000 0.393648
2 0 0.113392 0.051159 117.614899 -1.000000 -1.000000 0.508041
0 2 0.037216 0.125003 123.330200 -1.000000 -1.000000 0.370950
-1 2 0.039806 0.260645 129.430893 -1.000000 -1.000000 0.356266
1 -1 0.091690 0.116230 317.360504 -1.000000 -1.000000 0.135377
2 0 0.156102 0.120019 140.234802 -1.000000 -1.000000 0.021554
1 2 0.068747 0.068786 113.381203 -1.000000 -1.000000 0.353298
3 5 0.118633 0.041897 106.494003 -1.000000 -1.000000 0.390680
2 1 0.228362 0.026608 158.801895 -1.000000 -1.000000 0.605504
2 0 0.121307 0.043662 133.561798 -1.000000 -1.000000 0.100945
0 1 0.013143 0.103131 107.156998 -1.000000 -1.000000 0.396698
2 4 0.086210 0.159395 138.626099 -1.000000 -1.000000 0.606548
2 0 0.263209 0.017924 125.819801 -1.000000 -1.000000 0.356720
2 3 0.121109 0.048015 137.479996 -1.000000 -1.000000 0.166898
0 2 0.072763 0.071980 121.347702 -1.000000 -1.000000 0.355380
2 2 0.069243 0.156646 147.416794 -1.000000 -1.000000 0.305261
-1 2 0.029297 0.265675 122.396698 -1.000000 -1.000000 0.260031
0 2 0.015637 0.261777 149.232605 -1.000000 -1.000000 0.333625
0 2 0.060881 0.097123 99.957260 -1.000000 -1.000000 0.226084
0 2 0.075883 0.073731 113.194397 -1.000000 -1.000000 0.343545
0 3 0.041129 0.081593 120.725502 -1.000000 -1.000000 0.318587
0 2 0.067315 0.130938 104.114197 -1.000000 -1.000000 0.029835
3 0 0.017435 0.135203 108.542000 -1.000000 -1.000000 0.344652
2 0 0.103799 0.038703 103.770798 -1.000000 -1.000000 0.398057
0 -2 0.017943 0.132816 133.387604 -1.000000 -1.000000 0.048530
2 0 0.325833 0.027674 96.990089 -1.000000 -1.000000 0.372585
1 1 0.110478 0.096714 130.224396 -1.000000 -1.000000 0.141715
0 1 0.061637 0.046277 121.806000 -1.000000 -1.000000 0.213069
0 -1 0.075287 0.053869 119.416100 -1.000000 -1.000000 0.073810
0 2 0.094851 0.158817 255.545105 -1.000000 -1.000000 0.340604
2 0 0.076319 0.170645 115.591400 -1.000000 -1.000000 0.475575
0 1 0.022630 0.148863 108.869904 -1.000000 -1.000000 0.388764
0 1 0.151775 0.083813 165.533905 -1.000000 -1.000000 0.358893
0 0 0.201621 0.029761 143.291595 -1.000000 -1.000000 0.280608
0 1 0.215791 0.110623 137.103394 -1.000000 -1.000000 0.348145
2 0 0.293655 0.081249 141.770599 -1.000000 -1.000000 0.284382
-2 -3 0.040416 0.067380 120.591499 -1.000000 -1.000000 0.527920
3 -3 0.103340 0.193736 187.898895 -1.000000 -1.000000 0.135182
0 2 0.012016 0.229610 115.086502 -1.000000 -1.000000 0.345887
0 1 0.135271 0.111921 125.786301 -1.000000 -1.000000 0.215799
0 0 0.215372 0.043125 172.367294 -1.000000 -1.000000 0.386958
0 2 0.153383 0.085532 120.488503 -1.000000 -1.000000 0.373635
-3 0 0.027717 0.118895 100.827301 -1.000000 -1.000000 0.342049
0 1 0.028350 0.297102 122.308098 -1.000000 -1.000000 0.456071
1 1 0.213031 0.070279 142.945801 -1.000000 -1.000000 0.395186
2 0 0.122473 0.057715 121.457298 -1.000000 -1.000000 0.391776
2 -4 0.062542 0.121305 158.148193 -1.000000 -1.000000 0.485300
0 1 0.006490 0.183593 119.866203 -1.000000 -1.000000 0.041756
0 1 0.057858 0.289902 115.629402 -1.000000 -1.000000 0.345555
0 2 0.188534 0.075689 118.353401 -1.000000 -1.000000 0.380872
2 0 0.163156 0.032127 109.171402 -1.000000 -1.000000 0.383876
