2 0 0.130945 0.062662 353.677887 -1.000000 -1.000000 0.253520
2 1 0.462705 0.253950 251.603302 -1.000000 -1.000000 0.245232
2 2 0.173023 0.135330 180.815598 -1.000000 -1.000000 0.364634
2 -2 0.098149 0.054382 156.292297 -1.000000 -1.000000 0.404521
-1 0 0.108492 0.114264 181.070801 -1.000000 -1.000000 0.154510
2 0 0.123917 0.062845 143.371002 -1.000000 -1.000000 0.011212
0 2 0.045030 0.243753 225.132202 -1.000000 -1.000000 0.167363
0 2 0.017434 0.161639 176.108795 -1.000000 -1.000000 0.054897
1 -1 0.277318 0.089093 577.163025 -1.000000 -1.000000 0.245819
2 0 0.404043 0.030902 259.723297 -1.000000 -1.000000 0.242882
0 2 0.062892 0.230897 154.643005 -1.000000 -1.000000 0.274261
2 0 0.117152 0.058536 138.422195 -1.000000 -1.000000 0.179526
2 2 0.206373 0.136658 203.122101 -1.000000 -1.000000 0.242305
0 1 0.204085 0.269169 358.371094 -1.000000 -1.000000 0.028205
2 0 0.402957 0.047548 224.619598 -1.000000 -1.000000 0.240148
-2 0 0.097729 0.080811 191.929596 -1.000000 -1.000000 0.225549
1 2 0.118525 0.111859 237.836304 -1.000000 -1.000000 0.228915
-3 1 0.073547 0.391942 213.470703 -1.000000 -1.000000 0.275379
0 1 0.169784 0.091608 195.626602 -1.000000 -1.000000 0.234812
0 -1 0.083477 0.178986 196.923599 -1.000000 -1.000000 0.072265
0 1 0.176927 0.190884 295.128693 -1.000000 -1.000000 0.239318
2 0 0.272441 0.056151 174.703003 -1.000000 -1.000000 0.260440
1 0 0.117486 0.012300 161.686996 -1.000000 -1.000000 0.063145
0 3 0.395947 0.054888 278.803009 -1.000000 -1.000000 0.017352
0 2 0.185385 0.301516 263.764801 -1.000000 -1.000000 0.251336
0 1 0.273841 0.106958 261.591187 -1.000000 -1.000000 0.140682
2 -2 0.045994 0.078303 126.055000 -1.000000 -1.000000 0.212179
0 0 0.149081 0.115260 347.217194 -1.000000 -1.000000 0.242444
-3 0 0.048388 0.151812 210.098297 -1.000000 -1.000000 0.072988
0 1 0.122508 0.171760 148.198898 -1.000000 -1.000000 0.263256
2 1 0.182157 0.051115 240.784393 -1.000000 -1.000000 0.149013
0 2 0.019658 0.351915 139.714996 -1.000000 -1.000000 0.279745
1 0 0.151470 0.285811 484.704498 -1.000000 -1.000000 0.222819
-3 2 0.312998 0.214896 242.411896 -1.000000 -1.000000 0.366066
-2 2 0.020559 0.380931 252.844696 -1.000000 -1.000000 0.256363
1 0 0.112331 0.204152 184.582901 -1.000000 -1.000000 0.284334
0 1 0.059898 0.139845 186.982300 -1.000000 -1.000000 0.241112
2 0 0.388582 0.159946 333.517792 -1.000000 -1.000000 0.411892
-2 2 0.034483 0.191109 189.101105 -1.000000 -1.000000 0.037766
0 0 0.076853 0.058207 156.334793 -1.000000 -1.000000 0.071897
1 0 0.146657 0.150221 252.937698 -1.000000 -1.000000 0.171091
5 2 0.119691 0.164984 278.016296 -1.000000 -1.000000 0.249619
1 1 0.155803 0.318240 179.754700 -1.000000 -1.000000 0.237846
0 2 0.083925 0.274023 238.840897 -1.000000 -1.000000 0.193632
1 0 0.212144 0.056886 181.860703 -1.000000 -1.000000 0.242238
0 2 0.017683 0.359213 163.373306 -1.000000 -1.000000 0.242179
1 -2 0.318682 0.208041 268.720795 -1.000000 -1.000000 0.265458
2 0 0.177743 0.037521 241.741806 -1.000000 -1.000000 0.259916
2 1 0.058993 0.144806 303.630310 -1.000000 -1.000000 0.148286
0 1 0.058990 0.363172 197.193405 -1.000000 -1.000000 0.419195
-1 1 0.066354 0.189424 210.677704 -1.000000 -1.000000 0.398157
2 -1 0.333660 0.046486 560.562195 -1.000000 -1.000000 0.246711
0 0 0.035604 0.269222 135.803207 -1.000000 -1.000000 0.266659
-1 2 0.122218 0.345934 227.929306 -1.000000 -1.000000 0.239015
2 0 0.165434 0.056671 142.332108 -1.000000 -1.000000 0.238058
2 -2 0.044118 0.098813 132.895004 -1.000000 -1.000000 0.263100
2 0 0.073608 0.046208 118.067902 -1.000000 -1.000000 0.010639
1 0 0.176527 0.025718 133.173798 -1.000000 -1.000000 0.225276
3 1 0.061687 0.199549 165.300293 -1.000000 -1.000000 0.234429
0 -1 0.121386 0.179749 141.079803 -1.000000 -1.000000 0.216634
1 1 0.132044 0.375828 393.460510 -1.000000 -1.000000 0.288673
2 1 0.321812 0.281906 146.275604 -1.000000 -1.000000 0.357128
0 2 0.030490 0.220312 170.023499 -1.000000 -1.000000 0.014825
-3 0 0.069868 0.035268 204.422104 -1.000000 -1.000000 0.230169
0 1 0.039456 0.227064 256.235687 -1.000000 -1.000000 0.205879
2 1 0.020817 0.257772 174.247803 -1.000000 -1.000000 0.140556
2 2 0.095783 0.081924 168.690506 -1.000000 -1.000000 0.010943
1 0 0.256630 0.162050 270.028595 -1.000000 -1.000000 0.236499
2 0 0.353385 0.026919 210.694702 -1.000000 -1.000000 0.013146
2 2 0.075566 0.371990 305.395386 -1.000000 -1.000000 0.096324
2 1 0.123580 0.115924 127.054298 -1.000000 -1.000000 0.054679
1 0 0.063362 0.059343 160.247894 -1.000000 -1.000000 0.233075
2 1 0.121227 0.100304 154.621307 -1.000000 -1.000000 0.271114
0 2 0.018673 0.247180 147.271896 -1.000000 -1.000000 0.186146
-3 0 0.100207 0.070725 178.956497 -1.000000 -1.000000 0.225020
2 -3 0.230468 0.071109 266.335114 -1.000000 -1.000000 0.114580
-1 0 0.029026 0.085899 134.353607 -1.000000 -1.000000 0.197498
0 -3 0.069963 0.305652 164.239395 -1.000000 -1.000000 0.258232
1 0 0.111107 0.062655 236.001099 -1.000000 -1.000000 0.367563
-1 1 0.126998 0.033029 132.779694 -1.000000 -1.000000 0.114564
0 2 0.046720 0.108763 146.599503 -1.000000 -1.000000 0.226197
2 1 0.143624 0.205469 214.526001 -1.000000 -1.000000 0.248750
1 0 0.334596 0.029304 184.585907 -1.000000 -1.000000 0.274480
-3 -1 0.107851 0.092615 253.529495 -1.000000 -1.000000 0.238716
1 3 0.246097 0.155551 426.920197 -1.000000 -1.000000 0.309272
2 1 0.211673 0.073974 218.319199 -1.000000 -1.000000 0.313330
2 0 0.247332 0.152520 168.683701 -1.000000 -1.000000 0.274392
0 2 0.043252 0.192528 149.454300 -1.000000 -1.000000 0.250442
1 1 0.103340 0.038929 137.190796 -1.000000 -1.000000 0.010714
2 0 0.424218 0.014009 185.811295 -1.000000 -1.000000 0.218724
2 0 0.063762 0.070821 107.442299 -1.000000 -1.000000 0.266567
2 0 0.364050 0.061814 226.928802 -1.000000 -1.000000 0.249153
0 1 0.081140 0.200175 197.439804 -1.000000 -1.000000 0.093475
-1 0 0.162236 0.111434 129.346497 -1.000000 -1.000000 0.381968
1 0 0.319993 0.030432 176.569397 -1.000000 -1.000000 0.248255
0 -3 0.150696 0.130429 213.627304 -1.000000 -1.000000 0.249786
1 2 0.265725 0.167296 182.063995 -1.000000 -1.000000 0.192859
0 1 0.018551 0.401257 180.658997 -1.000000 -1.000000 0.015108
2 1 0.069705 0.057013 164.774094 -1.000000 -1.000000 0.151149
0 1 0.156875 0.108354 163.562500 -1.000000 -1.000000 0.236048
0 1 0.076447 0.258290 169.272995 -1.000000 -1.000000 0.415128
0 2 0.111761 0.128134 340.086304 -1.000000 -1.000000 0.234010
0 1 0.402209 0.037159 257.262787 -1.000000 -1.000000 0.273907
2 0 0.381597 0.020279 255.025406 -1.000000 -1.000000 0.272574
2 0 0.254985 0.168074 393.553101 -1.000000 -1.000000 0.277218
0 1 0.042666 0.107825 180.469406 -1.000000 -1.000000 0.130458
5 2 0.030449 0.226819 147.124100 -1.000000 -1.000000 0.251009
0 3 0.100533 0.099857 152.532104 -1.000000 -1.000000 0.311741
-1 0 0.213034 0.060993 259.135590 -1.000000 -1.000000 0.267365
0 2 0.024535 0.347158 170.760406 -1.000000 -1.000000 0.020067
-1 -3 0.044946 0.088081 135.964096 -1.000000 -1.000000 0.236494
0 2 0.036970 0.365757 295.602814 -1.000000 -1.000000 0.214308
1 -1 0.198118 0.104932 290.681091 -1.000000 -1.000000 0.343315
2 -4 0.229809 0.041468 160.216293 -1.000000 -1.000000 0.301342
0 1 0.050186 0.137302 145.210800 -1.000000 -1.000000 0.252503
0 2 0.043439 0.504337 154.359802 -1.000000 -1.000000 0.261311
2 4 0.400820 0.029747 234.267899 -1.000000 -1.000000 0.414683
0 4 0.047294 0.133060 217.161697 -1.000000 -1.000000 0.272324
1 -4 0.299216 0.069926 263.252289 -1.000000 -1.000000 0.219608
1 0 0.192396 0.082884 188.253799 -1.000000 -1.000000 0.157837
0 -2 0.262178 0.062505 234.151001 -1.000000 -1.000000 0.263158
0 -3 0.151942 0.061505 155.417603 -1.000000 -1.000000 0.266940
-1 1 0.009383 0.248114 143.245697 -1.000000 -1.000000 0.260488
0 0 0.144879 0.070333 176.378494 -1.000000 -1.000000 0.362931
0 4 0.134530 0.149270 144.367599 -1.000000 -1.000000 0.258374
0 2 0.062992 0.302759 277.840088 -1.000000 -1.000000 0.093929
0 3 0.152295 0.157148 204.425293 -1.000000 -1.000000 0.262417
2 0 0.196593 0.035910 169.263107 -1.000000 -1.000000 0.272083
2 0 0.160205 0.090684 165.608398 -1.000000 -1.000000 0.216886
-3 1 0.130587 0.096734 133.712097 -1.000000 -1.000000 0.254808
1 0 0.090401 0.042261 140.502396 -1.000000 -1.000000 0.269986
0 1 0.160271 0.329589 334.603607 -1.000000 -1.000000 0.265461
0 2 0.015382 0.245253 205.570007 -1.000000 -1.000000 0.270124
2 0 0.509777 0.097558 289.879211 -1.000000 -1.000000 0.226479
2 1 0.413409 0.043342 217.803299 -1.000000 -1.000000 0.263213
2 -1 0.140951 0.203453 357.847107 -1.000000 -1.000000 0.118692
0 1 0.070981 0.108847 248.457504 -1.000000 -1.000000 0.020159
2 0 0.194265 0.065084 244.302200 -1.000000 -1.000000 0.267842
2 0 0.074552 0.292632 171.065399 -1.000000 -1.000000 0.234303
0 1 0.021540 0.164677 126.421898 -1.000000 -1.000000 0.236495
1 1 0.147937 0.228437 312.973206 -1.000000 -1.000000 0.238948
2 2 0.451809 0.058348 269.365112 -1.000000 -1.000000 0.278719
0 2 0.019948 0.287929 188.019501 -1.000000 -1.000000 0.241799
0 3 0.313516 0.059605 190.874207 -1.000000 -1.000000 0.258863
2 0 0.319682 0.017428 150.063705 -1.000000 -1.000000 0.272781
2 4 0.178221 0.084284 240.089096 -1.000000 -1.000000 0.094164
-2 0 0.164671 0.027005 167.537796 -1.000000 -1.000000 0.265481
0 -4 0.215208 0.059706 240.045395 -1.000000 -1.000000 0.278312
0 -1 0.054840 0.088283 165.132797 -1.000000 -1.000000 0.265974
1 0 0.075987 0.197483 214.953995 -1.000000 -1.000000 0.263729
2 0 0.280480 0.018049 193.951599 -1.000000 -1.000000 0.254518
-1 1 0.060146 0.054137 136.939407 -1.000000 -1.000000 0.264986
2 2 0.288056 0.143957 275.962402 -1.000000 -1.000000 0.232360
2 1 0.256550 0.023914 141.612900 -1.000000 -1.000000 0.010707
2 1 0.107122 0.417041 254.518906 -1.000000 -1.000000 0.299178
2 -3 0.276928 0.081055 192.593903 -1.000000 -1.000000 0.267810
-2 2 0.014936 0.397692 129.164703 -1.000000 -1.000000 0.221800
-4 0 0.069749 0.057781 160.309097 -1.000000 -1.000000 0.241961
2 0 0.254217 0.127882 160.296295 -1.000000 -1.000000 0.251429
2 0 0.061401 0.256449 237.212997 -1.000000 -1.000000 0.195597
2 0 0.350229 0.101345 384.254395 -1.000000 -1.000000 0.237192
0 -1 0.034392 0.196526 135.626297 -1.000000 -1.000000 0.245259
0 2 0.022655 0.235087 133.107300 -1.000000 -1.000000 0.164585
2 0 0.452157 0.035790 429.122589 -1.000000 -1.000000 0.271464
0 1 0.015850 0.305594 191.416397 -1.000000 -1.000000 0.115615
0 2 0.050919 0.320095 327.778198 -1.000000 -1.000000 0.245698
3 0 0.246536 0.024231 169.415802 -1.000000 -1.000000 0.243138
2 -2 0.136054 0.188355 261.110504 -1.000000 -1.000000 0.264216
2 0 0.130133 0.102811 439.957794 -1.000000 -1.000000 0.273775
2 0 0.342510 0.024672 180.574402 -1.000000 -1.000000 0.260944
1 0 0.259237 0.044610 164.884399 -1.000000 -1.000000 0.240748
1 0 0.143553 0.089857 184.306198 -1.000000 -1.000000 0.012422
1 2 0.052430 0.244407 175.606705 -1.000000 -1.000000 0.270366
2 0 0.066103 0.133237 134.139099 -1.000000 -1.000000 0.326230
0 2 0.037263 0.420505 436.014801 -1.000000 -1.000000 0.249635
0 -4 0.081098 0.100332 168.608994 -1.000000 -1.000000 0.168943
0 1 0.059387 0.082591 152.378098 -1.000000 -1.000000 0.254892
0 1 0.086308 0.135925 103.677101 -1.000000 -1.000000 0.409955
0 1 0.175437 0.083451 210.838196 -1.000000 -1.000000 0.251154
1 0 0.087458 0.072475 157.971802 -1.000000 -1.000000 0.264771
-1 -4 0.094146 0.122521 264.153503 -1.000000 -1.000000 0.010500
2 0 0.244153 0.020906 149.061905 -1.000000 -1.000000 0.227518
1 1 0.173809 0.137072 197.079895 -1.000000 -1.000000 0.269242
0 -1 0.097573 0.082825 195.334595 -1.000000 -1.000000 0.283907
2 3 0.205010 0.030634 129.151901 -1.000000 -1.000000 0.272309
0 -1 0.042186 0.167997 194.598404 -1.000000 -1.000000 0.242917
2 0 0.371344 0.014959 140.499405 -1.000000 -1.000000 0.279103
1 0 0.234440 0.091575 150.852203 -1.000000 -1.000000 0.214868
2 -4 0.302207 0.025408 176.617905 -1.000000 -1.000000 0.234578
2 1 0.161772 0.195108 398.987488 -1.000000 -1.000000 0.255025
-1 1 0.019729 0.106293 172.642395 -1.000000 -1.000000 0.264351
0 -2 0.165101 0.045050 134.572205 -1.000000 -1.000000 0.236926
2 1 0.222902 0.199340 157.831604 -1.000000 -1.000000 0.243025
2 0 0.106693 0.055860 207.607407 -1.000000 -1.000000 0.140614
0 0 0.074196 0.102207 352.791290 -1.000000 -1.000000 0.224632
0 1 0.029852 0.160655 173.923401 -1.000000 -1.000000 0.364986
0 0 0.135171 0.042698 143.626404 -1.000000 -1.000000 0.265643
0 1 0.096226 0.221274 247.761200 -1.000000 -1.000000 0.265835
3 2 0.051869 0.524669 314.808807 -1.000000 -1.000000 0.265795
0 0 0.076339 0.039138 120.575798 -1.000000 -1.000000 0.263356
3 1 0.053691 0.232236 143.835693 -1.000000 -1.000000 0.251911
0 2 0.073667 0.216826 160.360504 -1.000000 -1.000000 0.145234
2 -1 0.099277 0.054934 139.990707 -1.000000 -1.000000 0.045920
2 2 0.179305 0.166023 169.740997 -1.000000 -1.000000 0.292032
1 -4 0.162287 0.061485 187.075806 -1.000000 -1.000000 0.217760
2 0 0.201073 0.105418 187.875305 -1.000000 -1.000000 0.250602
0 2 0.076501 0.077862 148.671204 -1.000000 -1.000000 0.139680
0 -1 0.029971 0.098367 158.056305 -1.000000 -1.000000 0.239839
0 -2 0.124007 0.171768 454.362701 -1.000000 -1.000000 0.224521
0 1 0.261682 0.085052 147.762894 -1.000000 -1.000000 0.268953
1 0 0.293023 0.129148 198.225098 -1.000000 -1.000000 0.238795
0 1 0.106292 0.032289 146.124298 -1.000000 -1.000000 0.252063
2 2 0.167143 0.076896 194.751007 -1.000000 -1.000000 0.235735
5 0 0.216297 0.139398 187.750107 -1.000000 -1.000000 0.375768
0 2 0.187812 0.197915 159.607697 -1.000000 -1.000000 0.191380
0 5 0.045954 0.096420 134.535599 -1.000000 -1.000000 0.250112
2 -2 0.028502 0.169293 202.853394 -1.000000 -1.000000 0.234588
0 1 0.258852 0.086883 238.620300 -1.000000 -1.000000 0.414709
0 2 0.042091 0.309154 248.152298 -1.000000 -1.000000 0.263878
0 4 0.096351 0.033362 196.453903 -1.000000 -1.000000 0.256200
0 2 0.131237 0.141912 166.292801 -1.000000 -1.000000 0.054803
1 2 0.077343 0.197072 306.030792 -1.000000 -1.000000 0.010628
1 0 0.057045 0.175494 140.841995 -1.000000 -1.000000 0.257117
1 2 0.069172 0.357573 152.682007 -1.000000 -1.000000 0.272046
2 -2 0.151659 0.060535 310.364990 -1.000000 -1.000000 0.159869
0 -3 0.015064 0.110705 129.699707 -1.000000 -1.000000 0.244076
2 0 0.121274 0.015717 125.281303 -1.000000 -1.000000 0.267170
1 -3 0.165130 0.090195 214.684494 -1.000000 -1.000000 0.241929
0 2 0.108952 0.115231 221.932999 -1.000000 -1.000000 0.224642
2 2 0.354968 0.066386 166.481094 -1.000000 -1.000000 0.240741
2 -1 0.217844 0.016741 132.922104 -1.000000 -1.000000 0.137693
2 0 0.357381 0.030872 160.819305 -1.000000 -1.000000 0.408260
2 1 0.286799 0.166137 490.853394 -1.000000 -1.000000 0.251428
2 1 0.035028 0.258515 130.346695 -1.000000 -1.000000 0.127976
2 2 0.128861 0.093928 379.261902 -1.000000 -1.000000 0.262909
-3 2 0.072090 0.110788 156.741394 -1.000000 -1.000000 0.239143
2 0 0.076223 0.047129 136.583603 -1.000000 -1.000000 0.258904
0 2 0.158732 0.292042 563.017273 -1.000000 -1.000000 0.246377
0 2 0.030072 0.263382 185.033997 -1.000000 -1.000000 0.222158
0 2 0.014820 0.294947 178.103195 -1.000000 -1.000000 0.242498
-4 4 0.056988 0.083020 200.674194 -1.000000 -1.000000 0.120166
-2 2 0.377369 0.061862 182.481598 -1.000000 -1.000000 0.258733
0 1 0.041018 0.215257 166.321396 -1.000000 -1.000000 0.265046
-3 2 0.031029 0.089231 142.094803 -1.000000 -1.000000 0.256483
1 0 0.082476 0.245672 162.857101 -1.000000 -1.000000 0.245192
0 0 0.068943 0.136758 130.819305 -1.000000 -1.000000 0.305585
2 0 0.454776 0.068253 158.833893 -1.000000 -1.000000 0.255486
2 2 0.167394 0.129190 161.479294 -1.000000 -1.000000 0.220636
1 -2 0.104556 0.089987 145.046707 -1.000000 -1.000000 0.261898
1 -1 0.122489 0.049068 133.425293 -1.000000 -1.000000 0.093291
0 1 0.069850 0.101458 256.592987 -1.000000 -1.000000 0.225856
0 2 0.071606 0.200654 156.724197 -1.000000 -1.000000 0.094908
1 -1 0.027188 0.207869 132.126297 -1.000000 -1.000000 0.267456
0 0 0.126833 0.042137 182.640701 -1.000000 -1.000000 0.353522
2 -2 0.125704 0.090511 259.553589 -1.000000 -1.000000 0.396888
2 2 0.160022 0.200462 238.544998 -1.000000 -1.000000 0.242454
-4 0 0.063187 0.071339 157.303497 -1.000000 -1.000000 0.243941
0 -2 0.139128 0.153380 331.547089 -1.000000 -1.000000 0.038925
0 2 0.034001 0.158651 152.416000 -1.000000 -1.000000 0.091971
2 0 0.355023 0.052830 184.327393 -1.000000 -1.000000 0.238154
0 -2 0.108867 0.098962 272.685486 -1.000000 -1.000000 0.037945
2 0 0.035207 0.070710 150.239700 -1.000000 -1.000000 0.273390
1 0 0.505354 0.081906 442.019592 -1.000000 -1.000000 0.073630
1 2 0.258669 0.123671 191.744904 -1.000000 -1.000000 0.242865
2 2 0.086809 0.164241 241.814896 -1.000000 -1.000000 0.242323
0 1 0.062079 0.067753 154.896103 -1.000000 -1.000000 0.016619
2 0 0.158227 0.018672 124.823196 -1.000000 -1.000000 0.240983
2 0 0.124301 0.028741 132.389603 -1.000000 -1.000000 0.266218
2 2 0.308211 0.233933 317.979889 -1.000000 -1.000000 0.416347
0 2 0.020489 0.155784 187.549393 -1.000000 -1.000000 0.162790
0 2 0.029684 0.167257 199.367996 -1.000000 -1.000000 0.226677
1 0 0.208601 0.053101 209.324707 -1.000000 -1.000000 0.244454
0 0 0.047955 0.081076 128.043106 -1.000000 -1.000000 0.091752
0 1 0.023721 0.506757 208.631195 -1.000000 -1.000000 0.401693
2 2 0.140346 0.285626 203.317993 -1.000000 -1.000000 0.230155
1 2 0.067565 0.283152 294.147705 -1.000000 -1.000000 0.221507
1 0 0.222897 0.039034 215.681107 -1.000000 -1.000000 0.173578
0 0 0.115140 0.138950 137.093597 -1.000000 -1.000000 0.262833
-5 0 0.074198 0.158846 320.118988 -1.000000 -1.000000 0.236984
0 1 0.019105 0.374574 167.699203 -1.000000 -1.000000 0.265347
0 -2 0.033229 0.191516 167.939407 -1.000000 -1.000000 0.198978
0 1 0.203610 0.219074 176.015198 -1.000000 -1.000000 0.253944
0 2 0.142210 0.202665 192.289703 -1.000000 -1.000000 0.240393
0 2 0.044751 0.090814 176.862595 -1.000000 -1.000000 0.092856
0 2 0.021753 0.274495 175.815094 -1.000000 -1.000000 0.240862
0 0 0.234227 0.057600 150.591293 -1.000000 -1.000000 0.020432
2 2 0.215712 0.201215 356.534302 -1.000000 -1.000000 0.403514
-3 0 0.111398 0.056990 171.216293 -1.000000 -1.000000 0.235354
0 2 0.040651 0.122885 136.151093 -1.000000 -1.000000 0.225464
2 0 0.308819 0.051411 162.083801 -1.000000 -1.000000 0.242738
0 0 0.287663 0.009911 169.397507 -1.000000 -1.000000 0.118358
1 2 0.301116 0.077445 288.855103 -1.000000 -1.000000 0.268444
-4 0 0.179675 0.099919 188.693497 -1.000000 -1.000000 0.251037
0 1 0.047193 0.125685 137.171494 -1.000000 -1.000000 0.210764
0 2 0.106969 0.019331 118.905800 -1.000000 -1.000000 0.291932
-1 0 0.148159 0.071888 217.435898 -1.000000 -1.000000 0.350869
0 0 0.080538 0.055630 151.367096 -1.000000 -1.000000 0.219682
3 2 0.104537 0.029865 143.564697 -1.000000 -1.000000 0.008618
1 0 0.109135 0.230348 161.977203 -1.000000 -1.000000 0.250567
3 1 0.197907 0.164484 138.741394 -1.000000 -1.000000 0.239441
0 2 0.189374 0.099322 240.965897 -1.000000 -1.000000 0.042052
0 2 0.144599 0.064022 164.540802 -1.000000 -1.000000 0.255295
2 0 0.238459 0.030398 141.881805 -1.000000 -1.000000 0.263222
1 2 0.188628 0.435680 132.822693 -1.000000 -1.000000 0.142434
-3 0 0.056785 0.179302 167.892807 -1.000000 -1.000000 0.264683
1 0 0.206412 0.126997 287.051605 -1.000000 -1.000000 0.239371
2 0 0.210969 0.053613 132.236298 -1.000000 -1.000000 0.271240
1 3 0.210690 0.031348 237.279495 -1.000000 -1.000000 0.247768
0 0 0.044766 0.088270 159.762405 -1.000000 -1.000000 0.219549
2 2 0.144569 0.057860 198.115097 -1.000000 -1.000000 0.332869
0 -3 0.285966 0.031468 205.234406 -1.000000 -1.000000 0.224705
2 1 0.124329 0.063782 187.295502 -1.000000 -1.000000 0.012382
2 3 0.284531 0.049037 180.209106 -1.000000 -1.000000 0.251215
2 2 0.050287 0.226055 163.701096 -1.000000 -1.000000 0.041494
0 2 0.066695 0.176952 292.139496 -1.000000 -1.000000 0.144355
2 1 0.329732 0.070789 266.729797 -1.000000 -1.000000 0.329016
1 0 0.361552 0.068024 150.071396 -1.000000 -1.000000 0.011361
2 2 0.220398 0.098495 180.796494 -1.000000 -1.000000 0.216160
2 0 0.307339 0.027400 172.815002 -1.000000 -1.000000 0.199054
0 2 0.091904 0.104896 241.799606 -1.000000 -1.000000 0.230011
2 0 0.274374 0.108152 182.810104 -1.000000 -1.000000 0.010975
2 0 0.245553 0.116712 478.357513 -1.000000 -1.000000 0.242851
0 1 0.143992 0.039845 164.600403 -1.000000 -1.000000 0.264377
0 2 0.023177 0.148859 166.130905 -1.000000 -1.000000 0.270941
0 1 0.046074 0.214276 172.642105 -1.000000 -1.000000 0.371340
0 2 0.084343 0.302375 126.123299 -1.000000 -1.000000 0.039651
0 2 0.016381 0.223958 144.102402 -1.000000 -1.000000 0.278180
2 0 0.423748 0.035439 231.598297 -1.000000 -1.000000 0.365808
1 3 0.513804 0.061602 159.839600 -1.000000 -1.000000 0.244404
2 -1 0.326865 0.014833 209.960205 -1.000000 -1.000000 0.012055
0 1 0.148734 0.052562 224.630295 -1.000000 -1.000000 0.367972
2 1 0.275291 0.245755 174.846893 -1.000000 -1.000000 0.275478
0 0 0.124609 0.060005 150.335800 -1.000000 -1.000000 0.148482
1 0 0.104896 0.092801 296.793701 -1.000000 -1.000000 0.238814
1 2 0.301175 0.061122 268.680908 -1.000000 -1.000000 0.227971
2 2 0.113586 0.284001 233.179398 -1.000000 -1.000000 0.094815
0 0 0.067315 0.073320 178.789505 -1.000000 -1.000000 0.121737
2 0 0.132659 0.178573 333.930603 -1.000000 -1.000000 0.064642
2 0 0.176709 0.022682 157.889404 -1.000000 -1.000000 0.250670
0 2 0.155487 0.149003 152.149200 -1.000000 -1.000000 0.026537
0 2 0.049258 0.168402 221.720795 -1.000000 -1.000000 0.266237
0 1 0.095525 0.061280 191.235199 -1.000000 -1.000000 0.243178
0 4 0.100090 0.023420 124.274399 -1.000000 -1.000000 0.231977
0 0 0.030879 0.078702 150.574799 -1.000000 -1.000000 0.238917
-3 2 0.156645 0.099067 196.513107 -1.000000 -1.000000 0.243244
0 2 0.047005 0.278690 207.600098 -1.000000 -1.000000 0.263547
1 1 0.072717 0.585811 217.740997 -1.000000 -1.000000 0.261260
1 2 0.109138 0.062805 193.650497 -1.000000 -1.000000 0.143431
0 1 0.058184 0.059585 184.657394 -1.000000 -1.000000 0.263893
1 0 0.406563 0.075425 360.819092 -1.000000 -1.000000 0.245691
2 2 0.220194 0.297567 392.915985 -1.000000 -1.000000 0.127205
1 0 0.514113 0.050786 367.290894 -1.000000 -1.000000 0.174734
2 0 0.387780 0.053960 217.860901 -1.000000 -1.000000 0.242146
2 1 0.168874 0.213080 351.987396 -1.000000 -1.000000 0.214536
2 -1 0.386805 0.060394 309.106110 -1.000000 -1.000000 0.306933
0 2 0.017075 0.333618 144.041199 -1.000000 -1.000000 0.239308
1 0 0.129876 0.028547 146.488495 -1.000000 -1.000000 0.343708
-2 -1 0.056352 0.133457 231.422806 -1.000000 -1.000000 0.367250
1 0 0.025360 0.430254 182.888397 -1.000000 -1.000000 0.235015
0 2 0.060913 0.053267 129.760895 -1.000000 -1.000000 0.126598
2 2 0.356557 0.012649 153.383301 -1.000000 -1.000000 0.248136
1 1 0.199873 0.053824 197.018402 -1.000000 -1.000000 0.225160
1 0 0.041565 0.136689 200.726898 -1.000000 -1.000000 0.093053
0 0 0.048542 0.092264 131.697693 -1.000000 -1.000000 0.215566
0 2 0.109474 0.328305 296.375793 -1.000000 -1.000000 0.020497
0 2 0.047811 0.591016 345.994812 -1.000000 -1.000000 0.203765
1 0 0.157085 0.075998 126.200897 -1.000000 -1.000000 0.221899
0 2 0.121977 0.084413 229.202805 -1.000000 -1.000000 0.361573
1 0 0.091714 0.227627 209.427795 -1.000000 -1.000000 0.279668
2 1 0.200520 0.346889 175.754395 -1.000000 -1.000000 0.012797
0 2 0.084649 0.178500 216.787994 -1.000000 -1.000000 0.225319
2 1 0.371366 0.044769 195.252899 -1.000000 -1.000000 0.243063
0 0 0.455708 0.049006 226.455002 -1.000000 -1.000000 0.073066
0 2 0.073277 0.169820 190.070297 -1.000000 -1.000000 0.280212
0 2 0.087683 0.120088 226.204895 -1.000000 -1.000000 0.012790
2 0 0.126641 0.187344 297.703796 -1.000000 -1.000000 0.313231
1 -4 0.333940 0.051111 130.774902 -1.000000 -1.000000 0.245840
2 2 0.051904 0.217530 219.257294 -1.000000 -1.000000 0.237570
0 1 0.026753 0.263849 186.373001 -1.000000 -1.000000 0.258124
2 1 0.174755 0.179623 386.856598 -1.000000 -1.000000 0.161969
0 2 0.057854 0.307118 143.108093 -1.000000 -1.000000 0.310628
2 0 0.276791 0.017041 152.059006 -1.000000 -1.000000 0.013986
1 0 0.335117 0.036534 230.276703 -1.000000 -1.000000 0.367799
2 0 0.359499 0.111578 460.870697 -1.000000 -1.000000 0.378079
2 0 0.264524 0.033758 148.470001 -1.000000 -1.000000 0.313948
0 2 0.014273 0.180363 142.345901 -1.000000 -1.000000 0.245604
-3 0 0.053691 0.220552 195.270294 -1.000000 -1.000000 0.240933
2 2 0.117639 0.361405 376.671600 -1.000000 -1.000000 0.010118
2 2 0.077041 0.292312 207.218796 -1.000000 -1.000000 0.216730
1 2 0.028491 0.226139 148.837997 -1.000000 -1.000000 0.269660
0 2 0.061759 0.243895 158.465607 -1.000000 -1.000000 0.242863
0 2 0.005998 0.268834 164.375793 -1.000000 -1.000000 0.082142
2 0 0.188992 0.037388 161.643799 -1.000000 -1.000000 0.259186
-1 1 0.082025 0.091806 173.843704 -1.000000 -1.000000 0.091751
2 0 0.215401 0.065046 381.264801 -1.000000 -1.000000 0.230805
-4 0 0.095578 0.200656 315.038086 -1.000000 -1.000000 0.242779
1 0 0.195361 0.145515 445.326202 -1.000000 -1.000000 0.228073
-2 0 0.266035 0.014493 158.417496 -1.000000 -1.000000 0.309186
-3 0 0.208369 0.054455 133.121399 -1.000000 -1.000000 0.255889
-1 0 0.104933 0.132585 234.941498 -1.000000 -1.000000 0.266203
1 0 0.188889 0.028489 209.038101 -1.000000 -1.000000 0.194089
-4 0 0.099925 0.108253 199.540298 -1.000000 -1.000000 0.239469
0 2 0.059459 0.237004 302.497314 -1.000000 -1.000000 0.229601
2 0 0.096318 0.390702 322.005493 -1.000000 -1.000000 0.257874
0 3 0.173877 0.050406 142.512497 -1.000000 -1.000000 0.270359
0 2 0.009593 0.314206 125.270103 -1.000000 -1.000000 0.144307
0 2 0.079792 0.233653 161.549194 -1.000000 -1.000000 0.244370
0 3 0.209819 0.085167 257.364899 -1.000000 -1.000000 0.239722
0 0 0.177625 0.043912 187.905807 -1.000000 -1.000000 0.205396
-2 2 0.110677 0.157199 190.294296 -1.000000 -1.000000 0.235017
2 -2 0.120421 0.119741 278.473206 -1.000000 -1.000000 0.243184
1 2 0.222349 0.207404 604.820618 -1.000000 -1.000000 0.280529
0 2 0.062947 0.111842 124.251602 -1.000000 -1.000000 0.246783
2 0 0.281607 0.015179 124.388603 -1.000000 -1.000000 0.217684
1 0 0.088155 0.047007 206.783905 -1.000000 -1.000000 0.247646
2 0 0.066654 0.054244 120.010101 -1.000000 -1.000000 0.046488
-3 1 0.043222 0.253270 253.079407 -1.000000 -1.000000 0.266537
0 0 0.029455 0.125852 143.219604 -1.000000 -1.000000 0.276388
0 4 0.050482 0.054319 127.663597 -1.000000 -1.000000 0.242670
-1 1 0.056351 0.425274 224.030502 -1.000000 -1.000000 0.273907
5 -1 0.246939 0.099393 363.560486 -1.000000 -1.000000 0.262276
2 0 0.241878 0.015728 186.461807 -1.000000 -1.000000 0.118183
-4 -5 0.202373 0.027587 199.218002 -1.000000 -1.000000 0.357129
1 2 0.197491 0.044531 203.723007 -1.000000 -1.000000 0.167421
0 2 0.103126 0.031057 158.781097 -1.000000 -1.000000 0.008882
1 0 0.104266 0.058853 134.570694 -1.000000 -1.000000 0.403146
2 2 0.046684 0.490485 161.159607 -1.000000 -1.000000 0.244537
2 2 0.080736 0.193035 159.071198 -1.000000 -1.000000 0.265985
1 1 0.067653 0.208539 184.341904 -1.000000 -1.000000 0.072303
1 2 0.409567 0.041711 322.406586 -1.000000 -1.000000 0.343987
2 0 0.276904 0.093196 265.028992 -1.000000 -1.000000 0.073586
0 0 0.095206 0.108108 144.718094 -1.000000 -1.000000 0.336776
0 -1 0.093025 0.020294 129.443497 -1.000000 -1.000000 0.265276
1 2 0.191351 0.100413 290.339600 -1.000000 -1.000000 0.268666
0 2 0.045118 0.155898 144.244202 -1.000000 -1.000000 0.239542
0 1 0.091049 0.111238 180.294205 -1.000000 -1.000000 0.271398
0 -3 0.010253 0.270981 174.666794 -1.000000 -1.000000 0.251426
0 2 0.017661 0.351001 176.334106 -1.000000 -1.000000 0.242903
1 2 0.118042 0.081947 146.259796 -1.000000 -1.000000 0.261116
0 1 0.029183 0.199087 165.729904 -1.000000 -1.000000 0.143301
3 1 0.267729 0.079703 176.294296 -1.000000 -1.000000 0.239484
-1 2 0.035822 0.385379 251.643997 -1.000000 -1.000000 0.241719
-2 0 0.113879 0.155719 277.163208 -1.000000 -1.000000 0.274834
4 0 0.152858 0.021972 117.229698 -1.000000 -1.000000 0.154026
-2 2 0.067842 0.402346 208.161194 -1.000000 -1.000000 0.028720
0 5 0.052325 0.152905 209.166306 -1.000000 -1.000000 0.011604
0 1 0.152675 0.172713 237.108505 -1.000000 -1.000000 0.257982
0 1 0.029352 0.208463 155.597900 -1.000000 -1.000000 0.269843
0 2 0.029179 0.219328 172.048599 -1.000000 -1.000000 0.221099
2 -2 0.068035 0.281143 173.072998 -1.000000 -1.000000 0.276012
2 -1 0.099287 0.089532 168.689102 -1.000000 -1.000000 0.259994
1 2 0.395695 0.436868 216.844406 -1.000000 -1.000000 0.241975
2 -1 0.282074 0.068103 146.477402 -1.000000 -1.000000 0.265094
0 0 0.032282 0.114660 114.359596 -1.000000 -1.000000 0.269286
2 1 0.057912 0.282871 190.119400 -1.000000 -1.000000 0.245691
2 0 0.309219 0.020658 228.485596 -1.000000 -1.000000 0.212881
-4 0 0.293624 0.010741 131.553604 -1.000000 -1.000000 0.231527
0 1 0.072873 0.250643 204.069107 -1.000000 -1.000000 0.406725
0 0 0.109415 0.085594 172.156601 -1.000000 -1.000000 0.260674
-2 2 0.022871 0.294255 346.518707 -1.000000 -1.000000 0.265672
-3 3 0.102789 0.164655 452.382385 -1.000000 -1.000000 0.349383
0 2 0.058502 0.294461 273.247406 -1.000000 -1.000000 0.307173
1 0 0.460051 0.021104 150.011902 -1.000000 -1.000000 0.265833
0 2 0.020173 0.321055 154.541702 -1.000000 -1.000000 0.241020
0 -2 0.110190 0.095077 282.479614 -1.000000 -1.000000 0.267333
2 0 0.168486 0.073571 119.681602 -1.000000 -1.000000 0.213473
0 -2 0.056487 0.052265 124.026802 -1.000000 -1.000000 0.071775
2 0 0.063566 0.091802 249.568298 -1.000000 -1.000000 0.258764
0 -4 0.057947 0.085218 151.655197 -1.000000 -1.000000 0.226999
1 4 0.294322 0.022267 167.400406 -1.000000 -1.000000 0.225048
0 2 0.053375 0.394549 231.213806 -1.000000 -1.000000 0.244030
-1 2 0.105144 0.123683 268.823608 -1.000000 -1.000000 0.249228
3 1 0.099613 0.168667 298.124786 -1.000000 -1.000000 0.258177
0 2 0.030821 0.228711 172.745605 -1.000000 -1.000000 0.331039
2 1 0.164584 0.159914 223.520096 -1.000000 -1.000000 0.245393
2 -3 0.148537 0.047268 121.305298 -1.000000 -1.000000 0.275695
0 1 0.052455 0.317700 371.264404 -1.000000 -1.000000 0.263993
0 1 0.145303 0.113001 314.697815 -1.000000 -1.000000 0.235069
2 2 0.175396 0.087229 268.921692 -1.000000 -1.000000 0.166537
0 2 0.019682 0.430536 145.810806 -1.000000 -1.000000 0.270437
1 0 0.300854 0.084896 235.503494 -1.000000 -1.000000 0.268218
5 0 0.125134 0.020902 142.039307 -1.000000 -1.000000 0.271454
1 2 0.207612 0.048317 150.101501 -1.000000 -1.000000 0.120537
2 0 0.081372 0.038871 130.667404 -1.000000 -1.000000 0.123651
0 2 0.018055 0.450624 160.177994 -1.000000 -1.000000 0.235770
3 0 0.131936 0.019277 143.063202 -1.000000 -1.000000 0.358349
2 0 0.212184 0.027205 219.477203 -1.000000 -1.000000 0.248509
0 1 0.023826 0.388186 196.346497 -1.000000 -1.000000 0.417550
0 -3 0.056360 0.087338 152.841202 -1.000000 -1.000000 0.245979
-1 0 0.113206 0.094613 176.260300 -1.000000 -1.000000 0.243590
0 1 0.200570 0.078411 233.913498 -1.000000 -1.000000 0.011894
2 1 0.463594 0.151249 259.170807 -1.000000 -1.000000 0.095659
1 2 0.280256 0.059295 193.393097 -1.000000 -1.000000 0.273274
1 3 0.427267 0.038857 220.912598 -1.000000 -1.000000 0.174822
1 0 0.121222 0.135724 249.203598 -1.000000 -1.000000 0.249724
0 -2 0.042304 0.160076 262.061493 -1.000000 -1.000000 0.257310
0 2 0.138383 0.422491 319.352295 -1.000000 -1.000000 0.220616
0 1 0.071837 0.193605 173.692307 -1.000000 -1.000000 0.231913
-2 2 0.055757 0.460339 171.961395 -1.000000 -1.000000 0.258274
1 2 0.077697 0.195774 219.933197 -1.000000 -1.000000 0.354550
0 2 0.038972 0.316962 261.784698 -1.000000 -1.000000 0.273670
0 2 0.089825 0.118535 173.249802 -1.000000 -1.000000 0.240337
0 2 0.009939 0.534242 157.216904 -1.000000 -1.000000 0.253788
0 0 0.068215 0.173879 166.471207 -1.000000 -1.000000 0.274774
1 2 0.193467 0.280485 205.454102 -1.000000 -1.000000 0.272997
-2 0 0.047051 0.154166 240.956802 -1.000000 -1.000000 0.192849
0 -1 0.109258 0.245516 150.153107 -1.000000 -1.000000 0.251783
1 0 0.304235 0.057712 256.342499 -1.000000 -1.000000 0.225682
0 1 0.070878 0.150598 249.460495 -1.000000 -1.000000 0.233451
2 0 0.244116 0.069534 225.540298 -1.000000 -1.000000 0.237111
1 0 0.179179 0.060018 216.261505 -1.000000 -1.000000 0.265184
-1 0 0.086925 0.024148 155.863297 -1.000000 -1.000000 0.040082
2 0 0.156303 0.139714 155.889008 -1.000000 -1.000000 0.067677
1 -1 0.464199 0.075260 439.671814 -1.000000 -1.000000 0.256368
1 0 0.115521 0.040971 171.046600 -1.000000 -1.000000 0.235919
2 1 0.255513 0.030809 172.475098 -1.000000 -1.000000 0.197174
0 2 0.012060 0.297031 142.382599 -1.000000 -1.000000 0.258096
0 2 0.052420 0.286798 219.420303 -1.000000 -1.000000 0.169822
1 0 0.413544 0.029767 172.713394 -1.000000 -1.000000 0.306653
1 2 0.262857 0.102947 230.502502 -1.000000 -1.000000 0.195192
0 1 0.168681 0.084159 176.667404 -1.000000 -1.000000 0.222084
0 -4 0.070135 0.064241 219.137299 -1.000000 -1.000000 0.074041
2 -2 0.059821 0.072973 114.392700 -1.000000 -1.000000 0.215070
2 0 0.089022 0.105924 101.105202 -1.000000 -1.000000 0.011509
2 0 0.291195 0.022930 160.112305 -1.000000 -1.000000 0.288926
2 2 0.133331 0.305858 217.230804 -1.000000 -1.000000 0.273648
1 0 0.260749 0.040623 266.052307 -1.000000 -1.000000 0.011552
2 2 0.509139 0.179847 227.130096 -1.000000 -1.000000 0.304500
1 2 0.139865 0.291582 208.184601 -1.000000 -1.000000 0.234113
0 -3 0.144173 0.089306 154.211197 -1.000000 -1.000000 0.256082
-1 0 0.097476 0.113110 232.126602 -1.000000 -1.000000 0.054230
1 1 0.248095 0.239699 187.992798 -1.000000 -1.000000 0.118660
0 -2 0.035029 0.190881 194.341507 -1.000000 -1.000000 0.247768
2 -1 0.514843 0.088263 149.462402 -1.000000 -1.000000 0.246544
0 1 0.078909 0.325371 272.541595 -1.000000 -1.000000 0.279431
0 -3 0.015679 0.258398 190.932602 -1.000000 -1.000000 0.265599
2 1 0.206877 0.108604 172.208496 -1.000000 -1.000000 0.405558
2 0 0.505411 0.085225 215.262497 -1.000000 -1.000000 0.308712
1 2 0.035720 0.213819 150.147095 -1.000000 -1.000000 0.102815
3 2 0.082491 0.443707 158.304794 -1.000000 -1.000000 0.259595
2 2 0.178834 0.254966 230.078796 -1.000000 -1.000000 0.235662
2 0 0.601211 0.012313 130.212708 -1.000000 -1.000000 0.275307
0 1 0.292130 0.221704 146.585800 -1.000000 -1.000000 0.257786
1 0 0.285952 0.007962 134.644608 -1.000000 -1.000000 0.263472
1 0 0.193449 0.041837 234.744598 -1.000000 -1.000000 0.254380
2 2 0.105166 0.173959 172.131104 -1.000000 -1.000000 0.143293
2 2 0.093651 0.159937 170.007797 -1.000000 -1.000000 0.408651
0 1 0.014582 0.321268 184.112793 -1.000000 -1.000000 0.261461
0 1 0.115465 0.394995 614.550171 -1.000000 -1.000000 0.013240
0 1 0.070733 0.266713 506.612701 -1.000000 -1.000000 0.211061
0 -3 0.120667 0.110716 165.863800 -1.000000 -1.000000 0.081019
-1 3 0.080266 0.089921 161.617493 -1.000000 -1.000000 0.242357
-1 0 0.072652 0.062020 160.911804 -1.000000 -1.000000 0.027277
2 0 0.103436 0.090914 132.547501 -1.000000 -1.000000 0.256298
0 2 0.119537 0.144331 150.839798 -1.000000 -1.000000 0.228722
0 2 0.137887 0.339325 172.181396 -1.000000 -1.000000 0.265314
0 0 0.301922 0.215060 292.168396 -1.000000 -1.000000 0.233368
1 0 0.131179 0.029444 160.671295 -1.000000 -1.000000 0.251576
2 0 0.106184 0.040053 139.076904 -1.000000 -1.000000 0.170278
2 -4 0.083039 0.108873 191.230896 -1.000000 -1.000000 0.238086
0 -2 0.023792 0.263002 157.794403 -1.000000 -1.000000 0.266391
2 0 0.125783 0.055765 167.085205 -1.000000 -1.000000 0.298357
0 2 0.061727 0.222964 135.632797 -1.000000 -1.000000 0.137860
1 0 0.152730 0.046218 151.474304 -1.000000 -1.000000 0.226191
0 2 0.034946 0.148066 154.759598 -1.000000 -1.000000 0.342089
2 1 0.107808 0.189830 220.444107 -1.000000 -1.000000 0.170075
2 -3 0.472961 0.012339 201.939697 -1.000000 -1.000000 0.014641
0 1 0.062878 0.254438 152.414093 -1.000000 -1.000000 0.268676
0 2 0.020617 0.562436 252.283707 -1.000000 -1.000000 0.246100
-4 -3 0.125740 0.053939 241.819702 -1.000000 -1.000000 0.255523
0 0 0.030540 0.083507 118.873497 -1.000000 -1.000000 0.090669
1 2 0.143414 0.498313 221.946503 -1.000000 -1.000000 0.263393
1 -1 0.076689 0.094961 187.463699 -1.000000 -1.000000 0.272614
2 -1 0.121540 0.051267 175.351501 -1.000000 -1.000000 0.295183
0 -2 0.118247 0.075823 175.103195 -1.000000 -1.000000 0.246385
0 -1 0.033176 0.194007 159.803406 -1.000000 -1.000000 0.028589
2 1 0.232354 0.057228 214.544998 -1.000000 -1.000000 0.254047
0 2 0.061518 0.357732 330.046509 -1.000000 -1.000000 0.273637
2 2 0.072898 0.199285 270.059998 -1.000000 -1.000000 0.263770
2 0 0.263970 0.018242 163.809998 -1.000000 -1.000000 0.219720
-1 -2 0.060647 0.080145 136.389999 -1.000000 -1.000000 0.264281
5 0 0.136500 0.030059 144.418793 -1.000000 -1.000000 0.061776
0 1 0.066722 0.313867 174.654404 -1.000000 -1.000000 0.213969
2 0 0.038703 0.119032 192.568695 -1.000000 -1.000000 0.010869
2 0 0.187834 0.040314 166.305695 -1.000000 -1.000000 0.251240
0 1 0.028655 0.234457 203.300507 -1.000000 -1.000000 0.408070
4 1 0.107337 0.114053 246.167206 -1.000000 -1.000000 0.261229
0 1 0.012809 0.340916 187.167801 -1.000000 -1.000000 0.266961
2 -3 0.154178 0.066993 187.575607 -1.000000 -1.000000 0.194756
1 -2 0.075993 0.148782 186.310501 -1.000000 -1.000000 0.267633
2 0 0.125839 0.084711 193.696793 -1.000000 -1.000000 0.289194
2 1 0.250231 0.018872 189.191193 -1.000000 -1.000000 0.266570
2 0 0.251464 0.013708 145.000397 -1.000000 -1.000000 0.269038
1 -1 0.051179 0.344489 153.718399 -1.000000 -1.000000 0.219246
0 2 0.072844 0.181628 188.830200 -1.000000 -1.000000 0.222134
2 1 0.314393 0.170644 160.588806 -1.000000 -1.000000 0.240457
2 0 0.145006 0.386470 297.994904 -1.000000 -1.000000 0.221033
0 2 0.063553 0.172640 180.925598 -1.000000 -1.000000 0.143906
3 1 0.166045 0.046790 141.512207 -1.000000 -1.000000 0.269308
0 1 0.058167 0.361139 253.809692 -1.000000 -1.000000 0.367045
2 0 0.082639 0.104359 231.543396 -1.000000 -1.000000 0.259674
2 0 0.203183 0.020293 137.668503 -1.000000 -1.000000 0.115304
0 2 0.028797 0.271975 119.830399 -1.000000 -1.000000 0.412078
-4 1 0.021221 0.120058 132.656601 -1.000000 -1.000000 0.243111
1 -2 0.049752 0.102715 209.921906 -1.000000 -1.000000 0.325219
0 1 0.073924 0.341281 160.306305 -1.000000 -1.000000 0.244591
1 0 0.202037 0.029867 161.890305 -1.000000 -1.000000 0.247422
2 2 0.056541 0.232873 150.458496 -1.000000 -1.000000 0.259665
0 0 0.023175 0.143571 148.945007 -1.000000 -1.000000 0.233358
2 0 0.189494 0.021677 173.796005 -1.000000 -1.000000 0.237269
1 0 0.171774 0.165085 185.984894 -1.000000 -1.000000 0.246468
0 1 0.073021 0.291730 160.028595 -1.000000 -1.000000 0.241814
0 2 0.096958 0.112210 232.507004 -1.000000 -1.000000 0.173735
1 -1 0.113594 0.040679 189.998306 -1.000000 -1.000000 0.230756
1 2 0.149973 0.069629 159.095795 -1.000000 -1.000000 0.266127
1 0 0.278018 0.065156 196.752594 -1.000000 -1.000000 0.233814
0 1 0.070455 0.167781 191.576797 -1.000000 -1.000000 0.039175
1 2 0.194840 0.149614 213.993301 -1.000000 -1.000000 0.241631
3 0 0.165320 0.010747 127.727501 -1.000000 -1.000000 0.230327
2 0 0.490218 0.046448 278.524414 -1.000000 -1.000000 0.268709
2 2 0.323745 0.336568 396.086487 -1.000000 -1.000000 0.260430
1 1 0.085534 0.182046 213.247604 -1.000000 -1.000000 0.164994
2 0 0.411754 0.065004 152.029404 -1.000000 -1.000000 0.361949
0 2 0.197068 0.066540 316.904510 -1.000000 -1.000000 0.073560
2 0 0.109210 0.081943 144.471207 -1.000000 -1.000000 0.012253
1 2 0.226637 0.163092 173.063995 -1.000000 -1.000000 0.249240
-3 2 0.094252 0.085794 213.475403 -1.000000 -1.000000 0.258979
0 1 0.076834 0.118136 235.942596 -1.000000 -1.000000 0.119502
1 0 0.221074 0.039541 180.663696 -1.000000 -1.000000 0.242590
0 2 0.118836 0.363280 304.877197 -1.000000 -1.000000 0.331745
2 0 0.170434 0.027874 141.411606 -1.000000 -1.000000 0.232673
0 2 0.181341 0.174192 224.142197 -1.000000 -1.000000 0.277064
0 1 0.018989 0.260526 142.238007 -1.000000 -1.000000 0.239893
1 2 0.042905 0.094254 154.777695 -1.000000 -1.000000 0.243505
2 1 0.241115 0.059651 205.670197 -1.000000 -1.000000 0.275890
2 0 0.205707 0.231612 452.295410 -1.000000 -1.000000 0.260805
-3 0 0.126919 0.079618 204.209900 -1.000000 -1.000000 0.267624
0 2 0.068415 0.117587 167.345596 -1.000000 -1.000000 0.143475
0 2 0.060778 0.123699 148.907593 -1.000000 -1.000000 0.258868
3 0 0.065257 0.200744 203.109406 -1.000000 -1.000000 0.212615
2 0 0.158147 0.145878 157.037994 -1.000000 -1.000000 0.121059
-2 0 0.056685 0.134487 150.851105 -1.000000 -1.000000 0.135954
0 0 0.086999 0.142140 173.719894 -1.000000 -1.000000 0.242937
1 2 0.014847 0.294107 138.844406 -1.000000 -1.000000 0.230298
2 0 0.224528 0.011056 174.697906 -1.000000 -1.000000 0.271898
2 0 0.422794 0.035332 301.035797 -1.000000 -1.000000 0.268683
2 1 0.082491 0.373519 380.961487 -1.000000 -1.000000 0.240601
2 0 0.099228 0.018000 132.160294 -1.000000 -1.000000 0.211968
2 0 0.069595 0.059504 133.102295 -1.000000 -1.000000 0.260552
1 2 0.213427 0.114703 289.469299 -1.000000 -1.000000 0.363692
1 0 0.223116 0.021342 165.147995 -1.000000 -1.000000 0.220147
2 0 0.112936 0.062432 145.017303 -1.000000 -1.000000 0.242923
0 2 0.074364 0.072275 135.964600 -1.000000 -1.000000 0.191310
1 0 0.127683 0.064032 137.643005 -1.000000 -1.000000 0.248928
0 2 0.080301 0.178922 154.718201 -1.000000 -1.000000 0.259104
2 0 0.450171 0.060195 406.407013 -1.000000 -1.000000 0.370543
2 0 0.327477 0.019009 196.557098 -1.000000 -1.000000 0.028487
0 2 0.057451 0.362005 244.535797 -1.000000 -1.000000 0.071108
2 2 0.027923 0.279585 179.922607 -1.000000 -1.000000 0.268454
0 -5 0.247392 0.068848 474.593903 -1.000000 -1.000000 0.260448
2 2 0.504878 0.284397 1002.361023 -1.000000 -1.000000 0.216305
2 0 0.263049 0.010270 129.333496 -1.000000 -1.000000 0.246498
2 -2 0.111110 0.065587 156.053101 -1.000000 -1.000000 0.240414
0 1 0.100990 0.218127 190.670898 -1.000000 -1.000000 0.101102
2 0 0.145037 0.053636 194.044693 -1.000000 -1.000000 0.053844
1 0 0.122986 0.029214 122.661797 -1.000000 -1.000000 0.267277
0 0 0.184952 0.034545 182.140900 -1.000000 -1.000000 0.257496
2 0 0.197693 0.025740 158.504700 -1.000000 -1.000000 0.027952
1 0 0.077463 0.075906 142.780304 -1.000000 -1.000000 0.241453
2 1 0.129959 0.019779 120.540100 -1.000000 -1.000000 0.233788
-1 0 0.134253 0.140943 184.093597 -1.000000 -1.000000 0.235794
-3 2 0.074523 0.106030 171.912094 -1.000000 -1.000000 0.403380
-2 2 0.030210 0.131165 158.330597 -1.000000 -1.000000 0.396502
-1 0 0.023735 0.152132 179.883698 -1.000000 -1.000000 0.240469
1 0 0.109907 0.032201 184.042099 -1.000000 -1.000000 0.316922
0 0 0.185248 0.043718 155.054901 -1.000000 -1.000000 0.020669
2 0 0.060618 0.056802 144.240295 -1.000000 -1.000000 0.236280
2 1 0.071230 0.352390 212.644302 -1.000000 -1.000000 0.226978
3 2 0.043667 0.233067 176.831604 -1.000000 -1.000000 0.269214
0 -1 0.090572 0.027225 129.340500 -1.000000 -1.000000 0.072029
2 -1 0.587731 0.038131 292.132996 -1.000000 -1.000000 0.243619
1 -1 0.060192 0.148626 260.501007 -1.000000 -1.000000 0.251715
2 0 0.414962 0.097455 217.808395 -1.000000 -1.000000 0.234884
0 2 0.037872 0.211980 191.615204 -1.000000 -1.000000 0.271239
2 2 0.168950 0.293516 338.253693 -1.000000 -1.000000 0.212123
2 0 0.198310 0.173354 428.724915 -1.000000 -1.000000 0.213560
2 0 0.257180 0.026732 270.021606 -1.000000 -1.000000 0.020787
1 0 0.185793 0.019951 129.617798 -1.000000 -1.000000 0.271825
2 0 0.150488 0.076616 291.819000 -1.000000 -1.000000 0.255404
0 0 0.037884 0.140506 144.257507 -1.000000 -1.000000 0.135701
1 4 0.216165 0.048252 158.987503 -1.000000 -1.000000 0.270346
2 0 0.320319 0.102100 144.027298 -1.000000 -1.000000 0.172421
0 2 0.230088 0.339818 355.071014 -1.000000 -1.000000 0.020512
1 0 0.073546 0.247456 174.213394 -1.000000 -1.000000 0.260087
2 0 0.074499 0.076728 216.419907 -1.000000 -1.000000 0.254613
2 2 0.048702 0.261380 182.104401 -1.000000 -1.000000 0.265585
0 2 0.043732 0.103663 141.104004 -1.000000 -1.000000 0.234653
2 0 0.268130 0.371765 1005.741028 -1.000000 -1.000000 0.251177
0 3 0.080983 0.161599 150.120102 -1.000000 -1.000000 0.220430
-1 0 0.151111 0.052089 195.660400 -1.000000 -1.000000 0.266450
0 1 0.044257 0.110440 135.802399 -1.000000 -1.000000 0.393451
2 2 0.137448 0.077264 166.113297 -1.000000 -1.000000 0.408993
2 2 0.190663 0.202779 274.002899 -1.000000 -1.000000 0.417147
1 2 0.112603 0.050077 176.782394 -1.000000 -1.000000 0.239142
2 0 0.201265 0.048741 218.915405 -1.000000 -1.000000 0.246405
2 0 0.030992 0.304588 163.952499 -1.000000 -1.000000 0.247212
2 0 0.155989 0.128061 146.168198 -1.000000 -1.000000 0.355253
0 0 0.106105 0.081722 177.858002 -1.000000 -1.000000 0.171059
2 2 0.049667 0.400685 205.725998 -1.000000 -1.000000 0.377049
2 1 0.328075 0.061587 156.987701 -1.000000 -1.000000 0.305647
0 -2 0.095682 0.228376 172.805893 -1.000000 -1.000000 0.265361
5 2 0.106420 0.114403 179.815308 -1.000000 -1.000000 0.301499
1 2 0.022120 0.181789 165.731796 -1.000000 -1.000000 0.139956
0 -2 0.126783 0.215922 152.974594 -1.000000 -1.000000 0.245443
2 0 0.217403 0.032899 150.229507 -1.000000 -1.000000 0.257862
0 2 0.097672 0.142091 182.572601 -1.000000 -1.000000 0.268248
1 2 0.089181 0.178978 291.511505 -1.000000 -1.000000 0.168705
0 -3 0.037101 0.130660 169.644608 -1.000000 -1.000000 0.267159
2 3 0.127716 0.093756 163.299194 -1.000000 -1.000000 0.417418
0 -1 0.205323 0.036808 155.368698 -1.000000 -1.000000 0.295543
1 2 0.164623 0.037954 147.537994 -1.000000 -1.000000 0.040576
2 -3 0.178967 0.036935 150.069794 -1.000000 -1.000000 0.264866
-3 5 0.118208 0.075214 158.147705 -1.000000 -1.000000 0.239458
1 2 0.159471 0.029477 170.649597 -1.000000 -1.000000 0.231433
4 0 0.073103 0.123362 207.908905 -1.000000 -1.000000 0.238863
1 2 0.148251 0.171729 167.250595 -1.000000 -1.000000 0.380489
0 1 0.257617 0.218583 329.599091 -1.000000 -1.000000 0.276465
0 2 0.018018 0.243539 156.552307 -1.000000 -1.000000 0.012016
0 2 0.050151 0.073028 179.699905 -1.000000 -1.000000 0.260427
2 2 0.263029 0.029065 143.571793 -1.000000 -1.000000 0.272743
0 2 0.073210 0.134821 180.257202 -1.000000 -1.000000 0.014423
1 0 0.068932 0.038138 141.376297 -1.000000 -1.000000 0.278617
0 -1 0.068693 0.181914 164.710693 -1.000000 -1.000000 0.222728
0 0 0.058517 0.316591 146.101898 -1.000000 -1.000000 0.074587
-2 2 0.047576 0.168749 144.156097 -1.000000 -1.000000 0.331432
0 1 0.007861 0.222053 115.939598 -1.000000 -1.000000 0.220483
0 -1 0.066108 0.047993 124.904099 -1.000000 -1.000000 0.271335
-2 0 0.144935 0.052475 238.973602 -1.000000 -1.000000 0.228314
2 0 0.287966 0.019812 202.221405 -1.000000 -1.000000 0.270550
2 2 0.301495 0.170647 302.058502 -1.000000 -1.000000 0.271493
-5 2 0.066916 0.228590 223.590897 -1.000000 -1.000000 0.314234
2 0 0.229428 0.159312 273.295410 -1.000000 -1.000000 0.015091
0 2 0.060240 0.304864 178.552795 -1.000000 -1.000000 0.276281
2 -2 0.021516 0.314246 195.093903 -1.000000 -1.000000 0.240412
0 4 0.016820 0.259858 163.094894 -1.000000 -1.000000 0.020334
0 2 0.024073 0.690637 242.807404 -1.000000 -1.000000 0.082544
2 -4 0.233376 0.040063 173.332504 -1.000000 -1.000000 0.212634
-3 2 0.121596 0.047768 158.570801 -1.000000 -1.000000 0.240002
1 -1 0.066935 0.024674 121.123398 -1.000000 -1.000000 0.198559
2 0 0.419635 0.040063 164.776093 -1.000000 -1.000000 0.244714
0 -1 0.056136 0.139587 255.204193 -1.000000 -1.000000 0.266415
1 0 0.121756 0.092456 223.422195 -1.000000 -1.000000 0.361987
1 0 0.194509 0.106002 152.169006 -1.000000 -1.000000 0.276866
2 0 0.212205 0.105392 168.094406 -1.000000 -1.000000 0.172006
4 0 0.244027 0.096707 200.564102 -1.000000 -1.000000 0.092027
0 2 0.086915 0.442816 778.516785 -1.000000 -1.000000 0.272328
0 2 0.286356 0.190782 139.149597 -1.000000 -1.000000 0.165842
2 0 0.325661 0.127580 318.838715 -1.000000 -1.000000 0.116910
0 2 0.057544 0.199661 184.494705 -1.000000 -1.000000 0.214463
2 0 0.015770 0.164318 160.587402 -1.000000 -1.000000 0.265872
1 -3 0.213672 0.092903 307.962189 -1.000000 -1.000000 0.260857
1 2 0.149524 0.239401 185.644608 -1.000000 -1.000000 0.235420
-3 0 0.018415 0.271344 205.981003 -1.000000 -1.000000 0.242843
1 2 0.193772 0.213858 232.631302 -1.000000 -1.000000 0.244454
0 -2 0.099392 0.240038 201.064301 -1.000000 -1.000000 0.268069
2 4 0.209737 0.072758 284.040588 -1.000000 -1.000000 0.266676
2 2 0.115376 0.040812 125.367203 -1.000000 -1.000000 0.091596
0 0 0.018363 0.125051 158.446396 -1.000000 -1.000000 0.269079
2 -2 0.112429 0.171012 176.965607 -1.000000 -1.000000 0.272134
3 2 0.109596 0.572365 190.979294 -1.000000 -1.000000 0.095248
2 1 0.211219 0.033305 188.565002 -1.000000 -1.000000 0.017409
0 2 0.035639 0.332152 221.830597 -1.000000 -1.000000 0.226671
1 2 0.441905 0.108657 225.273804 -1.000000 -1.000000 0.028969
0 -1 0.159451 0.163242 181.014008 -1.000000 -1.000000 0.244951
0 2 0.020773 0.246804 159.813705 -1.000000 -1.000000 0.229100
3 -2 0.115226 0.154147 274.467407 -1.000000 -1.000000 0.235257
2 1 0.315673 0.079064 188.399796 -1.000000 -1.000000 0.109355
0 -2 0.039227 0.047038 99.347641 -1.000000 -1.000000 0.304665
2 1 0.259481 0.266431 488.413391 -1.000000 -1.000000 0.372002
2 0 0.156951 0.091587 246.249207 -1.000000 -1.000000 0.274936
0 2 0.052072 0.191674 147.038193 -1.000000 -1.000000 0.012691
0 0 0.054291 0.051929 149.242706 -1.000000 -1.000000 0.010111
2 0 0.163066 0.089359 153.407806 -1.000000 -1.000000 0.170423
2 0 0.463169 0.007462 191.971802 -1.000000 -1.000000 0.308644
0 1 0.023075 0.134431 196.648697 -1.000000 -1.000000 0.267234
0 2 0.064166 0.124011 171.796707 -1.000000 -1.000000 0.116282
0 2 0.267529 0.134491 393.333893 -1.000000 -1.000000 0.243234
2 2 0.284527 0.048207 225.724899 -1.000000 -1.000000 0.292034
0 2 0.047075 0.088204 127.861900 -1.000000 -1.000000 0.264495
0 0 0.080292 0.100454 136.643494 -1.000000 -1.000000 0.237794
1 1 0.087799 0.185374 337.340607 -1.000000 -1.000000 0.010826
1 0 0.214071 0.054430 257.645691 -1.000000 -1.000000 0.267665
-4 2 0.398832 0.170611 221.684402 -1.000000 -1.000000 0.264441
0 0 0.154279 0.124658 141.047607 -1.000000 -1.000000 0.265031
0 2 0.187939 0.075446 151.962097 -1.000000 -1.000000 0.352986
2 0 0.198709 0.061279 188.124695 -1.000000 -1.000000 0.163425
2 2 0.340860 0.126058 227.137299 -1.000000 -1.000000 0.224204
2 2 0.153747 0.156779 184.111603 -1.000000 -1.000000 0.217628
2 0 0.264204 0.026490 150.819504 -1.000000 -1.000000 0.254575
0 1 0.055312 0.174540 185.900497 -1.000000 -1.000000 0.260569
1 0 0.229870 0.125600 435.694305 -1.000000 -1.000000 0.248106
0 0 0.175624 0.079553 220.265793 -1.000000 -1.000000 0.120457
0 3 0.139464 0.070679 411.227203 -1.000000 -1.000000 0.195940
0 3 0.057501 0.108118 188.977997 -1.000000 -1.000000 0.275297
-2 2 0.037994 0.051128 157.337006 -1.000000 -1.000000 0.269453
0 0 0.135955 0.041876 134.459702 -1.000000 -1.000000 0.400448
1 1 0.166965 0.186591 213.815506 -1.000000 -1.000000 0.244630
1 0 0.078791 0.107090 158.934906 -1.000000 -1.000000 0.262639
2 0 0.487124 0.027427 215.343903 -1.000000 -1.000000 0.013181
0 3 0.071109 0.145885 195.758102 -1.000000 -1.000000 0.196414
-1 2 0.099454 0.102591 171.985306 -1.000000 -1.000000 0.265623
1 2 0.095978 0.262051 154.473495 -1.000000 -1.000000 0.308984
2 0 0.267903 0.186717 229.777405 -1.000000 -1.000000 0.279555
1 -4 0.054443 0.100462 134.744095 -1.000000 -1.000000 0.225604
0 1 0.048607 0.067292 141.330597 -1.000000 -1.000000 0.242362
0 1 0.098350 0.195261 268.848694 -1.000000 -1.000000 0.367306
2 0 0.218291 0.042058 179.552704 -1.000000 -1.000000 0.262494
2 0 0.565258 0.108928 580.410828 -1.000000 -1.000000 0.415126
2 1 0.290230 0.042072 183.408600 -1.000000 -1.000000 0.256451
-1 0 0.114562 0.142613 152.752808 -1.000000 -1.000000 0.269761
1 -1 0.201367 0.134319 187.017303 -1.000000 -1.000000 0.238184
0 2 0.049188 0.297956 166.439606 -1.000000 -1.000000 0.234415
-2 2 0.017912 0.457248 149.701401 -1.000000 -1.000000 0.248169
1 0 0.189469 0.106410 226.309494 -1.000000 -1.000000 0.015221
0 1 0.317992 0.121498 274.475189 -1.000000 -1.000000 0.054975
0 2 0.027068 0.275626 205.161697 -1.000000 -1.000000 0.236871
2 0 0.176366 0.081524 206.578598 -1.000000 -1.000000 0.237243
0 0 0.110834 0.057887 249.865494 -1.000000 -1.000000 0.242568
0 0 0.203208 0.051985 155.041901 -1.000000 -1.000000 0.253649
0 0 0.069181 0.190937 182.413696 -1.000000 -1.000000 0.274501
1 0 0.174944 0.095746 219.450302 -1.000000 -1.000000 0.405066
2 2 0.113550 0.148609 205.907898 -1.000000 -1.000000 0.166625
0 2 0.007827 0.119988 138.803604 -1.000000 -1.000000 0.236943
2 1 0.021695 0.168495 129.477203 -1.000000 -1.000000 0.094252
2 0 0.276272 0.051490 221.216599 -1.000000 -1.000000 0.248563
1 0 0.086871 0.103914 154.736496 -1.000000 -1.000000 0.244615
2 1 0.140091 0.306075 177.771606 -1.000000 -1.000000 0.230744
0 -3 0.060031 0.263415 160.923492 -1.000000 -1.000000 0.122902
0 -3 0.114920 0.079970 173.287598 -1.000000 -1.000000 0.027982
2 0 0.286682 0.060071 147.464798 -1.000000 -1.000000 0.161391
5 0 0.103175 0.084738 150.912903 -1.000000 -1.000000 0.230104
2 0 0.316609 0.016880 145.505402 -1.000000 -1.000000 0.273941
2 2 0.164156 0.072516 191.642593 -1.000000 -1.000000 0.238196
1 0 0.089277 0.096167 169.124893 -1.000000 -1.000000 0.314632
2 -2 0.094225 0.092194 180.805405 -1.000000 -1.000000 0.226137
-1 0 0.048113 0.131446 146.773407 -1.000000 -1.000000 0.356355
1 1 0.475422 0.160651 358.494690 -1.000000 -1.000000 0.225544
2 -3 0.145210 0.089948 254.028702 -1.000000 -1.000000 0.197481
-3 2 0.109106 0.109412 239.244995 -1.000000 -1.000000 0.259378
0 1 0.080731 0.210366 202.477707 -1.000000 -1.000000 0.269501
-3 0 0.102311 0.281041 261.731812 -1.000000 -1.000000 0.052881
0 -2 0.449471 0.037117 237.865997 -1.000000 -1.000000 0.010988
1 0 0.430610 0.100653 324.121094 -1.000000 -1.000000 0.273113
2 0 0.148428 0.015798 128.559494 -1.000000 -1.000000 0.167521
2 0 0.370569 0.070957 231.844101 -1.000000 -1.000000 0.225677
2 3 0.421868 0.115104 299.372986 -1.000000 -1.000000 0.017682
3 2 0.162042 0.133976 215.391495 -1.000000 -1.000000 0.249225
0 1 0.053314 0.204762 245.363602 -1.000000 -1.000000 0.237862
1 -3 0.151660 0.104834 280.768402 -1.000000 -1.000000 0.226558
0 2 0.009665 0.246042 116.040398 -1.000000 -1.000000 0.064961
-2 2 0.047395 0.082640 156.519699 -1.000000 -1.000000 0.243116
2 -2 0.243510 0.057275 328.390289 -1.000000 -1.000000 0.262712
0 2 0.013886 0.346727 139.515701 -1.000000 -1.000000 0.249607
2 0 0.283168 0.054838 159.040894 -1.000000 -1.000000 0.274515
2 0 0.316606 0.128804 281.977692 -1.000000 -1.000000 0.145869
1 0 0.312212 0.014254 180.494095 -1.000000 -1.000000 0.217678
2 0 0.215386 0.169213 412.971313 -1.000000 -1.000000 0.241726
-2 0 0.025788 0.278921 182.964996 -1.000000 -1.000000 0.273193
2 0 0.250233 0.039707 164.179199 -1.000000 -1.000000 0.247950
-2 2 0.123937 0.354649 152.676605 -1.000000 -1.000000 0.265306
0 -2 0.034713 0.110043 112.138901 -1.000000 -1.000000 0.036686
1 0 0.051859 0.037971 180.689896 -1.000000 -1.000000 0.266956
2 2 0.352235 0.070499 233.516907 -1.000000 -1.000000 0.269587
1 -1 0.203774 0.026137 186.120804 -1.000000 -1.000000 0.299917
0 2 0.034200 0.670980 405.619110 -1.000000 -1.000000 0.417273
0 -1 0.059696 0.052428 204.358200 -1.000000 -1.000000 0.090248
2 2 0.151133 0.123241 182.399002 -1.000000 -1.000000 0.240860
0 1 0.016703 0.291909 137.039398 -1.000000 -1.000000 0.200407
-2 0 0.181131 0.028750 194.235306 -1.000000 -1.000000 0.010846
-2 1 0.042658 0.206637 130.753006 -1.000000 -1.000000 0.168447
2 1 0.446156 0.139539 489.611389 -1.000000 -1.000000 0.104170
2 0 0.275862 0.088758 123.153198 -1.000000 -1.000000 0.251930
2 1 0.037839 0.177866 192.724899 -1.000000 -1.000000 0.250877
2 0 0.084038 0.131626 163.448898 -1.000000 -1.000000 0.269874
-4 2 0.117918 0.231519 194.735794 -1.000000 -1.000000 0.169642
0 1 0.049918 0.345036 338.577911 -1.000000 -1.000000 0.305333
0 -2 0.277235 0.062379 247.218094 -1.000000 -1.000000 0.248978
1 2 0.137720 0.318829 302.853607 -1.000000 -1.000000 0.010467
2 1 0.153764 0.140782 211.793106 -1.000000 -1.000000 0.012851
0 -3 0.074725 0.328686 226.020004 -1.000000 -1.000000 0.168711
-3 0 0.305818 0.030192 278.933990 -1.000000 -1.000000 0.116415
2 0 0.198528 0.153955 199.046204 -1.000000 -1.000000 0.414482
-2 2 0.027821 0.253565 151.810806 -1.000000 -1.000000 0.230763
0 0 0.055374 0.053835 128.305695 -1.000000 -1.000000 0.115355
1 -1 0.045279 0.191095 165.160202 -1.000000 -1.000000 0.318614
2 2 0.233354 0.078667 148.838104 -1.000000 -1.000000 0.229087
0 1 0.135927 0.073911 154.349503 -1.000000 -1.000000 0.238649
3 0 0.040168 0.070351 128.423706 -1.000000 -1.000000 0.224179
0 2 0.133137 0.417839 404.239014 -1.000000 -1.000000 0.039169
2 2 0.498468 0.047920 202.565903 -1.000000 -1.000000 0.195436
0 2 0.048308 0.410129 218.863098 -1.000000 -1.000000 0.238969
-2 2 0.115344 0.121299 345.139709 -1.000000 -1.000000 0.345853
2 1 0.117959 0.095860 171.083206 -1.000000 -1.000000 0.165673
2 0 0.466865 0.059877 345.908905 -1.000000 -1.000000 0.250675
2 -2 0.122251 0.019701 126.586304 -1.000000 -1.000000 0.244292
-4 0 0.058449 0.105107 160.785904 -1.000000 -1.000000 0.262119
1 0 0.139044 0.076938 235.946793 -1.000000 -1.000000 0.249863
0 0 0.047937 0.054396 145.580399 -1.000000 -1.000000 0.241361
1 2 0.065349 0.136014 137.822205 -1.000000 -1.000000 0.010808
1 0 0.288361 0.050999 158.879395 -1.000000 -1.000000 0.251701
1 0 0.184522 0.024007 185.972397 -1.000000 -1.000000 0.207150
0 2 0.086929 0.385380 215.334198 -1.000000 -1.000000 0.268304
0 -5 0.215938 0.065851 112.143501 -1.000000 -1.000000 0.215282
2 2 0.205381 0.154743 331.315308 -1.000000 -1.000000 0.238269
2 1 0.105688 0.081427 170.440201 -1.000000 -1.000000 0.245748
1 2 0.045152 0.134502 178.060394 -1.000000 -1.000000 0.246279
1 0 0.238300 0.036789 176.184494 -1.000000 -1.000000 0.223374
0 1 0.212375 0.017380 147.196396 -1.000000 -1.000000 0.134861
2 2 0.376701 0.132356 215.339096 -1.000000 -1.000000 0.266765
-1 0 0.050437 0.302563 282.051086 -1.000000 -1.000000 0.010806
0 1 0.186439 0.406905 486.937103 -1.000000 -1.000000 0.268158
5 2 0.036049 0.259905 180.281998 -1.000000 -1.000000 0.238955
0 1 0.105245 0.207846 176.019608 -1.000000 -1.000000 0.170830
0 1 0.052900 0.144813 174.138702 -1.000000 -1.000000 0.271598
0 -1 0.127851 0.078267 197.887497 -1.000000 -1.000000 0.411907
-2 0 0.075255 0.150535 216.339600 -1.000000 -1.000000 0.060026
2 -4 0.206303 0.068952 208.422806 -1.000000 -1.000000 0.114168
0 1 0.395970 0.072770 149.343094 -1.000000 -1.000000 0.256011
0 2 0.093799 0.100518 164.981598 -1.000000 -1.000000 0.052481
2 0 0.533871 0.045376 292.949890 -1.000000 -1.000000 0.272942
0 -4 0.214986 0.053721 214.758301 -1.000000 -1.000000 0.246109
1 2 0.205467 0.078484 292.358398 -1.000000 -1.000000 0.224101
2 0 0.253137 0.037515 168.789703 -1.000000 -1.000000 0.241635
2 0 0.186240 0.201083 205.536194 -1.000000 -1.000000 0.072236
2 2 0.146370 0.498693 272.429688 -1.000000 -1.000000 0.222067
2 2 0.092648 0.124197 184.843506 -1.000000 -1.000000 0.116429
-5 0 0.092885 0.219412 356.026794 -1.000000 -1.000000 0.028421
2 -4 0.363557 0.054714 175.701202 -1.000000 -1.000000 0.054547
-1 0 0.220123 0.047852 146.674103 -1.000000 -1.000000 0.398311
2 2 0.312826 0.094081 280.024200 -1.000000 -1.000000 0.029018
1 0 0.163604 0.147565 261.147308 -1.000000 -1.000000 0.236948
0 -4 0.058033 0.175266 210.964294 -1.000000 -1.000000 0.124872
1 1 0.203606 0.284483 215.865295 -1.000000 -1.000000 0.259480
0 1 0.220964 0.268202 163.293198 -1.000000 -1.000000 0.243472
0 2 0.267929 0.298536 349.999115 -1.000000 -1.000000 0.027903
0 -1 0.089253 0.130743 168.583206 -1.000000 -1.000000 0.124119
-3 0 0.131935 0.148537 251.772903 -1.000000 -1.000000 0.221998
2 2 0.352896 0.215760 294.191315 -1.000000 -1.000000 0.240376
1 0 0.113682 0.128830 249.567001 -1.000000 -1.000000 0.266664
2 0 0.026807 0.106062 144.420502 -1.000000 -1.000000 0.273857
1 1 0.124896 0.236048 145.843506 -1.000000 -1.000000 0.343362
-2 -1 0.231543 0.101241 411.117096 -1.000000 -1.000000 0.273544
0 1 0.039502 0.340889 179.045303 -1.000000 -1.000000 0.216473
2 0 0.236437 0.085190 162.569397 -1.000000 -1.000000 0.237170
1 2 0.288988 0.078424 242.543503 -1.000000 -1.000000 0.245884
2 -2 0.382607 0.048464 217.249603 -1.000000 -1.000000 0.236680
2 0 0.270367 0.012169 160.288498 -1.000000 -1.000000 0.245698
-1 1 0.147393 0.075094 260.322205 -1.000000 -1.000000 0.269681
1 0 0.151059 0.259871 211.791504 -1.000000 -1.000000 0.257998
0 -5 0.114597 0.279608 209.547699 -1.000000 -1.000000 0.265138
0 2 0.033375 0.236267 139.215195 -1.000000 -1.000000 0.172274
1 -1 0.096965 0.202995 144.354401 -1.000000 -1.000000 0.171556
1 2 0.214271 0.114253 327.009094 -1.000000 -1.000000 0.241519
1 1 0.163749 0.091722 193.972900 -1.000000 -1.000000 0.267021
2 2 0.374304 0.195030 237.683701 -1.000000 -1.000000 0.249207
2 0 0.199800 0.117109 193.088104 -1.000000 -1.000000 0.223050
2 0 0.242721 0.091024 201.235107 -1.000000 -1.000000 0.217738
1 0 0.064432 0.091166 255.600204 -1.000000 -1.000000 0.264914
2 0 0.161150 0.100369 249.097702 -1.000000 -1.000000 0.230995
1 0 0.071369 0.141512 207.722198 -1.000000 -1.000000 0.243260
0 0 0.052179 0.211666 191.159195 -1.000000 -1.000000 0.014711
0 1 0.089687 0.245792 234.943100 -1.000000 -1.000000 0.028455
0 2 0.088696 0.183517 203.568695 -1.000000 -1.000000 0.117600
0 2 0.067518 0.403822 269.085297 -1.000000 -1.000000 0.235377
0 2 0.178532 0.052729 187.473907 -1.000000 -1.000000 0.250459
-3 0 0.332337 0.017492 222.621994 -1.000000 -1.000000 0.212583
1 0 0.230758 0.042525 165.509201 -1.000000 -1.000000 0.239344
3 1 0.048135 0.140911 160.434097 -1.000000 -1.000000 0.249427
0 1 0.233346 0.053934 186.730103 -1.000000 -1.000000 0.265793
2 1 0.338286 0.019671 176.734695 -1.000000 -1.000000 0.301715
1 2 0.133205 0.093550 214.762695 -1.000000 -1.000000 0.240697
-1 1 0.058580 0.175604 326.916412 -1.000000 -1.000000 0.298200
2 2 0.064720 0.451887 210.755600 -1.000000 -1.000000 0.072249
5 0 0.087371 0.225510 184.289993 -1.000000 -1.000000 0.298305
0 2 0.061796 0.228508 204.541306 -1.000000 -1.000000 0.249915
2 -3 0.193123 0.169695 191.446106 -1.000000 -1.000000 0.258087
2 2 0.141205 0.144930 263.857788 -1.000000 -1.000000 0.298442
0 1 0.082575 0.067327 199.031601 -1.000000 -1.000000 0.244228
2 2 0.151399 0.182260 228.849197 -1.000000 -1.000000 0.014855
1 0 0.317876 0.039610 180.801605 -1.000000 -1.000000 0.055155
1 2 0.064317 0.282955 215.360504 -1.000000 -1.000000 0.249611
0 2 0.048651 0.089547 168.615707 -1.000000 -1.000000 0.244873
2 2 0.179880 0.261511 285.400085 -1.000000 -1.000000 0.195933
-1 0 0.223786 0.037137 320.006714 -1.000000 -1.000000 0.201743
2 -3 0.208512 0.039459 180.880096 -1.000000 -1.000000 0.231294
1 0 0.285967 0.016899 136.377899 -1.000000 -1.000000 0.276653
-3 0 0.035073 0.103118 154.364899 -1.000000 -1.000000 0.263525
0 2 0.083393 0.276382 273.641388 -1.000000 -1.000000 0.240565
0 1 0.021330 0.305570 150.671799 -1.000000 -1.000000 0.237413
2 0 0.262206 0.082492 127.185997 -1.000000 -1.000000 0.272334
0 2 0.089601 0.068278 151.568100 -1.000000 -1.000000 0.246587
2 2 0.097491 0.199709 310.582397 -1.000000 -1.000000 0.117242
2 0 0.155266 0.018835 140.406403 -1.000000 -1.000000 0.263100
2 0 0.222506 0.148395 170.695206 -1.000000 -1.000000 0.271965
0 -1 0.341400 0.031433 206.242096 -1.000000 -1.000000 0.189428
0 2 0.060833 0.246367 281.571106 -1.000000 -1.000000 0.272136
2 4 0.207038 0.055471 168.693893 -1.000000 -1.000000 0.272691
0 2 0.016813 0.189743 155.373505 -1.000000 -1.000000 0.238243
1 0 0.329256 0.066649 191.860306 -1.000000 -1.000000 0.096335
0 3 0.121382 0.047364 172.571106 -1.000000 -1.000000 0.164566
2 0 0.104483 0.029689 160.236099 -1.000000 -1.000000 0.053939
0 1 0.035352 0.085721 178.263794 -1.000000 -1.000000 0.115022
2 2 0.115858 0.026334 150.669296 -1.000000 -1.000000 0.251348
0 1 0.127541 0.387751 438.130402 -1.000000 -1.000000 0.233824
1 0 0.215247 0.103795 147.040497 -1.000000 -1.000000 0.249966
-3 0 0.195826 0.147245 220.274200 -1.000000 -1.000000 0.008740
2 -2 0.062540 0.256886 209.455597 -1.000000 -1.000000 0.324278
0 0 0.206162 0.075175 176.504303 -1.000000 -1.000000 0.369158
0 1 0.015278 0.221901 144.781494 -1.000000 -1.000000 0.233760
1 2 0.102763 0.358054 172.274307 -1.000000 -1.000000 0.203232
2 0 0.130619 0.101790 162.613800 -1.000000 -1.000000 0.238432
0 2 0.105893 0.198056 245.665405 -1.000000 -1.000000 0.252324
0 2 0.046397 0.389221 191.569000 -1.000000 -1.000000 0.248362
0 2 0.115207 0.071558 168.587006 -1.000000 -1.000000 0.257946
1 0 0.212509 0.048982 188.400208 -1.000000 -1.000000 0.302718
2 0 0.086242 0.106363 195.197601 -1.000000 -1.000000 0.112408
2 0 0.190974 0.032583 136.893600 -1.000000 -1.000000 0.160981
2 0 0.090263 0.046947 149.453293 -1.000000 -1.000000 0.275703
0 2 0.030593 0.106341 146.451294 -1.000000 -1.000000 0.167876
0 1 0.226759 0.173482 412.861389 -1.000000 -1.000000 0.265081
2 -3 0.121232 0.094195 110.410301 -1.000000 -1.000000 0.259707
2 0 0.359300 0.031737 193.470795 -1.000000 -1.000000 0.177846
1 0 0.316929 0.011766 211.570999 -1.000000 -1.000000 0.266028
1 0 0.129821 0.107062 153.123306 -1.000000 -1.000000 0.269711
0 -4 0.055480 0.052226 159.013107 -1.000000 -1.000000 0.235061
0 1 0.022705 0.296651 171.147293 -1.000000 -1.000000 0.260355
3 2 0.047359 0.271139 191.117294 -1.000000 -1.000000 0.265215
1 2 0.067876 0.169507 134.277496 -1.000000 -1.000000 0.093280
2 0 0.218096 0.073503 150.510803 -1.000000 -1.000000 0.269743
2 -2 0.270029 0.153994 389.701385 -1.000000 -1.000000 0.261074
-1 1 0.056369 0.139671 127.550697 -1.000000 -1.000000 0.361124
2 0 0.295408 0.070031 213.614502 -1.000000 -1.000000 0.116373
2 0 0.366584 0.046541 298.961487 -1.000000 -1.000000 0.244171
0 1 0.060320 0.228857 165.193207 -1.000000 -1.000000 0.248613
2 1 0.335099 0.089777 269.026703 -1.000000 -1.000000 0.235269
-4 2 0.035058 0.172041 165.738297 -1.000000 -1.000000 0.221317
1 2 0.161429 0.218499 126.690697 -1.000000 -1.000000 0.020360
0 1 0.032085 0.202257 166.705795 -1.000000 -1.000000 0.011564
1 2 0.103365 0.328449 211.774200 -1.000000 -1.000000 0.220564
0 -1 0.199754 0.143717 261.677399 -1.000000 -1.000000 0.269076
3 2 0.111407 0.153554 212.736099 -1.000000 -1.000000 0.237762
0 1 0.098574 0.253035 244.537506 -1.000000 -1.000000 0.243998
0 0 0.024630 0.162719 133.894196 -1.000000 -1.000000 0.270649
2 1 0.225359 0.400054 202.118607 -1.000000 -1.000000 0.418920
-1 0 0.195135 0.048186 326.173096 -1.000000 -1.000000 0.368175
3 2 0.092513 0.540922 154.656693 -1.000000 -1.000000 0.263311
0 2 0.133424 0.118467 177.663696 -1.000000 -1.000000 0.201051
2 0 0.126513 0.036588 175.793701 -1.000000 -1.000000 0.092637
-1 2 0.131640 0.238820 163.149399 -1.000000 -1.000000 0.257095
2 0 0.099688 0.103531 130.505203 -1.000000 -1.000000 0.390462
2 1 0.112841 0.118427 108.791901 -1.000000 -1.000000 0.263947
0 2 0.195608 0.056474 190.634506 -1.000000 -1.000000 0.141958
0 0 0.060848 0.093912 132.901093 -1.000000 -1.000000 0.226645
2 0 0.105967 0.051614 205.966400 -1.000000 -1.000000 0.234083
1 0 0.121527 0.015381 143.013901 -1.000000 -1.000000 0.409745
2 2 0.069490 0.356118 192.256805 -1.000000 -1.000000 0.039167
0 5 0.070140 0.162198 254.914993 -1.000000 -1.000000 0.250760
0 -2 0.048280 0.160391 189.942993 -1.000000 -1.000000 0.289746
-1 1 0.086183 0.154228 134.213593 -1.000000 -1.000000 0.319132
0 2 0.078319 0.259966 242.853897 -1.000000 -1.000000 0.172276
2 2 0.321444 0.029991 179.533493 -1.000000 -1.000000 0.277847
0 0 0.070450 0.059059 169.566803 -1.000000 -1.000000 0.395900
1 -1 0.121969 0.386345 206.747101 -1.000000 -1.000000 0.328358
3 0 0.097492 0.042070 128.043793 -1.000000 -1.000000 0.093308
2 0 0.154715 0.026885 138.966003 -1.000000 -1.000000 0.118232
2 0 0.480717 0.045238 298.401703 -1.000000 -1.000000 0.264198
0 -3 0.015362 0.234925 137.173904 -1.000000 -1.000000 0.199180
0 -3 0.132482 0.114332 201.709900 -1.000000 -1.000000 0.268398
2 0 0.346787 0.020034 168.567200 -1.000000 -1.000000 0.374831
2 0 0.192385 0.022964 179.409393 -1.000000 -1.000000 0.268289
1 1 0.099216 0.210248 453.390686 -1.000000 -1.000000 0.253867
0 -1 0.025691 0.194013 176.701706 -1.000000 -1.000000 0.296579
1 3 0.070277 0.159957 169.277405 -1.000000 -1.000000 0.240068
0 0 0.040180 0.125448 176.672699 -1.000000 -1.000000 0.298093
1 0 0.059443 0.408572 194.415802 -1.000000 -1.000000 0.240457
0 0 0.031708 0.254673 123.502701 -1.000000 -1.000000 0.277385
1 0 0.386417 0.093355 597.456604 -1.000000 -1.000000 0.116996
2 1 0.076960 0.038542 143.850494 -1.000000 -1.000000 0.241482
-2 1 0.105396 0.306536 205.785294 -1.000000 -1.000000 0.233604
1 0 0.044802 0.072250 158.356995 -1.000000 -1.000000 0.214651
2 0 0.275365 0.121793 171.193604 -1.000000 -1.000000 0.267466
1 5 0.273543 0.027839 129.002899 -1.000000 -1.000000 0.258504
0 1 0.101902 0.093701 152.691895 -1.000000 -1.000000 0.268001
-2 -3 0.036125 0.102774 172.863495 -1.000000 -1.000000 0.240700
-2 2 0.122627 0.111477 135.543701 -1.000000 -1.000000 0.243285
1 -1 0.104391 0.064807 235.517899 -1.000000 -1.000000 0.249103
0 2 0.071014 0.070897 179.496094 -1.000000 -1.000000 0.235553
0 1 0.056242 0.141861 182.718002 -1.000000 -1.000000 0.241642
0 1 0.028286 0.300866 205.490204 -1.000000 -1.000000 0.309336
0 2 0.064584 0.332292 276.780792 -1.000000 -1.000000 0.014833
2 0 0.305129 0.017109 169.188797 -1.000000 -1.000000 0.266828
2 0 0.066831 0.083189 176.596405 -1.000000 -1.000000 0.195237
2 1 0.087465 0.208002 227.374695 -1.000000 -1.000000 0.319086
-1 -1 0.097376 0.093129 172.553406 -1.000000 -1.000000 0.234154
3 -3 0.208078 0.015944 171.149094 -1.000000 -1.000000 0.033920
-2 2 0.042195 0.115926 146.568695 -1.000000 -1.000000 0.239688
1 0 0.130087 0.084071 169.442993 -1.000000 -1.000000 0.274326
-2 0 0.146333 0.032255 159.281693 -1.000000 -1.000000 0.011411
0 2 0.045160 0.244885 208.144196 -1.000000 -1.000000 0.278039
1 2 0.166659 0.210084 216.386993 -1.000000 -1.000000 0.170293
2 0 0.318698 0.029724 113.403397 -1.000000 -1.000000 0.083847
1 0 0.309895 0.008718 157.878693 -1.000000 -1.000000 0.243473
2 0 0.170902 0.195786 167.017593 -1.000000 -1.000000 0.225401
-3 3 0.018615 0.147692 118.958298 -1.000000 -1.000000 0.142975
1 0 0.110707 0.189316 195.440094 -1.000000 -1.000000 0.117488
0 2 0.100932 0.280646 232.957199 -1.000000 -1.000000 0.288135
1 0 0.373715 0.030884 175.915894 -1.000000 -1.000000 0.246257
2 2 0.369866 0.142412 179.338104 -1.000000 -1.000000 0.203638
1 0 0.100748 0.014633 130.232605 -1.000000 -1.000000 0.170741
2 2 0.091177 0.117909 184.525406 -1.000000 -1.000000 0.230777
2 0 0.193581 0.020386 138.264893 -1.000000 -1.000000 0.092176
0 2 0.011505 0.671286 201.983398 -1.000000 -1.000000 0.247623
0 -3 0.160603 0.058140 231.434097 -1.000000 -1.000000 0.245495
0 1 0.041958 0.247968 170.038193 -1.000000 -1.000000 0.224650
2 0 0.253220 0.020912 160.659103 -1.000000 -1.000000 0.121463
0 2 0.106039 0.229716 329.288910 -1.000000 -1.000000 0.240489
0 0 0.059703 0.082959 147.838196 -1.000000 -1.000000 0.220639
2 0 0.316080 0.014554 199.098007 -1.000000 -1.000000 0.266469
-2 2 0.305100 0.151909 168.711105 -1.000000 -1.000000 0.298393
2 2 0.121676 0.158375 270.651001 -1.000000 -1.000000 0.142843
2 0 0.358172 0.051148 190.451904 -1.000000 -1.000000 0.270754
1 0 0.093577 0.085195 258.120087 -1.000000 -1.000000 0.232990
1 2 0.483245 0.083615 196.050003 -1.000000 -1.000000 0.027393
2 2 0.150212 0.206148 166.454803 -1.000000 -1.000000 0.250685
2 0 0.144333 0.147042 140.769806 -1.000000 -1.000000 0.020898
2 0 0.214204 0.013563 158.093704 -1.000000 -1.000000 0.267411
2 1 0.163195 0.198768 180.559402 -1.000000 -1.000000 0.257351
2 0 0.322062 0.041023 219.531006 -1.000000 -1.000000 0.116994
0 0 0.068697 0.049877 129.971405 -1.000000 -1.000000 0.261894
1 2 0.194017 0.483989 351.280609 -1.000000 -1.000000 0.266321
1 0 0.242364 0.048684 312.301208 -1.000000 -1.000000 0.296717
0 1 0.118400 0.088170 185.268402 -1.000000 -1.000000 0.055212
0 1 0.097137 0.137133 258.844910 -1.000000 -1.000000 0.233146
0 2 0.019486 0.311578 126.761703 -1.000000 -1.000000 0.274314
0 2 0.029595 0.190927 180.796494 -1.000000 -1.000000 0.264915
0 2 0.136322 0.118761 255.866104 -1.000000 -1.000000 0.274199
2 2 0.355421 0.433526 445.969513 -1.000000 -1.000000 0.368696
2 3 0.145326 0.120006 470.561707 -1.000000 -1.000000 0.256337
2 0 0.245439 0.132750 155.072495 -1.000000 -1.000000 0.020781
2 -2 0.105447 0.011453 130.121902 -1.000000 -1.000000 0.038630
1 1 0.424134 0.104247 432.288086 -1.000000 -1.000000 0.231667
2 0 0.184171 0.034182 200.781006 -1.000000 -1.000000 0.264917
2 0 0.207477 0.136440 189.054596 -1.000000 -1.000000 0.266605
0 -1 0.014705 0.180108 120.530197 -1.000000 -1.000000 0.020149
0 2 0.156917 0.439730 279.819794 -1.000000 -1.000000 0.073249
0 0 0.309499 0.007736 163.412598 -1.000000 -1.000000 0.234707
-4 -3 0.307419 0.026131 242.491196 -1.000000 -1.000000 0.236806
1 0 0.071151 0.046424 166.253494 -1.000000 -1.000000 0.266305
0 2 0.053329 0.143236 151.840195 -1.000000 -1.000000 0.243783
3 0 0.175491 0.027194 250.241196 -1.000000 -1.000000 0.301710
2 0 0.315555 0.094290 291.688110 -1.000000 -1.000000 0.219202
0 2 0.079873 0.162304 207.032806 -1.000000 -1.000000 0.313031
1 0 0.121882 0.124474 269.890594 -1.000000 -1.000000 0.246685
2 0 0.374308 0.080165 320.054901 -1.000000 -1.000000 0.174520
0 2 0.033909 0.182084 155.601898 -1.000000 -1.000000 0.309144
2 1 0.159831 0.054112 199.318405 -1.000000 -1.000000 0.248624
1 1 0.064152 0.081540 142.086899 -1.000000 -1.000000 0.182997
2 2 0.417444 0.231815 303.558197 -1.000000 -1.000000 0.251620
2 -1 0.186941 0.080974 192.415298 -1.000000 -1.000000 0.159028
0 1 0.028632 0.297617 149.184692 -1.000000 -1.000000 0.147246
0 5 0.038642 0.093541 194.954803 -1.000000 -1.000000 0.053314
0 1 0.015916 0.263945 143.079803 -1.000000 -1.000000 0.263619
0 1 0.061527 0.175079 153.501907 -1.000000 -1.000000 0.278001
2 -3 0.386234 0.042277 197.730103 -1.000000 -1.000000 0.418806
1 1 0.257991 0.181699 425.395508 -1.000000 -1.000000 0.092366
2 0 0.224098 0.059561 149.914795 -1.000000 -1.000000 0.221196
0 2 0.030142 0.140125 140.548096 -1.000000 -1.000000 0.020646
-1 0 0.095794 0.165213 200.244003 -1.000000 -1.000000 0.167892
2 0 0.122627 0.009401 129.143402 -1.000000 -1.000000 0.407215
2 0 0.112561 0.052362 130.984497 -1.000000 -1.000000 0.213398
2 0 0.174853 0.059229 184.830200 -1.000000 -1.000000 0.255725
5 0 0.091234 0.056253 138.315399 -1.000000 -1.000000 0.396590
1 1 0.074640 0.171616 185.192398 -1.000000 -1.000000 0.027614
0 1 0.141079 0.140863 401.841492 -1.000000 -1.000000 0.245804
2 2 0.197824 0.352877 365.448090 -1.000000 -1.000000 0.017312
2 2 0.166778 0.095572 175.929901 -1.000000 -1.000000 0.249892
0 2 0.031900 0.372485 213.870193 -1.000000 -1.000000 0.355326
0 2 0.029171 0.407179 181.527206 -1.000000 -1.000000 0.221078
0 2 0.060886 0.360963 263.805206 -1.000000 -1.000000 0.093256
2 2 0.219690 0.103219 302.227295 -1.000000 -1.000000 0.243848
0 0 0.048793 0.164448 157.843201 -1.000000 -1.000000 0.255050
1 0 0.272263 0.110172 183.676102 -1.000000 -1.000000 0.256010
2 2 0.135093 0.120491 288.815186 -1.000000 -1.000000 0.354949
1 1 0.068410 0.369899 123.505798 -1.000000 -1.000000 0.259813
1 2 0.026612 0.227444 168.005203 -1.000000 -1.000000 0.240995
2 0 0.309639 0.016696 182.140305 -1.000000 -1.000000 0.402352
1 3 0.289155 0.048638 137.001099 -1.000000 -1.000000 0.200341
0 2 0.044100 0.278436 128.459305 -1.000000 -1.000000 0.251725
2 -2 0.125561 0.159214 243.184998 -1.000000 -1.000000 0.260514
1 1 0.091957 0.079648 182.474594 -1.000000 -1.000000 0.217704
0 2 0.033426 0.159989 162.653397 -1.000000 -1.000000 0.048463
2 1 0.086587 0.143820 218.253403 -1.000000 -1.000000 0.248057
-2 0 0.073479 0.064208 177.772400 -1.000000 -1.000000 0.234909
0 1 0.029942 0.329840 158.090698 -1.000000 -1.000000 0.028256
2 0 0.156871 0.161781 165.718796 -1.000000 -1.000000 0.407272
0 -2 0.108953 0.121054 147.824402 -1.000000 -1.000000 0.311114
2 2 0.236366 0.061395 270.633911 -1.000000 -1.000000 0.225270
1 2 0.093866 0.339061 290.788300 -1.000000 -1.000000 0.244912
0 1 0.119122 0.113720 126.410004 -1.000000 -1.000000 0.245554
1 1 0.203135 0.181347 282.813385 -1.000000 -1.000000 0.116056
0 2 0.051691 0.097142 153.542694 -1.000000 -1.000000 0.102189
0 3 0.130394 0.165782 210.741898 -1.000000 -1.000000 0.117851
0 1 0.020632 0.224333 162.916901 -1.000000 -1.000000 0.059175
2 -4 0.269465 0.063141 198.007095 -1.000000 -1.000000 0.237680
2 0 0.088133 0.239699 227.175095 -1.000000 -1.000000 0.236446
2 1 0.498124 0.233893 372.678406 -1.000000 -1.000000 0.334997
1 0 0.146740 0.017220 160.155197 -1.000000 -1.000000 0.241603
2 0 0.298818 0.143780 322.256592 -1.000000 -1.000000 0.225362
