-1 1 0.051557 0.115648 252.513397 -1.000000 -1.000000 30.486168
0 -2 0.193249 0.091245 563.521118 -1.000000 -1.000000 29.963695
2 1 0.089051 0.104577 269.266693 -1.000000 -1.000000 39.422082
0 1 0.043099 0.323431 359.719086 -1.000000 -1.000000 11.511541
2 0 0.328109 0.025718 409.084290 -1.000000 -1.000000 33.615625
0 1 0.080354 0.210780 424.714203 -1.000000 -1.000000 31.064311
0 -2 0.061479 0.304349 611.783691 -1.000000 -1.000000 34.702374
0 2 0.109798 0.143419 201.939301 -1.000000 -1.000000 1.970955
2 1 0.255673 0.147877 311.639404 -1.000000 -1.000000 9.130354
1 0 0.090707 0.046318 338.856995 -1.000000 -1.000000 21.950562
1 2 0.104311 0.075509 227.114502 -1.000000 -1.000000 30.971434
-2 -1 0.144412 0.029971 306.742615 -1.000000 -1.000000 28.415551
0 1 0.018454 0.179414 208.219696 -1.000000 -1.000000 30.125725
2 0 0.324460 0.081797 408.673004 -1.000000 -1.000000 29.588527
-1 0 0.052024 0.191197 385.245209 -1.000000 -1.000000 49.933256
-1 0 0.055031 0.054420 213.036301 -1.000000 -1.000000 30.336966
5 0 0.023872 0.108577 235.363495 -1.000000 -1.000000 33.195314
0 2 0.021544 0.268766 329.144012 -1.000000 -1.000000 32.524136
2 0 0.289304 0.048419 239.084396 -1.000000 -1.000000 34.213223
0 0 0.169008 0.029063 263.228699 -1.000000 -1.000000 29.850656
2 0 0.265931 0.044364 324.644592 -1.000000 -1.000000 31.059767
0 1 0.070265 0.147819 212.139099 -1.000000 -1.000000 29.560254
-2 0 0.057781 0.072070 280.410797 -1.000000 -1.000000 44.186592
2 1 0.193284 0.101753 407.158691 -1.000000 -1.000000 32.912724
-3 0 0.093195 0.167865 628.448914 -1.000000 -1.000000 31.386099
1 0 0.159360 0.025153 372.562408 -1.000000 -1.000000 38.960168
1 0 0.075200 0.047854 222.115097 -1.000000 -1.000000 2.342830
2 -3 0.098093 0.053490 285.942505 -1.000000 -1.000000 33.613539
1 0 0.139291 0.124678 859.360229 -1.000000 -1.000000 25.585339
-2 2 0.105618 0.016775 192.186401 -1.000000 -1.000000 29.609745
2 0 0.164798 0.083074 477.462708 -1.000000 -1.000000 29.811798
3 2 0.027009 0.233966 547.195312 -1.000000 -1.000000 32.813367
-1 0 0.085165 0.055983 211.171402 -1.000000 -1.000000 1.274548
0 2 0.023524 0.133936 307.156006 -1.000000 -1.000000 15.340466
0 1 0.053817 0.243608 607.046997 -1.000000 -1.000000 50.909078
2 0 0.145551 0.022195 192.567093 -1.000000 -1.000000 21.542963
