0 2 0.103769 0.128394 351.619110 -1.000000 -1.000000 37.407570
0 1 0.102736 0.447634 268.327515 -1.000000 -1.000000 33.210033
0 4 0.124890 0.111148 302.268494 -1.000000 -1.000000 33.395322
2 -2 0.019388 0.095260 101.032501 -1.000000 -1.000000 32.385798
0 2 0.041704 0.105176 118.780403 -1.000000 -1.000000 22.735268
-1 1 0.008767 0.165036 111.930199 -1.000000 -1.000000 1.725784
3 -1 0.304948 0.093185 422.683289 -1.000000 -1.000000 36.700113
0 2 0.055623 0.267458 135.209396 -1.000000 -1.000000 24.416060
0 1 0.031959 0.197552 152.828506 -1.000000 -1.000000 33.601020
2 0 0.275439 0.030712 204.692001 -1.000000 -1.000000 33.999009
0 2 0.076310 0.403774 688.516785 -1.000000 -1.000000 45.095873
0 2 0.036008 0.336919 130.301407 -1.000000 -1.000000 9.413706
0 2 0.012512 0.332739 146.644394 -1.000000 -1.000000 33.517054
-2 0 0.179304 0.016906 104.861603 -1.000000 -1.000000 30.242282
-1 -2 0.099372 0.081143 149.641495 -1.000000 -1.000000 30.158515
-1 0 0.083720 0.040195 132.867096 -1.000000 -1.000000 1.712891
1 0 0.130037 0.070008 130.983795 -1.000000 -1.000000 15.262636
1 0 0.303121 0.015829 142.026993 -1.000000 -1.000000 56.903460
1 2 0.163277 0.126488 198.959900 -1.000000 -1.000000 30.183485
1 0 0.203534 0.077519 170.913101 -1.000000 -1.000000 30.684142
-2 2 0.446803 0.207547 408.222412 -1.000000 -1.000000 23.948103
0 -3 0.197194 0.088667 222.359604 -1.000000 -1.000000 32.213931
2 0 0.196459 0.079019 125.908401 -1.000000 -1.000000 1.611039
0 2 0.017200 0.307578 153.145294 -1.000000 -1.000000 5.439126
1 -3 0.218972 0.143002 118.560898 -1.000000 -1.000000 29.824215
