-1 2 0.122218 0.345934 227.929306 -1.000000 -1.000000 0.240186
0 1 0.041018 0.215257 166.321396 -1.000000 -1.000000 0.259927
0 2 0.071606 0.200654 156.724197 -1.000000 -1.000000 0.093988
-2 0 0.266035 0.014493 158.417496 -1.000000 -1.000000 0.312066
0 2 0.059459 0.237004 302.497314 -1.000000 -1.000000 0.225166
4 0 0.152858 0.021972 117.229698 -1.000000 -1.000000 0.152978
-1 2 0.105144 0.123683 268.823608 -1.000000 -1.000000 0.241204
1 2 0.262857 0.102947 230.502502 -1.000000 -1.000000 0.196148
2 0 0.505411 0.085225 215.262497 -1.000000 -1.000000 0.311587
2 2 0.093651 0.159937 170.007797 -1.000000 -1.000000 0.403027
3 0 0.065257 0.200744 203.109406 -1.000000 -1.000000 0.208783
3 2 0.109596 0.572365 190.979294 -1.000000 -1.000000 0.093408
0 2 0.067518 0.403822 269.085297 -1.000000 -1.000000 0.232155
0 1 0.082575 0.067327 199.031601 -1.000000 -1.000000 0.239826
-2 1 0.105396 0.306536 205.785294 -1.000000 -1.000000 0.232338
1 3 0.289155 0.048638 137.001099 -1.000000 -1.000000 0.193891
