2 0 0.089693 0.092264 102.290604 -1.000000 -1.000000 3.083220
2 0 0.256307 0.104302 182.557999 -1.000000 -1.000000 5.498128
0 -1 0.087292 0.101321 195.666595 -1.000000 -1.000000 3.729992
-3 2 0.062298 0.234659 157.289703 -1.000000 -1.000000 2.634601
2 0 0.389945 0.016211 224.008896 -1.000000 -1.000000 3.352748
2 0 0.288606 0.031350 122.105202 -1.000000 -1.000000 2.830026
2 3 0.049673 0.112241 157.748596 -1.000000 -1.000000 4.220924
0 4 0.143977 0.040974 121.067703 -1.000000 -1.000000 3.854287
-2 0 0.328403 0.025499 170.435501 -1.000000 -1.000000 3.730510
0 2 0.073650 0.051541 103.751801 -1.000000 -1.000000 2.792257
-1 0 0.089008 0.043915 125.884102 -1.000000 -1.000000 3.402889
1 2 0.381076 0.019310 255.393204 -1.000000 -1.000000 0.215872
0 2 0.079770 0.466325 431.135803 -1.000000 -1.000000 0.184338
-1 2 0.022643 0.783269 190.621399 -1.000000 -1.000000 3.435835
2 0 0.180218 0.110921 142.658493 -1.000000 -1.000000 0.169376
1 2 0.445155 0.024571 100.196999 -1.000000 -1.000000 3.393524
-1 0 0.082458 0.151230 248.284607 -1.000000 -1.000000 3.428475
0 2 0.119402 0.115741 151.047104 -1.000000 -1.000000 4.783909
-1 2 0.020650 0.031021 111.259102 -1.000000 -1.000000 1.314108
1 -3 0.207809 0.111574 172.399002 -1.000000 -1.000000 0.561591
2 2 0.124219 0.333124 191.420593 -1.000000 -1.000000 3.097372
2 2 0.177476 0.054498 125.634804 -1.000000 -1.000000 4.557564
0 2 0.104639 0.127062 110.515503 -1.000000 -1.000000 3.869897
-2 -2 0.042327 0.109835 236.623093 -1.000000 -1.000000 0.139163
3 0 0.175462 0.070017 140.694504 -1.000000 -1.000000 3.684851
0 2 0.028125 0.266273 166.500900 -1.000000 -1.000000 2.889805
2 0 0.253665 0.053629 156.614807 -1.000000 -1.000000 0.774116
2 1 0.139674 0.084629 380.129700 -1.000000 -1.000000 1.315328
0 2 0.023063 0.126251 96.965569 -1.000000 -1.000000 1.268593
4 0 0.186912 0.073990 101.762299 -1.000000 -1.000000 3.634445
-1 2 0.072604 0.207475 153.950104 -1.000000 -1.000000 1.791602
0 0 0.228556 0.074011 157.073502 -1.000000 -1.000000 3.432756
0 1 0.091655 0.174829 93.920647 -1.000000 -1.000000 3.472425
1 0 0.032068 0.090418 96.657242 -1.000000 -1.000000 3.054733
0 1 0.072389 0.311729 454.425201 -1.000000 -1.000000 3.353198
0 2 0.041952 0.206270 225.169205 -1.000000 -1.000000 3.377245
2 0 0.093194 0.022999 132.108093 -1.000000 -1.000000 3.149892
0 -2 0.025567 0.341655 177.951599 -1.000000 -1.000000 3.468835
0 2 0.533750 0.055811 163.722702 -1.000000 -1.000000 3.525274
0 2 0.014727 0.336294 143.152695 -1.000000 -1.000000 3.763735
2 0 0.227700 0.022707 116.244301 -1.000000 -1.000000 2.318797
2 -3 0.117647 0.054688 104.134300 -1.000000 -1.000000 4.346675
0 1 0.023120 0.182958 146.580505 -1.000000 -1.000000 3.709983
0 1 0.092589 0.240284 186.848602 -1.000000 -1.000000 3.249149
3 0 0.088274 0.062269 132.994904 -1.000000 -1.000000 1.327643
2 0 0.161907 0.089576 126.546097 -1.000000 -1.000000 2.011187
1 0 0.103507 0.143333 157.617996 -1.000000 -1.000000 5.197530
2 0 0.193177 0.090700 96.734718 -1.000000 -1.000000 2.146372
2 0 0.314918 0.043778 297.699493 -1.000000 -1.000000 3.337087
2 0 0.213816 0.037782 122.019699 -1.000000 -1.000000 3.590527
0 -2 0.069766 0.143420 146.716904 -1.000000 -1.000000 3.680195
1 0 0.069288 0.095006 132.657104 -1.000000 -1.000000 3.198704
0 -2 0.050263 0.234998 120.469902 -1.000000 -1.000000 4.820330
0 -3 0.061522 0.038369 107.573601 -1.000000 -1.000000 5.726010
0 -3 0.164142 0.023324 100.017998 -1.000000 -1.000000 3.690163
0 -4 0.090843 0.023650 129.512405 -1.000000 -1.000000 3.523043
0 2 0.037378 0.162719 129.399597 -1.000000 -1.000000 3.124836
2 0 0.151004 0.090122 166.448303 -1.000000 -1.000000 3.378773
2 0 0.074963 0.112064 207.551102 -1.000000 -1.000000 5.834936
-1 2 0.071578 0.083764 137.995804 -1.000000 -1.000000 2.098606
4 1 0.013998 0.224184 120.509804 -1.000000 -1.000000 3.856313
1 0 0.110051 0.072460 132.021194 -1.000000 -1.000000 4.254885
0 1 0.192746 0.078086 177.401794 -1.000000 -1.000000 3.783444
2 0 0.255056 0.049750 120.054298 -1.000000 -1.000000 3.307266
1 2 0.111811 0.047667 169.384995 -1.000000 -1.000000 3.755863
0 1 0.055391 0.064366 96.696663 -1.000000 -1.000000 3.364058
3 0 0.100444 0.203117 124.356697 -1.000000 -1.000000 1.702534
1 1 0.085913 0.090666 117.023300 -1.000000 -1.000000 3.707516
0 2 0.122143 0.177354 107.161499 -1.000000 -1.000000 4.696001
0 2 0.036003 0.223576 128.343597 -1.000000 -1.000000 3.448312
3 0 0.247609 0.046009 207.658997 -1.000000 -1.000000 3.451906
0 1 0.058909 0.287833 122.554001 -1.000000 -1.000000 0.182791
2 2 0.266924 0.244116 109.919701 -1.000000 -1.000000 0.275412
0 1 0.149603 0.290997 196.125107 -1.000000 -1.000000 3.804460
0 1 0.026840 0.112968 102.069801 -1.000000 -1.000000 3.822821
2 0 0.109171 0.060328 141.147202 -1.000000 -1.000000 1.029503
-4 0 0.037821 0.146273 138.972595 -1.000000 -1.000000 3.328089
-2 0 0.028898 0.099197 123.472702 -1.000000 -1.000000 3.117476
2 0 0.074235 0.052460 145.010101 -1.000000 -1.000000 3.114690
1 1 0.140316 0.270506 159.327103 -1.000000 -1.000000 3.694879
1 3 0.319694 0.095316 303.546295 -1.000000 -1.000000 5.122949
0 1 0.050720 0.207274 148.542892 -1.000000 -1.000000 3.865188
1 0 0.075809 0.032067 116.641403 -1.000000 -1.000000 3.164501
-2 2 0.022697 0.153839 164.935699 -1.000000 -1.000000 3.498496
0 2 0.032358 0.114282 132.773697 -1.000000 -1.000000 3.408988
0 0 0.049221 0.119933 107.655403 -1.000000 -1.000000 3.839316
-1 1 0.088446 0.028029 132.164703 -1.000000 -1.000000 0.275246
2 0 0.088019 0.043711 137.615005 -1.000000 -1.000000 3.768447
4 0 0.054471 0.116186 221.515793 -1.000000 -1.000000 4.513892
0 -3 0.091997 0.131348 171.446198 -1.000000 -1.000000 3.362504
2 0 0.421690 0.102072 102.440804 -1.000000 -1.000000 3.116995
2 0 0.193898 0.021887 214.683105 -1.000000 -1.000000 0.151605
2 0 0.147804 0.096330 351.512512 -1.000000 -1.000000 3.333032
0 1 0.103600 0.031595 92.993210 -1.000000 -1.000000 2.490612
1 -2 0.050549 0.062814 141.318405 -1.000000 -1.000000 2.411403
0 1 0.067611 0.211838 184.513107 -1.000000 -1.000000 2.662400
0 2 0.034976 0.096362 130.244797 -1.000000 -1.000000 3.054046
2 1 0.204204 0.157287 250.099106 -1.000000 -1.000000 3.009050
0 2 0.038694 0.169333 112.511497 -1.000000 -1.000000 3.526651
0 1 0.009465 0.384124 157.955399 -1.000000 -1.000000 3.538861
0 1 0.078187 0.169366 146.547806 -1.000000 -1.000000 3.505777
0 1 0.231238 0.132575 130.695297 -1.000000 -1.000000 2.781307
2 0 0.144750 0.061200 128.648895 -1.000000 -1.000000 3.337917
2 0 0.145009 0.068368 173.507294 -1.000000 -1.000000 3.755585
1 1 0.062948 0.105787 168.337494 -1.000000 -1.000000 3.906868
1 1 0.320491 0.204657 152.519302 -1.000000 -1.000000 3.887046
0 2 0.175606 0.328726 250.848206 -1.000000 -1.000000 1.029693
1 0 0.236799 0.107828 149.771500 -1.000000 -1.000000 3.491005
1 0 0.079470 0.045297 104.802200 -1.000000 -1.000000 4.723921
2 5 0.038180 0.108643 116.226898 -1.000000 -1.000000 3.195415
-3 0 0.077719 0.139271 140.927795 -1.000000 -1.000000 3.659359
0 2 0.017840 0.269899 119.596703 -1.000000 -1.000000 3.144289
1 0 0.060772 0.107974 163.039093 -1.000000 -1.000000 3.532399
4 0 0.135743 0.271066 551.338806 -1.000000 -1.000000 0.278385
0 -2 0.015187 0.081301 120.230698 -1.000000 -1.000000 3.210826
1 0 0.303320 0.126018 277.405914 -1.000000 -1.000000 3.389198
1 0 0.407704 0.242574 264.234314 -1.000000 -1.000000 3.802395
0 -3 0.019075 0.086179 111.735397 -1.000000 -1.000000 3.363112
0 1 0.036033 0.129861 127.119202 -1.000000 -1.000000 1.325260
2 2 0.231333 0.239962 224.880600 -1.000000 -1.000000 0.781498
0 3 0.078568 0.072771 110.371803 -1.000000 -1.000000 3.694298
0 -4 0.210815 0.032241 108.581802 -1.000000 -1.000000 3.702771
0 2 0.060558 0.063804 130.395294 -1.000000 -1.000000 2.918669
2 2 0.306419 0.096827 178.771393 -1.000000 -1.000000 3.562010
0 3 0.266002 0.152651 166.931000 -1.000000 -1.000000 3.379007
2 0 0.024670 0.222196 159.674896 -1.000000 -1.000000 3.323594
-1 2 0.167037 0.075202 152.098404 -1.000000 -1.000000 3.509855
0 -2 0.019695 0.154439 117.610603 -1.000000 -1.000000 1.028453
0 2 0.020978 0.079525 103.957703 -1.000000 -1.000000 0.215268
-3 -4 0.096612 0.048911 155.301300 -1.000000 -1.000000 3.691664
2 0 0.225827 0.139818 276.803589 -1.000000 -1.000000 2.661985
0 0 0.022384 0.227107 111.392403 -1.000000 -1.000000 3.493543
0 2 0.077018 0.197224 285.435608 -1.000000 -1.000000 1.705732
0 1 0.091259 0.034857 121.230904 -1.000000 -1.000000 2.761802
1 0 0.077817 0.076304 121.887398 -1.000000 -1.000000 5.341676
0 2 0.011526 0.166385 120.444901 -1.000000 -1.000000 3.670095
0 2 0.136662 0.177978 166.640106 -1.000000 -1.000000 3.610590
2 0 0.221570 0.046120 218.976898 -1.000000 -1.000000 3.317845
1 2 0.163324 0.233732 203.090607 -1.000000 -1.000000 3.634423
1 -3 0.362488 0.089661 648.933228 -1.000000 -1.000000 3.617065
1 0 0.213047 0.028182 128.626297 -1.000000 -1.000000 0.484898
2 0 0.045379 0.069518 128.596207 -1.000000 -1.000000 3.237256
2 0 0.075601 0.045146 116.646103 -1.000000 -1.000000 3.389628
-2 0 0.122218 0.041388 101.628304 -1.000000 -1.000000 2.047825
2 0 0.359959 0.013194 136.825500 -1.000000 -1.000000 0.470782
1 0 0.105513 0.055957 126.999603 -1.000000 -1.000000 3.516715
0 2 0.012582 0.507830 223.427094 -1.000000 -1.000000 3.492445
0 3 0.038781 0.112632 159.452896 -1.000000 -1.000000 0.244308
2 0 0.217539 0.022263 140.604095 -1.000000 -1.000000 3.797750
2 2 0.178615 0.100533 82.957588 -1.000000 -1.000000 3.386446
1 1 0.066343 0.136534 298.249603 -1.000000 -1.000000 2.815987
0 1 0.051549 0.066668 165.932007 -1.000000 -1.000000 1.815036
0 -3 0.125584 0.045134 103.019798 -1.000000 -1.000000 3.625255
2 -2 0.084130 0.062330 161.886398 -1.000000 -1.000000 3.639779
2 0 0.122875 0.022134 133.778900 -1.000000 -1.000000 3.370564
2 1 0.183268 0.124775 155.456802 -1.000000 -1.000000 3.558691
2 -2 0.045922 0.093289 121.427299 -1.000000 -1.000000 3.393513
0 0 0.023597 0.126464 118.681702 -1.000000 -1.000000 3.374387
0 2 0.044382 0.088247 115.889999 -1.000000 -1.000000 3.345091
2 2 0.268543 0.101783 224.767899 -1.000000 -1.000000 1.173901
0 0 0.073472 0.148341 186.403107 -1.000000 -1.000000 3.564457
1 0 0.214291 0.017015 145.395493 -1.000000 -1.000000 5.657503
1 0 0.133293 0.106021 224.703995 -1.000000 -1.000000 3.324971
1 2 0.053614 0.191605 171.747406 -1.000000 -1.000000 3.568108
-2 0 0.111476 0.049885 117.718201 -1.000000 -1.000000 5.266152
0 0 0.048047 0.061657 104.405197 -1.000000 -1.000000 0.212089
-2 1 0.119051 0.047221 88.522308 -1.000000 -1.000000 0.879891
0 3 0.051133 0.195287 241.075607 -1.000000 -1.000000 5.031161
-1 0 0.115833 0.132622 149.629105 -1.000000 -1.000000 3.126166
2 0 0.272933 0.011127 136.799805 -1.000000 -1.000000 2.065251
1 0 0.239543 0.023288 124.493401 -1.000000 -1.000000 3.964765
3 2 0.101557 0.054934 112.602402 -1.000000 -1.000000 1.017367
2 0 0.247240 0.068533 110.161697 -1.000000 -1.000000 3.682511
-4 -2 0.046301 0.248015 183.567307 -1.000000 -1.000000 3.071789
2 2 0.372607 0.095602 256.666199 -1.000000 -1.000000 3.150068
0 5 0.339954 0.020038 119.798798 -1.000000 -1.000000 3.806429
1 0 0.145475 0.036090 132.364304 -1.000000 -1.000000 2.075825
1 0 0.232430 0.025107 112.072304 -1.000000 -1.000000 3.540015
0 0 0.063373 0.146121 158.094803 -1.000000 -1.000000 0.146637
2 -2 0.117890 0.079470 92.291367 -1.000000 -1.000000 4.474958
0 2 0.024136 0.058920 114.756401 -1.000000 -1.000000 3.438857
0 2 0.040260 0.168114 141.521896 -1.000000 -1.000000 3.497923
0 0 0.061391 0.055853 127.652397 -1.000000 -1.000000 4.272976
-2 2 0.086744 0.178003 117.678398 -1.000000 -1.000000 4.228811
1 0 0.103916 0.105967 252.846603 -1.000000 -1.000000 0.747039
2 0 0.115395 0.048050 181.703003 -1.000000 -1.000000 3.354465
0 2 0.268858 0.105112 252.645096 -1.000000 -1.000000 5.841008
0 2 0.064197 0.363249 342.833710 -1.000000 -1.000000 3.693479
-1 2 0.015800 0.193209 143.826706 -1.000000 -1.000000 3.404274
-1 0 0.048797 0.075839 100.341400 -1.000000 -1.000000 3.544919
2 0 0.139882 0.036932 165.006393 -1.000000 -1.000000 3.745170
2 1 0.018711 0.131942 96.338562 -1.000000 -1.000000 3.759720
2 2 0.226627 0.220982 158.320007 -1.000000 -1.000000 5.234151
0 -3 0.132702 0.065339 197.714401 -1.000000 -1.000000 0.566330
0 4 0.048877 0.075326 181.004196 -1.000000 -1.000000 2.788483
0 -3 0.060403 0.255451 245.845093 -1.000000 -1.000000 2.705680
1 1 0.186230 0.357906 385.643005 -1.000000 -1.000000 1.016453
2 0 0.184298 0.022983 100.950104 -1.000000 -1.000000 3.046838
0 2 0.064852 0.195952 121.596100 -1.000000 -1.000000 4.709348
-1 1 0.110875 0.322005 302.675201 -1.000000 -1.000000 3.381835
2 2 0.522659 0.242377 209.054001 -1.000000 -1.000000 3.152674
-3 0 0.136799 0.060875 219.192505 -1.000000 -1.000000 3.722880
2 2 0.251463 0.120329 324.450409 -1.000000 -1.000000 3.481446
0 2 0.076543 0.079534 290.576385 -1.000000 -1.000000 3.396771
0 2 0.051368 0.179145 122.858002 -1.000000 -1.000000 3.629064
0 2 0.055981 0.207455 222.135895 -1.000000 -1.000000 5.576624
-1 2 0.165731 0.219739 141.918793 -1.000000 -1.000000 0.662269
2 0 0.255995 0.040921 142.314896 -1.000000 -1.000000 0.547899
0 2 0.035181 0.269649 208.533096 -1.000000 -1.000000 3.796714
3 0 0.101486 0.126169 256.534698 -1.000000 -1.000000 5.610715
-1 1 0.055199 0.270257 199.240799 -1.000000 -1.000000 3.577001
1 0 0.149217 0.025672 117.701599 -1.000000 -1.000000 3.259128
1 2 0.177581 0.048089 176.468094 -1.000000 -1.000000 3.926671
0 2 0.012733 0.458146 203.259003 -1.000000 -1.000000 3.779269
2 -1 0.228460 0.286083 242.728607 -1.000000 -1.000000 5.481414
-5 0 0.034069 0.052117 148.960297 -1.000000 -1.000000 3.376788
-5 0 0.019219 0.333595 146.504196 -1.000000 -1.000000 0.171816
-1 1 0.057830 0.166543 237.506897 -1.000000 -1.000000 3.949395
2 2 0.141487 0.040264 126.383400 -1.000000 -1.000000 3.813644
2 -1 0.097859 0.119827 278.883392 -1.000000 -1.000000 3.785418
0 2 0.013048 0.129011 128.362595 -1.000000 -1.000000 3.305040
1 0 0.187459 0.042345 138.149902 -1.000000 -1.000000 1.973241
0 0 0.104374 0.048411 133.776596 -1.000000 -1.000000 4.335639
0 1 0.058723 0.260644 152.484299 -1.000000 -1.000000 3.815554
2 0 0.524453 0.074844 406.736511 -1.000000 -1.000000 3.483999
-1 0 0.138828 0.107398 128.272293 -1.000000 -1.000000 2.735786
2 0 0.136643 0.034686 94.654549 -1.000000 -1.000000 5.663007
-2 0 0.050575 0.149199 148.961105 -1.000000 -1.000000 2.393255
2 -3 0.142251 0.046501 177.271896 -1.000000 -1.000000 3.774712
2 0 0.137572 0.075974 154.941803 -1.000000 -1.000000 3.613560
0 1 0.055663 0.161793 261.472900 -1.000000 -1.000000 3.101207
2 1 0.298027 0.111074 284.845490 -1.000000 -1.000000 3.587185
2 2 0.134493 0.054178 104.903297 -1.000000 -1.000000 3.870398
0 0 0.006555 0.244987 107.810997 -1.000000 -1.000000 1.602994
2 0 0.122009 0.069977 207.123993 -1.000000 -1.000000 4.682809
0 0 0.030400 0.111749 163.380402 -1.000000 -1.000000 2.397039
0 2 0.136368 0.053838 206.688004 -1.000000 -1.000000 3.362042
