1 1 0.073570 0.090234 136.920898 -1.000000 -1.000000 0.203960
0 -1 0.108898 0.075530 108.994904 -1.000000 -1.000000 1.567816
2 2 0.049034 0.221944 125.209297 -1.000000 -1.000000 1.426475
2 3 0.266573 0.028073 132.740097 -1.000000 -1.000000 0.768164
0 0 0.059061 0.293505 188.467697 -1.000000 -1.000000 1.208499
2 3 0.514952 0.047162 123.235100 -1.000000 -1.000000 1.240594
1 2 0.082288 0.140975 123.359802 -1.000000 -1.000000 0.877103
0 0 0.073760 0.025484 138.410095 -1.000000 -1.000000 1.174128
0 2 0.036028 0.219188 129.633301 -1.000000 -1.000000 1.121941
0 2 0.023218 0.222948 155.548904 -1.000000 -1.000000 0.736066
2 2 0.091596 0.072155 132.379593 -1.000000 -1.000000 1.600789
1 0 0.080585 0.078741 134.335007 -1.000000 -1.000000 1.194546
0 0 0.218006 0.062275 125.689903 -1.000000 -1.000000 1.026063
2 0 0.132388 0.047338 120.285400 -1.000000 -1.000000 2.140930
0 3 0.024560 0.142234 136.140503 -1.000000 -1.000000 0.077075
1 2 0.157151 0.165645 157.046799 -1.000000 -1.000000 1.093107
2 0 0.186664 0.019984 141.116302 -1.000000 -1.000000 0.097265
2 1 0.134154 0.166976 131.817703 -1.000000 -1.000000 0.616416
0 2 0.023895 0.120717 110.002602 -1.000000 -1.000000 1.409185
2 0 0.151518 0.039238 128.449997 -1.000000 -1.000000 1.061139
0 1 0.121223 0.507434 401.250214 -1.000000 -1.000000 0.885036
2 0 0.259431 0.029251 151.695999 -1.000000 -1.000000 1.215756
2 1 0.069239 0.078152 146.118805 -1.000000 -1.000000 1.381889
4 0 0.135839 0.033634 124.826103 -1.000000 -1.000000 1.232921
0 2 0.084483 0.085448 192.765396 -1.000000 -1.000000 1.353615
0 0 0.017099 0.092176 120.403702 -1.000000 -1.000000 0.832795
-1 2 0.054689 0.275186 158.562698 -1.000000 -1.000000 0.303507
0 1 0.158001 0.202971 133.992996 -1.000000 -1.000000 1.277683
-2 1 0.014211 0.219585 133.230392 -1.000000 -1.000000 1.306352
2 2 0.057179 0.290313 160.749802 -1.000000 -1.000000 1.351325
0 2 0.016422 0.151393 114.832603 -1.000000 -1.000000 1.196163
0 -4 0.077118 0.028115 106.170799 -1.000000 -1.000000 1.551488
1 -1 0.158256 0.090389 163.451599 -1.000000 -1.000000 1.392131
0 -3 0.058615 0.054291 117.580902 -1.000000 -1.000000 0.868640
-1 2 0.085129 0.132453 115.118599 -1.000000 -1.000000 1.356166
1 2 0.228515 0.311808 148.222107 -1.000000 -1.000000 1.387213
2 0 0.114472 0.035380 137.774902 -1.000000 -1.000000 1.064728
2 0 0.209093 0.059474 328.279602 -1.000000 -1.000000 0.828927
1 2 0.101209 0.177137 350.041901 -1.000000 -1.000000 1.571575
1 0 0.135739 0.103765 191.713196 -1.000000 -1.000000 1.119616
0 1 0.120655 0.159198 138.113098 -1.000000 -1.000000 1.224307
0 0 0.147417 0.093497 295.958801 -1.000000 -1.000000 1.323050
0 2 0.029852 0.198643 148.871796 -1.000000 -1.000000 0.485850
0 -3 0.057224 0.050955 123.333397 -1.000000 -1.000000 0.726817
2 0 0.264808 0.021981 124.441101 -1.000000 -1.000000 2.140413
0 2 0.018327 0.087601 127.834801 -1.000000 -1.000000 0.483749
1 0 0.274736 0.129684 580.324280 -1.000000 -1.000000 0.239199
1 0 0.090414 0.093215 114.960197 -1.000000 -1.000000 1.202133
1 0 0.117319 0.087387 210.544601 -1.000000 -1.000000 0.609010
2 0 0.243639 0.057990 127.307098 -1.000000 -1.000000 1.271138
1 0 0.137218 0.051593 136.413605 -1.000000 -1.000000 1.323876
0 0 0.012869 0.147173 115.558601 -1.000000 -1.000000 0.338772
0 -3 0.087465 0.095426 131.854507 -1.000000 -1.000000 0.915560
1 0 0.161112 0.011079 113.200996 -1.000000 -1.000000 0.208394
0 3 0.050917 0.132577 125.891403 -1.000000 -1.000000 1.263298
1 2 0.010581 0.301740 141.419403 -1.000000 -1.000000 0.373236
0 2 0.130241 0.228983 184.928299 -1.000000 -1.000000 1.200918
1 1 0.142334 0.254728 162.067596 -1.000000 -1.000000 1.610886
0 3 0.054364 0.113530 134.490295 -1.000000 -1.000000 1.350931
0 1 0.111692 0.142966 135.669495 -1.000000 -1.000000 1.270305
0 2 0.076141 0.041958 265.646698 -1.000000 -1.000000 1.280166
2 0 0.082926 0.027619 109.820396 -1.000000 -1.000000 0.756789
1 3 0.276861 0.045126 145.968903 -1.000000 -1.000000 1.288407
2 0 0.115910 0.033085 139.229904 -1.000000 -1.000000 0.150250
0 2 0.087927 0.170254 171.699997 -1.000000 -1.000000 2.058141
-3 3 0.022433 0.147283 130.401093 -1.000000 -1.000000 1.371195
2 1 0.148965 0.103083 132.587204 -1.000000 -1.000000 1.284969
5 0 0.146005 0.043915 125.955101 -1.000000 -1.000000 1.317943
2 0 0.257778 0.060578 155.927704 -1.000000 -1.000000 1.406707
1 2 0.269936 0.229253 161.495499 -1.000000 -1.000000 1.129098
2 0 0.116589 0.034535 115.987701 -1.000000 -1.000000 1.356977
4 1 0.199556 0.085705 358.262909 -1.000000 -1.000000 1.299075
0 0 0.028637 0.382819 104.305000 -1.000000 -1.000000 1.336020
1 0 0.061353 0.030438 130.890396 -1.000000 -1.000000 1.211247
0 2 0.051117 0.154910 111.511200 -1.000000 -1.000000 0.611758
0 2 0.089980 0.084036 120.956299 -1.000000 -1.000000 1.598539
2 1 0.023143 0.200612 169.250305 -1.000000 -1.000000 0.661720
0 2 0.087802 0.206070 135.602402 -1.000000 -1.000000 0.440751
0 1 0.217681 0.170257 187.283707 -1.000000 -1.000000 1.260452
-1 0 0.065715 0.197216 133.680801 -1.000000 -1.000000 1.355883
2 -2 0.182989 0.028701 191.491898 -1.000000 -1.000000 1.584070
2 0 0.159845 0.118864 140.657593 -1.000000 -1.000000 1.304114
0 2 0.081307 0.075492 129.288101 -1.000000 -1.000000 1.230416
2 0 0.289519 0.200007 148.564407 -1.000000 -1.000000 1.271289
0 1 0.022587 0.061974 138.297302 -1.000000 -1.000000 1.102391
4 -4 0.210657 0.012252 131.309097 -1.000000 -1.000000 1.288918
1 0 0.239813 0.022249 122.584000 -1.000000 -1.000000 1.210540
0 2 0.088353 0.189743 110.285004 -1.000000 -1.000000 1.153386
0 1 0.009442 0.304262 131.709793 -1.000000 -1.000000 1.949755
0 -1 0.029158 0.133874 155.307800 -1.000000 -1.000000 1.383389
1 -1 0.216778 0.039779 169.137604 -1.000000 -1.000000 1.543889
0 0 0.068914 0.057511 116.565903 -1.000000 -1.000000 1.172632
-3 0 0.028157 0.148736 116.840897 -1.000000 -1.000000 0.458919
0 2 0.046903 0.158168 140.890701 -1.000000 -1.000000 1.203052
2 0 0.267846 0.068733 204.044907 -1.000000 -1.000000 1.301118
0 1 0.007371 0.148262 112.947998 -1.000000 -1.000000 0.726816
-1 -2 0.078242 0.137954 179.190506 -1.000000 -1.000000 1.002874
0 0 0.092192 0.069973 109.076103 -1.000000 -1.000000 1.298350
2 1 0.279191 0.033211 121.441002 -1.000000 -1.000000 1.239326
0 0 0.102189 0.048450 123.938698 -1.000000 -1.000000 1.349182
0 2 0.061933 0.144126 123.750603 -1.000000 -1.000000 0.480504
0 2 0.051114 0.077024 146.709198 -1.000000 -1.000000 1.274279
