2 2 0.082780 0.105140 140.048492 -1.000000 -1.000000 32.052458
0 2 0.018275 0.088468 111.860703 -1.000000 -1.000000 1.761829
2 2 0.518641 0.200559 348.997803 -1.000000 -1.000000 35.428104
1 0 0.202355 0.138689 225.914307 -1.000000 -1.000000 30.249653
0 2 0.087302 0.094466 102.190804 -1.000000 -1.000000 34.051311
1 1 0.142670 0.185001 251.949097 -1.000000 -1.000000 31.233732
0 2 0.154989 0.225190 174.803497 -1.000000 -1.000000 38.334864
-3 0 0.037990 0.330698 136.489304 -1.000000 -1.000000 22.739793
1 3 0.061863 0.315080 180.919205 -1.000000 -1.000000 1.381927
2 1 0.337682 0.111905 185.431793 -1.000000 -1.000000 35.710683
-5 1 0.073559 0.058155 106.467300 -1.000000 -1.000000 34.083679
0 0 0.045268 0.180657 256.418396 -1.000000 -1.000000 15.221178
0 1 0.061017 0.236881 210.145401 -1.000000 -1.000000 3.536916
2 1 0.378738 0.227725 401.901794 -1.000000 -1.000000 34.527504
-3 0 0.124551 0.111376 141.364700 -1.000000 -1.000000 34.073038
0 1 0.037879 0.126396 107.170197 -1.000000 -1.000000 32.349182
2 0 0.067041 0.078324 141.215103 -1.000000 -1.000000 35.073071
4 0 0.183672 0.039198 132.004303 -1.000000 -1.000000 35.692541
2 0 0.102223 0.077680 167.945999 -1.000000 -1.000000 36.224270
4 1 0.144548 0.146505 270.538208 -1.000000 -1.000000 50.443989
1 0 0.156257 0.116306 123.672501 -1.000000 -1.000000 35.406493
0 2 0.032789 0.225813 202.348495 -1.000000 -1.000000 32.686741
0 1 0.090757 0.077946 124.479897 -1.000000 -1.000000 33.349085
2 -2 0.312015 0.032036 247.113602 -1.000000 -1.000000 3.370763
0 -4 0.060717 0.074166 139.312607 -1.000000 -1.000000 30.393441
2 0 0.122834 0.065607 121.192200 -1.000000 -1.000000 34.796853
