0 2 0.329441 0.090314 211.833603 -1.000000 -1.000000 2.206792
-2 2 0.023527 0.268938 157.779205 -1.000000 -1.000000 2.078448
2 4 0.296771 0.051837 270.716400 -1.000000 -1.000000 0.166443
0 0 0.155077 0.018676 77.942398 -1.000000 -1.000000 0.148812
2 -1 0.076107 0.071889 76.702698 -1.000000 -1.000000 2.132381
2 0 0.121877 0.174192 165.488907 -1.000000 -1.000000 2.041216
2 0 0.198898 0.030597 139.154907 -1.000000 -1.000000 1.209774
2 1 0.171437 0.066446 83.505966 -1.000000 -1.000000 3.188854
-4 2 0.090815 0.094616 222.452103 -1.000000 -1.000000 2.058908
0 2 0.025213 0.062955 85.360268 -1.000000 -1.000000 0.333300
-2 0 0.176126 0.087833 162.278595 -1.000000 -1.000000 2.196864
2 -4 0.055659 0.048247 85.956139 -1.000000 -1.000000 2.187993
-2 0 0.037893 0.071525 107.667900 -1.000000 -1.000000 2.031226
0 2 0.015310 0.142077 71.755692 -1.000000 -1.000000 1.932049
0 0 0.109771 0.034157 129.877502 -1.000000 -1.000000 0.330040
0 2 0.042855 0.187519 135.410599 -1.000000 -1.000000 2.240588
0 0 0.059859 0.063350 55.660851 -1.000000 -1.000000 1.363067
