1 0 0.096480 0.092215 59.122429 -1.000000 -1.000000 35.974643
0 2 0.008338 0.390019 70.524651 -1.000000 -1.000000 7.762337
1 1 0.082781 0.044089 56.838371 -1.000000 -1.000000 32.658409
2 0 0.044726 0.110533 80.409378 -1.000000 -1.000000 33.330897
-1 1 0.208138 0.008500 43.315552 -1.000000 -1.000000 35.456196
0 2 0.068963 0.222437 176.222000 -1.000000 -1.000000 33.755795
0 2 0.052250 0.213467 66.538712 -1.000000 -1.000000 36.357478
1 0 0.131848 0.045832 94.409866 -1.000000 -1.000000 27.306855
1 -1 0.266651 0.069959 59.028912 -1.000000 -1.000000 1.444856
0 0 0.145503 0.089407 86.604958 -1.000000 -1.000000 39.904919
5 1 0.038921 0.256517 113.433601 -1.000000 -1.000000 33.863406
1 0 0.121866 0.091639 67.439079 -1.000000 -1.000000 43.840857
0 0 0.057831 0.100803 54.979839 -1.000000 -1.000000 33.495229
2 0 0.181552 0.039973 48.803501 -1.000000 -1.000000 22.949307
2 2 0.355900 0.234316 134.412094 -1.000000 -1.000000 36.340373
0 1 0.019080 0.117535 55.426250 -1.000000 -1.000000 23.239166
1 2 0.073728 0.401337 225.075195 -1.000000 -1.000000 15.870223
3 0 0.059754 0.047818 55.381809 -1.000000 -1.000000 31.535437
0 1 0.185455 0.196860 76.343231 -1.000000 -1.000000 27.686011
1 1 0.152965 0.062681 62.284401 -1.000000 -1.000000 35.024880
1 2 0.312157 0.451600 85.217697 -1.000000 -1.000000 34.776872
0 0 0.282056 0.017732 82.690453 -1.000000 -1.000000 34.428703
0 2 0.020956 0.332381 74.569763 -1.000000 -1.000000 23.806813
0 1 0.020753 0.095593 62.409771 -1.000000 -1.000000 27.094236
0 2 0.034088 0.222121 78.347557 -1.000000 -1.000000 37.720496
1 1 0.154482 0.249877 68.002930 -1.000000 -1.000000 10.390874
1 1 0.292320 0.097371 67.811913 -1.000000 -1.000000 21.414851
0 3 0.106331 0.187258 89.459999 -1.000000 -1.000000 36.347114
0 -2 0.181006 0.035084 79.374977 -1.000000 -1.000000 37.960305
0 0 0.073559 0.072349 64.139000 -1.000000 -1.000000 25.949933
2 2 0.101139 0.151814 65.177544 -1.000000 -1.000000 32.306212
0 4 0.060261 0.286049 67.792549 -1.000000 -1.000000 57.125043
0 -3 0.155805 0.085272 68.080017 -1.000000 -1.000000 28.380648
0 1 0.048963 0.141630 73.392410 -1.000000 -1.000000 29.975593
0 1 0.058341 0.148637 45.487400 -1.000000 -1.000000 34.520651
-1 0 0.083058 0.026480 52.814919 -1.000000 -1.000000 34.367678
0 2 0.274418 0.036726 78.359749 -1.000000 -1.000000 19.506066
0 1 0.045976 0.296755 130.060501 -1.000000 -1.000000 32.663724
0 1 0.068274 0.108297 62.392330 -1.000000 -1.000000 34.745293
0 2 0.058926 0.043227 56.077740 -1.000000 -1.000000 20.040482
0 1 0.021439 0.270745 70.458939 -1.000000 -1.000000 42.928381
0 3 0.102002 0.064467 57.985699 -1.000000 -1.000000 36.236063
0 -4 0.092033 0.063884 48.937389 -1.000000 -1.000000 37.900667
2 0 0.166438 0.012374 57.887089 -1.000000 -1.000000 2.030148
1 0 0.187082 0.094450 49.841068 -1.000000 -1.000000 38.633927
2 3 0.101007 0.191445 133.442902 -1.000000 -1.000000 23.115366
3 1 0.077746 0.186029 69.964920 -1.000000 -1.000000 58.004857
3 0 0.112434 0.033693 74.047783 -1.000000 -1.000000 37.083861
0 -1 0.034576 0.212680 65.246689 -1.000000 -1.000000 57.161379
0 2 0.036996 0.095638 51.638531 -1.000000 -1.000000 2.232805
0 0 0.124566 0.034373 56.576092 -1.000000 -1.000000 35.591714
