1 -1 0.036068 0.003714 92.585831 0.480482 0.851487 0.784867
-4 4 0.008209 0.024346 113.096443 0.407871 0.180279 0.664145
-5 5 0.003603 0.039552 95.505539 0.434634 0.064182 0.464622
2 -2 0.044659 0.002875 90.656433 0.636622 0.935943 0.329929
1 -1 0.036214 0.003589 91.205116 0.479963 0.862599 0.692583
1 -1 0.035203 0.003642 90.581474 0.483124 0.856522 0.718529
2 -2 0.069629 0.001711 87.314491 0.622365 1.159146 0.053572
3 -3 0.005199 0.024618 90.504555 0.684975 0.276341 0.961546
4 -4 0.030975 0.004108 90.246147 0.141596 0.593417 0.760311
-2 2 0.006361 0.020904 92.253426 0.654140 0.676279 1.143808
-5 5 0.006591 0.018614 88.609459 0.292722 0.133727 0.728516
3 -3 0.038632 0.003232 89.392868 0.192014 0.854273 0.617505
2 -2 0.045175 0.002856 90.864151 0.636262 0.939028 0.033782
1 -1 0.015023 0.009234 94.221565 0.600552 0.563581 0.822104
2 -2 0.050875 0.002560 91.298317 0.632516 0.985056 1.131848
2 -2 0.010592 0.006298 65.342972 0.737383 0.635683 0.523655
2 -2 0.051461 0.002549 91.631920 0.632169 0.987248 0.736109
-3 3 0.012517 0.011130 94.425346 0.431158 0.461646 0.032174
3 -3 0.005516 0.024513 93.027390 0.667260 0.277490 0.302473
-1 1 0.002518 0.052370 91.866516 1.003665 0.439569 0.774031
-1 1 0.024073 0.005324 90.564995 0.341335 0.826812 0.742236
-2 2 0.016863 0.007311 88.826782 0.391075 0.817361 0.433032
3 -3 0.009407 0.016575 99.894516 0.509258 0.364034 0.654078
-2 2 0.001228 0.107611 91.947891 1.336173 0.596134 0.739231
-2 2 0.003762 0.029623 84.450043 0.825271 0.652259 0.307338
-1 1 0.033001 0.004811 100.807320 0.283250 0.864671 0.688392
-2 2 0.036266 0.003737 93.128586 0.235898 0.986620 0.196573
-1 1 0.001325 0.122387 101.858269 1.324790 0.327875 0.773301
2 -2 0.087214 0.001493 91.274094 0.611445 1.233393 0.645966
-1 1 0.002240 0.056961 90.367622 1.051508 0.430483 0.741945
-1 1 0.019898 0.006727 92.559196 0.380010 0.766451 0.687179
1 -1 0.016640 0.007858 91.478073 0.583009 0.606996 0.718078
4 -4 0.003558 0.038162 93.215019 0.643795 0.114847 0.779060
-2 2 0.001275 0.075895 78.696358 1.284169 0.619753 0.606293
2 -2 0.037126 0.003214 87.385979 0.642839 0.888202 0.145348
-2 2 0.001724 0.070429 88.155624 1.157098 0.621866 0.042987
-2 2 0.003444 0.034849 87.638191 0.861842 0.645387 0.822334
3 -3 0.008077 0.016492 92.331001 0.549231 0.363665 0.719211
1 -1 0.006670 0.019324 90.823227 0.767401 0.385907 0.036494
2 -2 0.003996 0.032890 91.716026 0.965728 0.253618 0.953735
-3 3 0.023145 0.005670 91.645142 0.289174 0.657363 0.766543
3 -3 0.019119 0.006735 90.782295 0.329985 0.602473 0.757523
1 -1 0.117466 0.001217 95.656876 0.335741 1.357373 0.050792
2 -2 0.008733 0.014761 90.829506 0.785331 0.422652 0.458093
4 -4 0.060784 0.002450 97.620377 0.066814 0.785170 0.722935
-1 1 0.007827 0.018535 96.356552 0.610704 0.567521 1.273401
4 -4 0.003629 0.040467 96.948097 0.641027 0.108163 0.754978
4 -4 0.154173 0.000845 91.306221 0.014814 1.267365 0.460685
-2 2 0.001512 0.085804 91.107292 1.226629 0.612392 0.783091
2 -2 0.073176 0.001626 87.270279 0.620401 1.183061 0.698662
-2 2 0.004064 0.032253 91.586441 0.804948 0.649278 0.037891
4 -4 0.016318 0.007599 89.081902 0.245792 0.415517 0.452853
-2 2 0.025434 0.004994 90.157860 0.303178 0.904247 0.798231
-2 2 0.002249 0.056259 89.994400 1.038662 0.629418 0.708213
1 -1 0.002276 0.068551 99.933319 1.126519 0.166240 0.739538
-5 5 0.010390 0.013055 93.171844 0.215545 0.181165 0.728430
-2 2 0.033233 0.003908 91.165855 0.251675 0.971491 0.187812
1 -1 0.025602 0.005053 90.994469 0.521457 0.742656 0.754965
2 -2 0.027570 0.005106 94.922058 0.657922 0.727749 0.830269
-5 5 0.014533 0.009084 91.920723 0.165770 0.236969 0.745929
1 -1 0.032073 0.003721 87.398262 0.493586 0.845188 0.763232
3 -3 0.003067 0.037833 86.170609 0.870310 0.195495 0.224867
3 -3 0.007755 0.016630 90.849419 0.560386 0.361402 0.848306
1 -1 0.005663 0.030915 105.853653 0.821140 0.295304 1.009821
-2 2 0.005803 0.026426 99.066322 0.688086 0.661243 1.153583
3 -3 0.009928 0.012566 89.352531 0.489987 0.428587 0.821936
2 -2 0.010857 0.011923 91.017700 0.750076 0.475461 0.377655
-2 2 0.008887 0.014803 91.756752 0.554759 0.709450 0.742681
1 -1 0.051382 0.002503 90.719757 0.441663 1.004564 0.830385
2 -2 0.003248 0.039570 90.689445 1.027201 0.220405 0.669712
1 -1 0.036256 0.003437 89.306137 0.479746 0.876800 0.520824
