-1 1 0.003448 0.038029 91.610275 0.878169 0.474446 0.756616
2 -2 0.033395 0.004226 95.041985 0.648100 0.793725 0.181103
2 -2 0.093227 0.001743 101.982193 0.605752 1.175903 1.014138
-2 2 0.003729 0.036635 93.499702 0.838199 0.644008 0.421382
-1 1 0.002082 0.063413 91.932205 1.086219 0.418468 0.984732
2 -2 0.091368 0.001380 89.829018 0.608825 1.270595 0.890924
2 -2 0.081154 0.001611 91.464653 0.615286 1.195850 1.156217
2 -2 0.042643 0.003000 90.481171 0.638176 0.918761 0.985540
4 -4 0.001855 0.064585 87.566246 0.881225 0.061382 1.055017
-3 3 0.015151 0.008922 93.015503 0.383793 0.521301 0.983667
5 -5 0.014987 0.007988 87.533226 0.160042 0.256327 0.810113
-2 2 0.001075 0.112876 88.126717 1.399639 0.592478 1.559400
2 -2 0.091126 0.001526 94.353569 0.608332 1.227965 1.542965
-1 1 0.015749 0.008875 94.579155 0.431324 0.702666 0.083051
-1 1 0.000714 0.177620 90.061966 1.656349 0.258082 1.094472
2 -2 0.224806 0.003093 210.958847 0.427815 0.994259 1.003240
-2 2 0.001288 0.101193 91.343285 1.309147 0.601382 1.003588
-1 1 0.007258 0.017789 90.900185 0.629808 0.572442 1.077174
2 -2 0.099320 0.001322 91.654266 0.602762 1.296597 0.086420
1 -1 0.027922 0.004465 89.323341 0.510290 0.782617 1.066095
1 -1 0.103031 0.001264 91.294205 0.356834 1.327495 1.114913
1 -1 0.108262 0.001225 92.124725 0.349251 1.346095 0.056394
3 -3 0.019655 0.006799 92.478897 0.324105 0.600683 1.124546
-1 1 0.042247 0.003096 91.494347 0.240946 0.998374 1.116053
1 -1 0.039903 0.003651 96.566551 0.469237 0.861747 0.485078
-3 3 0.002434 0.055882 93.304535 0.973889 0.133739 1.130096
2 -2 0.013927 0.009220 90.655968 0.716141 0.543919 1.091847
-2 2 0.007143 0.018351 91.594948 0.618224 0.687347 0.996539
2 -2 0.042745 0.003099 92.075142 0.638188 0.907926 1.169803
-2 2 0.003738 0.034326 90.617485 0.834318 0.646370 0.929437
-1 1 0.009538 0.013722 91.523758 0.553523 0.615229 1.083792
-2 2 0.001706 0.040073 66.151535 1.112835 0.637842 0.164798
2 -2 0.065136 0.002664 105.384506 0.623824 0.985983 0.610106
1 -1 0.018801 0.006772 90.266396 0.564012 0.649688 1.099579
-2 2 0.040523 0.003575 96.284134 0.216369 1.003487 1.050469
1 -1 0.115809 0.001140 91.921898 0.338707 1.385069 1.026913
1 -1 0.015690 0.008656 93.231628 0.593127 0.580795 1.082796
-1 1 0.001550 0.085593 92.146172 1.225126 0.382372 1.017597
2 -2 0.097049 0.001216 86.895905 0.605280 1.329633 0.050000
2 -2 0.033585 0.003835 90.792603 0.647325 0.825107 0.989795
3 -3 0.089687 0.001427 90.496315 0.074340 1.217242 1.149549
2 -2 0.022407 0.005633 89.879562 0.670487 0.691233 1.133497
2 -2 0.028826 0.004528 91.397263 0.654838 0.765940 0.062602
2 -2 0.012069 0.010931 91.886032 0.735128 0.498506 0.997353
-2 2 0.040110 0.080768 455.337524 0.218087 0.598449 1.147436
1 -1 0.005225 0.011231 61.282566 0.800503 0.496921 1.117097
4 -4 0.064366 0.002040 91.676788 0.061795 0.849354 0.054237
2 -2 0.087908 0.003798 146.169357 0.605087 0.871638 1.105019
-1 1 0.004249 0.030056 90.406860 0.800907 0.501525 0.297351
5 -5 0.002340 0.048819 85.510124 0.539223 0.049124 0.373791
2 -2 0.026358 0.004757 89.581772 0.659644 0.747481 1.686890
-2 2 0.002831 0.047442 92.715210 0.944938 0.634784 1.142993
1 -1 0.086416 0.003694 142.926514 0.375770 0.893773 0.397829
-2 2 0.004262 0.125943 185.336975 0.844200 0.564527 1.156501
-2 2 0.002355 0.057764 93.310333 1.023287 0.628514 0.162286
-2 2 0.002618 0.050172 91.691628 0.976261 0.632955 0.917783
2 -2 0.007513 0.015937 87.540977 0.811096 0.403925 1.090063
-1 1 0.002403 0.053555 90.761108 1.021570 0.437203 1.680435
-2 2 0.017888 0.007435 92.257942 0.378406 0.816485 0.223629
5 -5 0.003960 0.031406 89.217171 0.404050 0.081486 1.001671
-2 2 0.008469 0.016106 93.433083 0.569083 0.700895 1.056825
1 -1 0.003099 0.042552 91.863655 0.998538 0.239758 1.130464
-2 2 0.013494 0.010044 93.134605 0.445136 0.762996 1.241482
-2 2 0.015245 0.008552 91.347176 0.415188 0.789300 0.546779
-1 1 0.055867 0.002366 91.968239 0.196879 1.099311 1.120720
-3 3 0.019378 0.006638 90.729721 0.326966 0.606916 0.680720
-1 1 0.011739 0.010937 90.645317 0.499711 0.657258 1.249775
-1 1 0.004821 0.027013 91.294464 0.758560 0.514692 1.147951
-1 1 0.011993 0.012342 97.329353 0.496616 0.636519 0.215829
-1 1 0.022152 0.005950 91.849007 0.358048 0.797845 0.985907
2 -2 0.120934 0.001025 89.076294 0.585056 1.428466 1.094542
1 -1 0.058423 0.002232 91.352417 0.427638 1.054662 1.521990
3 -3 0.028747 0.004471 90.693321 0.245756 0.736315 1.078097
-2 2 0.008268 0.016256 92.748253 0.575592 0.699642 0.230998
5 -5 0.005720 0.021563 88.849304 0.321342 0.117355 1.047933
5 -5 0.001290 0.102392 91.932892 0.752446 0.017005 0.954557
3 -3 0.021945 0.008693 110.492851 0.302608 0.536062 1.010951
2 -2 0.034678 0.004103 95.431244 0.646492 0.805016 1.146784
1 -1 0.075073 0.001653 89.117081 0.399129 1.188189 1.113979
-2 2 0.001803 0.070487 90.193306 1.139459 0.621681 0.277707
-2 2 0.014498 0.009035 91.561554 0.427133 0.779889 0.593667
-1 1 0.014219 0.009680 93.859207 0.454468 0.683371 1.238680
2 -2 0.088562 0.001482 91.636765 0.610486 1.237918 1.133193
-2 2 0.003308 0.040510 92.610802 0.883227 0.640104 1.105244
-2 2 0.026404 0.004794 90.009407 0.295720 0.914370 0.930566
-3 3 0.120948 0.002971 151.638092 0.045318 0.944695 0.501011
-2 2 0.004320 0.029102 89.697510 0.780918 0.654055 1.291727
-2 2 0.002834 0.048205 93.503906 0.945518 0.634297 0.706826
2 -2 0.046736 0.002790 91.354301 0.635210 0.949250 0.709800
1 -1 0.048034 0.004038 111.414619 0.448557 0.837696 0.995579
1 -1 0.027203 0.004688 90.339897 0.513683 0.767066 1.073176
-2 2 0.001206 0.105103 90.074379 1.341444 0.598547 0.085822
-1 1 0.003275 0.040036 91.603516 0.898078 0.468775 0.777354
2 -2 0.008534 0.013936 87.241653 0.787070 0.435476 0.495497
-5 5 0.003197 0.039883 90.328156 0.459660 0.062973 1.089867
1 -1 0.022579 0.005849 91.937241 0.538273 0.695998 0.117973
-2 2 0.002045 0.068766 94.873375 1.088766 0.622321 1.090410
2 -2 0.064042 0.002045 91.561142 0.625109 1.083470 1.107133
-1 1 0.019485 0.013120 127.910538 0.389167 0.633927 1.069679
3 -3 0.049689 0.002689 92.467575 0.151215 0.931494 0.296865
-1 1 0.001285 0.098564 90.030220 1.316077 0.363460 1.072605
-2 2 0.008946 0.011046 79.528236 0.546676 0.741241 0.806369
-2 2 0.001161 0.117345 93.370445 1.370380 0.587376 1.421989
-1 1 0.003162 0.037057 86.601814 0.905308 0.477156 0.380833
2 -2 0.071336 0.002973 116.509033 0.619353 0.950389 1.609338
-1 1 0.002241 0.066864 97.933441 1.062458 0.411929 1.162096
-1 1 0.008167 0.014414 86.798759 0.593508 0.605066 0.975239
