2 0 0.298388 0.015423 229.839005 -1.000000 -1.000000 0.000764
0 0 0.045705 0.132999 150.098007 -1.000000 -1.000000 0.000625
0 1 0.010517 0.122256 96.190598 -1.000000 -1.000000 0.000029
1 0 0.047536 0.044637 83.898003 -1.000000 -1.000000 0.000750
0 0 0.104606 0.112636 80.863098 -1.000000 -1.000000 0.000815
0 0 0.042232 0.091534 202.591003 -1.000000 -1.000000 0.000692
0 0 0.022955 0.085148 97.207703 -1.000000 -1.000000 0.000681
0 0 0.009053 0.092927 75.988197 -1.000000 -1.000000 0.000758
0 0 0.035400 0.059294 108.861000 -1.000000 -1.000000 0.000791
0 0 0.019357 0.135672 168.897995 -1.000000 -1.000000 0.000329
0 0 0.214488 0.006065 116.799004 -1.000000 -1.000000 0.000439
