0 0 0.186404 0.008143 125.069000 -1.000000 -1.000000 0.000031
0 0 0.010733 0.286027 167.423004 -1.000000 -1.000000 0.000410
0 0 0.249589 0.014229 220.343994 -1.000000 -1.000000 0.000408
0 0 0.174401 0.254432 264.006012 -1.000000 -1.000000 0.000410
0 0 0.020931 0.118991 94.426498 -1.000000 -1.000000 0.000038
0 0 0.017358 0.088151 72.589897 -1.000000 -1.000000 0.000083
0 0 0.048794 0.044004 159.026993 -1.000000 -1.000000 0.000059
0 0 0.116641 0.045931 198.110992 -1.000000 -1.000000 0.000358
0 0 0.111751 0.007331 60.070801 -1.000000 -1.000000 0.000346
0 1 0.139579 0.084255 420.570007 -1.000000 -1.000000 0.000488
0 0 0.065761 0.015102 81.958099 -1.000000 -1.000000 0.000258
0 0 0.044874 0.206026 149.264008 -1.000000 -1.000000 0.000418
0 0 0.008701 0.076146 47.773102 -1.000000 -1.000000 0.000387
0 0 0.067717 0.154405 213.447998 -1.000000 -1.000000 0.000417
