4 2 0.144418 0.183632 78.663513 -1.000000 -1.000000 0.379701
0 -4 0.116124 0.045003 66.060913 -1.000000 -1.000000 0.372110
1 0 0.062769 0.080023 81.403801 -1.000000 -1.000000 0.053843
0 0 0.034999 0.079566 56.299889 -1.000000 -1.000000 0.324659
2 0 0.132616 0.014041 117.405296 -1.000000 -1.000000 0.343952
-4 -2 0.138644 0.067042 93.454498 -1.000000 -1.000000 0.172020
1 0 0.085034 0.041034 122.804604 -1.000000 -1.000000 0.157980
0 1 0.161781 0.086071 201.094193 -1.000000 -1.000000 0.200372
2 -1 0.084541 0.061923 153.095001 -1.000000 -1.000000 0.319486
-1 0 0.195524 0.018024 76.075630 -1.000000 -1.000000 0.289194
-2 -2 0.068327 0.056081 60.746849 -1.000000 -1.000000 0.376116
2 1 0.176076 0.065320 138.578903 -1.000000 -1.000000 0.014457
-4 0 0.184220 0.071401 113.238403 -1.000000 -1.000000 0.315008
2 0 0.104477 0.085026 86.023468 -1.000000 -1.000000 0.367167
-2 0 0.050428 0.105023 143.930801 -1.000000 -1.000000 0.017161
2 0 0.111073 0.036936 71.888840 -1.000000 -1.000000 0.262776
2 0 0.117468 0.049964 104.425102 -1.000000 -1.000000 0.379613
-2 2 0.009327 0.359163 147.628296 -1.000000 -1.000000 0.369684
0 3 0.019013 0.103238 96.073288 -1.000000 -1.000000 0.412973
2 0 0.086519 0.046272 90.719551 -1.000000 -1.000000 0.135991
5 2 0.022275 0.119115 147.949600 -1.000000 -1.000000 0.455148
0 -2 0.037769 0.106443 83.847069 -1.000000 -1.000000 0.335090
-1 2 0.015952 0.149577 78.482193 -1.000000 -1.000000 0.369129
0 0 0.156973 0.129179 184.984207 -1.000000 -1.000000 0.340151
2 1 0.113607 0.110163 105.241898 -1.000000 -1.000000 0.316839
1 2 0.173287 0.070451 131.093994 -1.000000 -1.000000 0.309567
2 3 0.231526 0.028503 244.406998 -1.000000 -1.000000 0.339506
2 0 0.359928 0.109450 122.356697 -1.000000 -1.000000 0.015320
2 5 0.172800 0.121240 158.225998 -1.000000 -1.000000 0.354415
-2 0 0.036286 0.091263 90.616592 -1.000000 -1.000000 0.294411
0 2 0.059775 0.273120 86.336723 -1.000000 -1.000000 0.334746
0 -3 0.213217 0.012012 176.799194 -1.000000 -1.000000 0.509560
-2 4 0.035750 0.177889 82.054443 -1.000000 -1.000000 0.376108
0 2 0.025451 0.129264 89.506752 -1.000000 -1.000000 0.363671
2 -2 0.075738 0.104715 128.847900 -1.000000 -1.000000 0.012713
-2 0 0.145692 0.044598 108.867302 -1.000000 -1.000000 0.226256
2 0 0.275729 0.011822 116.642799 -1.000000 -1.000000 0.220317
5 0 0.147682 0.037208 105.022003 -1.000000 -1.000000 0.335261
2 2 0.368541 0.026812 126.096100 -1.000000 -1.000000 0.556707
3 2 0.198517 0.269794 185.697693 -1.000000 -1.000000 0.130672
0 1 0.022183 0.197075 83.488403 -1.000000 -1.000000 0.313715
0 0 0.063371 0.034650 93.350502 -1.000000 -1.000000 0.289777
2 2 0.044447 0.196979 128.935196 -1.000000 -1.000000 0.208070
0 0 0.031905 0.189738 146.700302 -1.000000 -1.000000 0.339838
1 0 0.143402 0.038816 117.638199 -1.000000 -1.000000 0.076486
2 0 0.144366 0.053297 125.489502 -1.000000 -1.000000 0.376959
2 3 0.081845 0.152305 139.502701 -1.000000 -1.000000 0.557892
0 2 0.023302 0.168322 136.018097 -1.000000 -1.000000 0.314228
0 2 0.012909 0.224725 129.998398 -1.000000 -1.000000 0.014411
0 -4 0.047934 0.138625 114.317398 -1.000000 -1.000000 0.011974
-4 0 0.215865 0.065046 140.508896 -1.000000 -1.000000 0.027935
3 0 0.025748 0.116253 82.117371 -1.000000 -1.000000 0.295529
0 -5 0.028280 0.063415 88.372276 -1.000000 -1.000000 0.233069
0 0 0.045396 0.096747 75.135841 -1.000000 -1.000000 0.307241
1 2 0.099920 0.139597 156.930893 -1.000000 -1.000000 0.338316
2 1 0.137284 0.264572 130.197006 -1.000000 -1.000000 0.377647
-2 -2 0.034890 0.126025 142.874100 -1.000000 -1.000000 0.362581
0 -2 0.013526 0.107793 86.793533 -1.000000 -1.000000 0.162071
2 0 0.234662 0.017802 66.842583 -1.000000 -1.000000 0.327527
0 2 0.055001 0.197939 185.642303 -1.000000 -1.000000 0.039686
0 2 0.097983 0.117233 93.438858 -1.000000 -1.000000 0.362403
0 2 0.031918 0.249719 121.943298 -1.000000 -1.000000 0.134276
-2 0 0.049645 0.168058 192.448700 -1.000000 -1.000000 0.113578
2 2 0.101342 0.127489 77.525452 -1.000000 -1.000000 0.326879
0 2 0.023529 0.340096 171.866699 -1.000000 -1.000000 0.562812
-1 0 0.026593 0.077694 81.623520 -1.000000 -1.000000 0.359591
2 0 0.177417 0.014729 98.272141 -1.000000 -1.000000 0.363893
2 2 0.341287 0.080446 230.937500 -1.000000 -1.000000 0.495885
0 0 0.055468 0.051135 152.912704 -1.000000 -1.000000 0.156363
1 2 0.058088 0.060577 104.007896 -1.000000 -1.000000 0.382789
1 2 0.089068 0.129841 141.550705 -1.000000 -1.000000 0.056059
0 2 0.032271 0.224855 162.780396 -1.000000 -1.000000 0.387906
0 0 0.099637 0.028801 161.874893 -1.000000 -1.000000 0.325091
-2 0 0.041868 0.077683 117.060501 -1.000000 -1.000000 0.153354
0 2 0.011998 0.257812 164.421997 -1.000000 -1.000000 0.205400
2 1 0.034191 0.276108 195.851898 -1.000000 -1.000000 0.074914
4 2 0.044439 0.216791 160.084305 -1.000000 -1.000000 0.367973
0 1 0.140009 0.037281 86.850510 -1.000000 -1.000000 0.331079
0 2 0.021916 0.138357 110.265800 -1.000000 -1.000000 0.292263
-3 4 0.047790 0.117831 62.606270 -1.000000 -1.000000 0.188994
1 2 0.083624 0.170897 166.215805 -1.000000 -1.000000 0.199983
2 0 0.147011 0.112242 160.245499 -1.000000 -1.000000 0.342041
2 0 0.123300 0.093949 126.611603 -1.000000 -1.000000 0.310044
2 0 0.206613 0.072571 143.945099 -1.000000 -1.000000 0.330872
2 2 0.060039 0.124941 84.224861 -1.000000 -1.000000 0.166516
5 0 0.083784 0.041256 70.065063 -1.000000 -1.000000 0.287027
0 -4 0.098664 0.020075 69.208412 -1.000000 -1.000000 0.219155
2 1 0.134168 0.146357 85.656181 -1.000000 -1.000000 0.021121
0 2 0.015973 0.289418 219.946899 -1.000000 -1.000000 0.556208
0 0 0.136707 0.066840 62.498081 -1.000000 -1.000000 0.329776
1 0 0.156249 0.131586 83.103638 -1.000000 -1.000000 0.493316
0 4 0.208352 0.013403 173.530701 -1.000000 -1.000000 0.291217
-4 0 0.036724 0.042363 64.492638 -1.000000 -1.000000 0.495251
2 0 0.177967 0.042756 211.697403 -1.000000 -1.000000 0.370671
0 2 0.083339 0.355155 88.847961 -1.000000 -1.000000 0.306043
-1 0 0.052866 0.076809 73.568367 -1.000000 -1.000000 0.417920
0 2 0.065372 0.148576 177.472397 -1.000000 -1.000000 0.272651
2 0 0.049705 0.213575 175.112000 -1.000000 -1.000000 0.325645
0 2 0.029776 0.216981 274.921600 -1.000000 -1.000000 0.366584
2 1 0.202150 0.043517 73.396339 -1.000000 -1.000000 0.192120
0 0 0.090059 0.070682 130.772400 -1.000000 -1.000000 0.341369
-2 2 0.072004 0.102315 69.144127 -1.000000 -1.000000 0.316574
0 -2 0.048582 0.031951 110.173798 -1.000000 -1.000000 0.167403
0 -1 0.021995 0.170981 129.718506 -1.000000 -1.000000 0.354359
0 2 0.012443 0.182276 97.895058 -1.000000 -1.000000 0.362735
-3 1 0.025921 0.184912 123.871498 -1.000000 -1.000000 0.014816
2 0 0.108998 0.115923 80.388863 -1.000000 -1.000000 0.319091
-4 2 0.087833 0.362331 77.696381 -1.000000 -1.000000 0.431674
0 1 0.035061 0.137465 95.213417 -1.000000 -1.000000 0.017491
2 0 0.093993 0.048224 110.721703 -1.000000 -1.000000 0.041498
2 2 0.054126 0.074499 73.901657 -1.000000 -1.000000 0.371495
1 2 0.028343 0.137789 134.897903 -1.000000 -1.000000 0.375972
2 0 0.070832 0.106797 99.708221 -1.000000 -1.000000 0.232005
2 2 0.067719 0.203569 69.184799 -1.000000 -1.000000 0.307798
0 0 0.029585 0.253877 147.265900 -1.000000 -1.000000 0.408738
2 0 0.097940 0.064200 145.675003 -1.000000 -1.000000 0.372912
0 -4 0.019698 0.155126 116.650902 -1.000000 -1.000000 0.335529
-3 0 0.030106 0.117350 164.709198 -1.000000 -1.000000 0.342691
2 0 0.151484 0.016483 146.497498 -1.000000 -1.000000 0.236707
1 4 0.141858 0.112283 121.067802 -1.000000 -1.000000 0.356920
0 2 0.043937 0.146028 167.864807 -1.000000 -1.000000 0.359231
4 1 0.031045 0.138789 147.553604 -1.000000 -1.000000 0.378659
0 2 0.065006 0.037925 98.773849 -1.000000 -1.000000 0.309142
0 0 0.208556 0.076859 154.358002 -1.000000 -1.000000 0.368296
2 0 0.140084 0.018703 120.359200 -1.000000 -1.000000 0.310671
0 2 0.079602 0.086461 104.161903 -1.000000 -1.000000 0.343755
2 0 0.096866 0.033388 166.061996 -1.000000 -1.000000 0.237278
0 1 0.057970 0.114891 136.684998 -1.000000 -1.000000 0.354134
