0 2 0.043279 0.391200 152.278305 -1.000000 -1.000000 0.051828
-2 2 0.313542 0.091036 376.223114 -1.000000 -1.000000 0.002691
-4 0 0.082578 0.090919 244.858597 -1.000000 -1.000000 0.047234
0 2 0.020687 0.342789 191.283096 -1.000000 -1.000000 0.055737
2 0 0.348655 0.082368 382.500305 -1.000000 -1.000000 0.056624
0 2 0.031481 0.214115 144.368393 -1.000000 -1.000000 0.052492
-2 -3 0.156268 0.120094 164.582901 -1.000000 -1.000000 0.054804
2 2 0.200386 0.240982 118.532097 -1.000000 -1.000000 0.058043
2 0 0.251924 0.144508 201.253799 -1.000000 -1.000000 0.036202
-1 1 0.069739 0.341292 264.999207 -1.000000 -1.000000 0.002406
0 2 0.077031 0.598078 466.709106 -1.000000 -1.000000 0.048487
2 0 0.262724 0.141579 311.891113 -1.000000 -1.000000 0.050434
2 -1 0.309880 0.084482 154.346405 -1.000000 -1.000000 0.054300
-1 2 0.050631 0.333815 212.435104 -1.000000 -1.000000 0.049800
2 -3 0.173644 0.061716 215.456406 -1.000000 -1.000000 0.056118
0 1 0.119706 0.138617 180.709595 -1.000000 -1.000000 0.045926
-2 0 0.205806 0.105349 223.608505 -1.000000 -1.000000 0.052222
-2 2 0.047586 0.354850 197.944305 -1.000000 -1.000000 0.051107
2 2 0.140450 0.502629 233.263000 -1.000000 -1.000000 0.053543
0 2 0.052753 0.245106 233.507202 -1.000000 -1.000000 0.055084
2 2 0.173181 0.140801 163.115906 -1.000000 -1.000000 0.017458
0 2 0.175411 0.243123 111.226501 -1.000000 -1.000000 0.053670
0 0 0.059542 0.141714 174.666107 -1.000000 -1.000000 0.010773
4 1 0.173827 0.253627 187.395706 -1.000000 -1.000000 0.011253
1 2 0.169037 0.303738 267.761292 -1.000000 -1.000000 0.057738
1 1 0.247361 0.111016 235.352203 -1.000000 -1.000000 0.057723
0 0 0.251988 0.064258 200.656494 -1.000000 -1.000000 0.003259
2 -3 0.246587 0.039659 195.265594 -1.000000 -1.000000 0.022794
1 2 0.284980 0.143259 212.285599 -1.000000 -1.000000 0.055947
0 -4 0.250245 0.065145 212.983902 -1.000000 -1.000000 0.056095
0 0 0.047272 0.089182 123.649002 -1.000000 -1.000000 0.002417
2 0 0.275081 0.104861 197.453506 -1.000000 -1.000000 0.051675
2 2 0.077990 0.514714 289.462402 -1.000000 -1.000000 0.053030
1 2 0.197829 0.282641 128.302902 -1.000000 -1.000000 0.017709
2 0 0.229499 0.036750 148.026199 -1.000000 -1.000000 0.058243
2 2 0.161657 0.224148 185.922607 -1.000000 -1.000000 0.049988
2 -2 0.102123 0.178685 217.074295 -1.000000 -1.000000 0.024887
2 0 0.422210 0.074558 360.205688 -1.000000 -1.000000 0.066231
2 2 0.216810 0.102350 274.725586 -1.000000 -1.000000 0.037141
0 2 0.046208 0.156538 109.404503 -1.000000 -1.000000 0.049483
4 2 0.224523 0.423731 406.066498 -1.000000 -1.000000 0.055636
0 2 0.333715 0.055148 102.242897 -1.000000 -1.000000 0.049834
2 0 0.438983 0.012633 213.717300 -1.000000 -1.000000 0.052100
2 0 0.226305 0.081497 161.003998 -1.000000 -1.000000 0.056922
0 0 0.047363 0.124496 135.039093 -1.000000 -1.000000 0.078145
0 2 0.020409 0.241025 117.274200 -1.000000 -1.000000 0.002531
2 2 0.379797 0.126513 253.631393 -1.000000 -1.000000 0.034624
2 4 0.058078 0.153802 259.308289 -1.000000 -1.000000 0.029658
5 -3 0.212140 0.187565 169.912399 -1.000000 -1.000000 0.036085
2 0 0.413277 0.067617 295.837006 -1.000000 -1.000000 0.053171
-4 2 0.050852 0.401568 243.201294 -1.000000 -1.000000 0.052894
2 1 0.486988 0.071628 246.669205 -1.000000 -1.000000 0.004295
2 0 0.091311 0.115082 261.253510 -1.000000 -1.000000 0.051669
2 1 0.077075 0.351556 227.848007 -1.000000 -1.000000 0.053563
-2 2 0.086199 0.273965 283.902191 -1.000000 -1.000000 0.052005
2 0 0.110732 0.145756 430.933105 -1.000000 -1.000000 0.075974
2 2 0.080185 0.061924 166.362106 -1.000000 -1.000000 0.055399
2 2 0.151163 0.300047 166.310501 -1.000000 -1.000000 0.084615
0 2 0.104403 0.061844 147.162506 -1.000000 -1.000000 0.029842
0 2 0.249598 0.175720 155.947906 -1.000000 -1.000000 0.049784
0 2 0.108499 0.086354 230.195694 -1.000000 -1.000000 0.053961
2 2 0.343195 0.307276 440.812500 -1.000000 -1.000000 0.014959
2 0 0.029655 0.451989 193.208603 -1.000000 -1.000000 0.052783
0 2 0.059222 0.228448 248.741394 -1.000000 -1.000000 0.056144
0 1 0.125382 0.343748 290.874512 -1.000000 -1.000000 0.034323
3 0 0.053482 0.143056 220.398605 -1.000000 -1.000000 0.054498
3 2 0.061148 0.246251 214.704407 -1.000000 -1.000000 0.057177
2 3 0.092514 0.160580 155.036804 -1.000000 -1.000000 0.049450
2 4 0.305492 0.047279 166.623306 -1.000000 -1.000000 0.065755
2 2 0.044633 0.518271 221.848297 -1.000000 -1.000000 0.025228
4 0 0.176352 0.189061 199.480896 -1.000000 -1.000000 0.025388
0 2 0.034958 0.278200 166.650208 -1.000000 -1.000000 0.050163
2 0 0.136541 0.224130 266.408295 -1.000000 -1.000000 0.048164
0 2 0.052295 0.228227 233.735001 -1.000000 -1.000000 0.056603
5 2 0.053715 0.602020 352.125488 -1.000000 -1.000000 0.055406
1 2 0.304878 0.177045 315.775787 -1.000000 -1.000000 0.054779
2 -4 0.061702 0.104041 158.086807 -1.000000 -1.000000 0.050672
2 0 0.140944 0.228896 199.583603 -1.000000 -1.000000 0.011497
2 0 0.394794 0.050164 238.333099 -1.000000 -1.000000 0.057715
2 1 0.072919 0.107894 128.279205 -1.000000 -1.000000 0.035265
2 2 0.353538 0.142913 151.843201 -1.000000 -1.000000 0.051308
2 0 0.370448 0.088351 291.362305 -1.000000 -1.000000 0.057304
0 2 0.073830 0.148797 259.997894 -1.000000 -1.000000 0.002493
-1 1 0.127002 0.145453 352.186310 -1.000000 -1.000000 0.044237
2 0 0.274210 0.025264 182.067093 -1.000000 -1.000000 0.030586
1 4 0.203468 0.078311 117.399200 -1.000000 -1.000000 0.030101
-1 1 0.082218 0.194617 295.324005 -1.000000 -1.000000 0.050751
2 5 0.477971 0.016473 174.704407 -1.000000 -1.000000 0.021091
1 -2 0.215698 0.170598 270.541809 -1.000000 -1.000000 0.008228
1 0 0.357517 0.022862 180.669296 -1.000000 -1.000000 0.058891
2 0 0.350066 0.058237 305.790894 -1.000000 -1.000000 0.050550
2 2 0.023296 0.460467 274.286987 -1.000000 -1.000000 0.049942
0 -2 0.132586 0.077447 187.000900 -1.000000 -1.000000 0.045801
0 -2 0.026851 0.200874 111.407303 -1.000000 -1.000000 0.052393
1 0 0.120430 0.091907 186.798004 -1.000000 -1.000000 0.055992
2 2 0.260500 0.147406 214.516693 -1.000000 -1.000000 0.049545
2 1 0.082097 0.260306 433.852112 -1.000000 -1.000000 0.009283
0 2 0.020156 0.742016 232.858307 -1.000000 -1.000000 0.043843
2 0 0.261926 0.030405 193.444000 -1.000000 -1.000000 0.085571
-5 2 0.033148 0.175840 171.442902 -1.000000 -1.000000 0.051648
2 0 0.207267 0.167087 183.311600 -1.000000 -1.000000 0.056739
1 0 0.246497 0.214306 171.476303 -1.000000 -1.000000 0.011337
2 0 0.064711 0.238699 307.793915 -1.000000 -1.000000 0.019518
2 1 0.290985 0.135880 210.799103 -1.000000 -1.000000 0.064599
1 2 0.038886 0.271042 276.059692 -1.000000 -1.000000 0.051862
0 2 0.058436 0.189602 101.837997 -1.000000 -1.000000 0.045849
2 2 0.472485 0.151545 239.428299 -1.000000 -1.000000 0.048066
2 0 0.205050 0.042250 152.374405 -1.000000 -1.000000 0.003196
3 2 0.061562 0.221500 120.374603 -1.000000 -1.000000 0.002355
1 2 0.280889 0.025334 189.836395 -1.000000 -1.000000 0.056710
0 2 0.194483 0.275502 144.864502 -1.000000 -1.000000 0.051342
0 1 0.064050 0.138007 152.814896 -1.000000 -1.000000 0.009385
0 0 0.408500 0.028263 265.031891 -1.000000 -1.000000 0.083200
-2 1 0.060788 0.120911 265.376007 -1.000000 -1.000000 0.002230
1 2 0.442411 0.029183 216.503403 -1.000000 -1.000000 0.051492
2 4 0.291155 0.066024 164.809296 -1.000000 -1.000000 0.057982
0 2 0.055578 0.185548 202.642502 -1.000000 -1.000000 0.047116
2 0 0.162191 0.051884 131.658096 -1.000000 -1.000000 0.020412
4 2 0.027915 0.259696 168.068695 -1.000000 -1.000000 0.056501
1 2 0.383838 0.485102 256.030914 -1.000000 -1.000000 0.062620
2 -2 0.088040 0.128104 189.472107 -1.000000 -1.000000 0.040848
0 2 0.048570 0.160698 230.023300 -1.000000 -1.000000 0.019819
0 2 0.049314 0.238209 201.673492 -1.000000 -1.000000 0.002253
0 2 0.043002 0.377301 235.186401 -1.000000 -1.000000 0.055839
4 2 0.127130 0.223331 364.683014 -1.000000 -1.000000 0.051629
2 1 0.079479 0.342632 167.538300 -1.000000 -1.000000 0.024713
0 2 0.061021 0.329784 213.948196 -1.000000 -1.000000 0.048789
2 0 0.248903 0.208904 284.010498 -1.000000 -1.000000 0.030572
2 1 0.358604 0.429665 442.963013 -1.000000 -1.000000 0.052701
0 2 0.184315 0.158777 184.408997 -1.000000 -1.000000 0.056584
0 2 0.254712 0.090176 339.422699 -1.000000 -1.000000 0.057489
0 2 0.055835 0.376798 265.446594 -1.000000 -1.000000 0.054980
2 2 0.105452 0.154815 202.534897 -1.000000 -1.000000 0.054903
-2 2 0.111444 0.266164 102.207603 -1.000000 -1.000000 0.052776
2 2 0.195018 0.198341 241.466003 -1.000000 -1.000000 0.056291
-4 2 0.037481 0.184426 148.340103 -1.000000 -1.000000 0.034389
0 2 0.121710 0.348026 315.914886 -1.000000 -1.000000 0.086377
2 2 0.121179 0.120103 167.686600 -1.000000 -1.000000 0.046908
0 2 0.075562 0.373907 282.998505 -1.000000 -1.000000 0.037041
-2 2 0.130963 0.334851 188.169205 -1.000000 -1.000000 0.056083
2 0 0.181970 0.234455 125.378098 -1.000000 -1.000000 0.062156
2 0 0.214457 0.186341 395.025513 -1.000000 -1.000000 0.025171
0 2 0.173149 0.434279 462.714508 -1.000000 -1.000000 0.052243
0 2 0.097925 0.206620 116.839500 -1.000000 -1.000000 0.008280
2 2 0.497752 0.071797 244.337601 -1.000000 -1.000000 0.051337
2 2 0.151505 0.315953 256.009003 -1.000000 -1.000000 0.051285
2 2 0.216219 0.377540 547.004822 -1.000000 -1.000000 0.008422
2 0 0.485810 0.088930 191.452606 -1.000000 -1.000000 0.056168
0 1 0.066647 0.154421 200.100906 -1.000000 -1.000000 0.050823
-2 1 0.244479 0.250610 297.991913 -1.000000 -1.000000 0.056383
2 0 0.106919 0.315512 219.515396 -1.000000 -1.000000 0.082749
0 2 0.092334 0.210592 315.620209 -1.000000 -1.000000 0.004274
-2 -1 0.084345 0.199964 194.733994 -1.000000 -1.000000 0.045555
2 0 0.254977 0.015039 126.209503 -1.000000 -1.000000 0.058262
2 2 0.083354 0.194124 266.931793 -1.000000 -1.000000 0.051979
2 2 0.327299 0.305175 372.313904 -1.000000 -1.000000 0.051538
-4 1 0.289208 0.227745 329.031311 -1.000000 -1.000000 0.055857
0 0 0.250661 0.069211 165.290298 -1.000000 -1.000000 0.011130
0 2 0.147009 0.313351 233.510498 -1.000000 -1.000000 0.052973
2 0 0.154584 0.075152 109.928101 -1.000000 -1.000000 0.060753
0 2 0.178799 0.127749 302.895813 -1.000000 -1.000000 0.047237
-2 0 0.194068 0.104958 111.666603 -1.000000 -1.000000 0.055791
2 0 0.155176 0.079810 183.515396 -1.000000 -1.000000 0.047367
0 2 0.190114 0.281931 208.618500 -1.000000 -1.000000 0.008335
0 2 0.361573 0.335545 348.487305 -1.000000 -1.000000 0.054573
-2 -5 0.086456 0.276988 159.184494 -1.000000 -1.000000 0.001816
2 -5 0.382134 0.098963 201.428497 -1.000000 -1.000000 0.066332
0 2 0.016771 0.561021 364.997711 -1.000000 -1.000000 0.030525
0 0 0.219418 0.082535 169.253098 -1.000000 -1.000000 0.053508
1 2 0.122236 0.173114 207.164505 -1.000000 -1.000000 0.055582
2 0 0.435299 0.014495 182.340500 -1.000000 -1.000000 0.052225
0 2 0.088906 0.165926 185.110397 -1.000000 -1.000000 0.036452
2 3 0.158322 0.058460 344.809601 -1.000000 -1.000000 0.052548
2 2 0.311978 0.853563 337.197693 -1.000000 -1.000000 0.002285
2 0 0.351863 0.051198 231.320801 -1.000000 -1.000000 0.005663
2 0 0.198036 0.052822 263.668915 -1.000000 -1.000000 0.053017
2 -2 0.581719 0.079413 305.560211 -1.000000 -1.000000 0.058721
0 2 0.066433 0.224036 191.252808 -1.000000 -1.000000 0.078355
2 0 0.137132 0.064985 125.455704 -1.000000 -1.000000 0.049543
0 2 0.075057 0.166897 280.070312 -1.000000 -1.000000 0.025224
2 -1 0.156396 0.089186 156.518799 -1.000000 -1.000000 0.047015
2 0 0.320332 0.070207 166.203705 -1.000000 -1.000000 0.060674
2 1 0.350967 0.248644 244.584900 -1.000000 -1.000000 0.056391
-2 0 0.098778 0.113627 219.310196 -1.000000 -1.000000 0.049686
0 2 0.042283 0.205677 248.484406 -1.000000 -1.000000 0.051093
2 0 0.069961 0.186046 261.259705 -1.000000 -1.000000 0.055224
0 2 0.049781 0.249599 179.409195 -1.000000 -1.000000 0.056966
2 0 0.188055 0.085706 158.847397 -1.000000 -1.000000 0.025029
2 1 0.092648 0.156702 159.845505 -1.000000 -1.000000 0.051100
2 2 0.278153 0.271886 223.933395 -1.000000 -1.000000 0.025569
2 3 0.127426 0.076586 224.219101 -1.000000 -1.000000 0.050781
0 2 0.077139 0.191646 133.470306 -1.000000 -1.000000 0.052400
0 2 0.105178 0.093780 113.636703 -1.000000 -1.000000 0.029717
2 2 0.188324 0.267512 104.822701 -1.000000 -1.000000 0.046873
2 -5 0.128897 0.052581 202.672104 -1.000000 -1.000000 0.014479
0 2 0.061712 0.232706 170.387802 -1.000000 -1.000000 0.055450
0 1 0.031330 0.311984 157.142700 -1.000000 -1.000000 0.037344
-4 0 0.132983 0.135669 283.773499 -1.000000 -1.000000 0.063739
2 -4 0.218158 0.025831 129.158997 -1.000000 -1.000000 0.051918
-4 4 0.157527 0.107109 202.665298 -1.000000 -1.000000 0.052215
2 0 0.461974 0.065445 323.291809 -1.000000 -1.000000 0.051134
0 2 0.081651 0.170910 166.609894 -1.000000 -1.000000 0.074866
2 0 0.108641 0.082957 154.541794 -1.000000 -1.000000 0.056646
3 2 0.145208 0.235473 249.937607 -1.000000 -1.000000 0.061710
-2 5 0.400945 0.029738 200.713196 -1.000000 -1.000000 0.051061
-2 2 0.200393 0.102185 237.785400 -1.000000 -1.000000 0.057415
2 0 0.667236 0.095023 116.588898 -1.000000 -1.000000 0.065868
2 -4 0.126934 0.082241 132.563995 -1.000000 -1.000000 0.056487
2 0 0.248947 0.239499 168.529297 -1.000000 -1.000000 0.011452
0 2 0.041659 0.283732 204.858505 -1.000000 -1.000000 0.015203
4 2 0.024372 0.261123 168.271301 -1.000000 -1.000000 0.070776
2 0 0.646063 0.010969 185.510498 -1.000000 -1.000000 0.058396
-3 0 0.067687 0.107859 200.418503 -1.000000 -1.000000 0.051359
1 0 0.162779 0.133696 203.621094 -1.000000 -1.000000 0.049232
2 1 0.326563 0.428866 210.244598 -1.000000 -1.000000 0.051731
2 -1 0.428367 0.284549 239.294205 -1.000000 -1.000000 0.056929
0 2 0.112532 0.271773 257.616394 -1.000000 -1.000000 0.055731
2 0 0.562693 0.095182 228.726700 -1.000000 -1.000000 0.015431
0 2 0.027480 0.386709 294.114899 -1.000000 -1.000000 0.050944
0 2 0.101405 0.335456 425.590790 -1.000000 -1.000000 0.065623
0 1 0.175805 0.114537 274.777191 -1.000000 -1.000000 0.051904
2 0 0.059557 0.138452 167.493607 -1.000000 -1.000000 0.054266
2 1 0.264115 0.190761 393.059387 -1.000000 -1.000000 0.036541
2 0 0.051523 0.206346 238.005203 -1.000000 -1.000000 0.054884
-2 2 0.135111 0.483571 369.614899 -1.000000 -1.000000 0.058962
0 2 0.102197 0.162185 210.842697 -1.000000 -1.000000 0.041272
2 0 0.170688 0.068086 323.578705 -1.000000 -1.000000 0.059149
2 0 0.235754 0.035048 141.238998 -1.000000 -1.000000 0.058437
2 0 0.240655 0.078920 107.270897 -1.000000 -1.000000 0.030689
2 2 0.116413 0.178027 246.199097 -1.000000 -1.000000 0.011387
0 4 0.091226 0.104848 236.071106 -1.000000 -1.000000 0.058138
2 0 0.191827 0.032590 174.979294 -1.000000 -1.000000 0.055705
0 0 0.088303 0.097358 166.218094 -1.000000 -1.000000 0.086353
2 2 0.498182 0.029873 208.835800 -1.000000 -1.000000 0.069205
2 -2 0.627992 0.059694 503.353302 -1.000000 -1.000000 0.005893
0 2 0.038349 0.239705 231.219604 -1.000000 -1.000000 0.051583
2 2 0.227707 0.372934 236.543701 -1.000000 -1.000000 0.087295
-1 0 0.189595 0.177590 524.500793 -1.000000 -1.000000 0.055375
0 0 0.118423 0.117026 230.965805 -1.000000 -1.000000 0.033977
2 0 0.160543 0.066793 379.037201 -1.000000 -1.000000 0.086290
-3 0 0.185062 0.025564 151.008804 -1.000000 -1.000000 0.053415
4 2 0.135028 0.277422 207.205994 -1.000000 -1.000000 0.054882
2 0 0.341283 0.119132 356.226288 -1.000000 -1.000000 0.035053
0 0 0.328258 0.019355 184.919495 -1.000000 -1.000000 0.055188
2 -2 0.162907 0.217019 308.131409 -1.000000 -1.000000 0.057880
2 0 0.240548 0.192857 159.367996 -1.000000 -1.000000 0.088581
0 2 0.051049 0.142814 105.615700 -1.000000 -1.000000 0.050392
2 2 0.112261 0.315522 458.733307 -1.000000 -1.000000 0.064258
2 0 0.224689 0.095203 235.964401 -1.000000 -1.000000 0.054365
2 2 0.345140 0.426172 403.985596 -1.000000 -1.000000 0.002621
1 0 0.144668 0.057234 182.472595 -1.000000 -1.000000 0.056938
2 1 0.178111 0.046453 257.144897 -1.000000 -1.000000 0.055009
0 2 0.051757 0.265211 162.835602 -1.000000 -1.000000 0.020958
1 0 0.297420 0.033118 139.016403 -1.000000 -1.000000 0.048022
1 2 0.091592 0.472129 279.703094 -1.000000 -1.000000 0.056185
-2 0 0.064957 0.204402 213.333694 -1.000000 -1.000000 0.002424
0 0 0.195433 0.063712 251.284302 -1.000000 -1.000000 0.032742
2 2 0.144842 0.032725 124.567596 -1.000000 -1.000000 0.004238
2 2 0.400188 0.233064 372.303009 -1.000000 -1.000000 0.042820
2 2 0.379456 0.136344 233.071594 -1.000000 -1.000000 0.058067
-1 2 0.079820 0.375555 174.860001 -1.000000 -1.000000 0.044882
0 2 0.084904 0.323279 139.005600 -1.000000 -1.000000 0.049068
2 2 0.356374 0.062546 169.046997 -1.000000 -1.000000 0.057634
2 0 0.305694 0.035668 194.464996 -1.000000 -1.000000 0.041400
2 2 0.329647 0.346803 218.015396 -1.000000 -1.000000 0.057139
0 -5 0.286320 0.054167 208.059402 -1.000000 -1.000000 0.056108
-1 2 0.061080 0.253743 161.066605 -1.000000 -1.000000 0.050553
2 -1 0.153170 0.063947 187.289001 -1.000000 -1.000000 0.052312
1 0 0.175309 0.244894 166.748596 -1.000000 -1.000000 0.046238
0 0 0.255776 0.066540 217.042099 -1.000000 -1.000000 0.002197
0 2 0.100507 0.134340 192.051605 -1.000000 -1.000000 0.084631
0 -3 0.086538 0.163643 159.851395 -1.000000 -1.000000 0.064859
-4 1 0.045619 0.337610 236.161804 -1.000000 -1.000000 0.046245
1 2 0.158952 0.231471 204.552795 -1.000000 -1.000000 0.056915
1 2 0.211970 0.072233 189.076797 -1.000000 -1.000000 0.046822
2 2 0.181723 0.146022 274.968597 -1.000000 -1.000000 0.086083
0 0 0.262050 0.021761 137.649994 -1.000000 -1.000000 0.016693
0 2 0.143606 0.207415 200.711807 -1.000000 -1.000000 0.053319
2 0 0.213604 0.135006 365.835388 -1.000000 -1.000000 0.054522
0 2 0.076159 0.202448 195.351105 -1.000000 -1.000000 0.045633
2 -3 0.471421 0.088494 272.643890 -1.000000 -1.000000 0.051779
2 0 0.354346 0.026135 213.946594 -1.000000 -1.000000 0.019469
2 2 0.066150 0.208448 143.796997 -1.000000 -1.000000 0.005572
0 2 0.126405 0.570376 530.127808 -1.000000 -1.000000 0.050843
0 2 0.058831 0.287674 352.791992 -1.000000 -1.000000 0.047855
4 2 0.035008 0.675270 154.051605 -1.000000 -1.000000 0.003247
2 -5 0.205077 0.072563 124.466400 -1.000000 -1.000000 0.057006
2 0 0.523710 0.024196 278.936707 -1.000000 -1.000000 0.015421
2 2 0.205205 0.132901 178.911194 -1.000000 -1.000000 0.034375
0 2 0.137709 0.243880 218.422394 -1.000000 -1.000000 0.007381
2 2 0.296486 0.115180 291.997711 -1.000000 -1.000000 0.064818
5 2 0.052610 0.238243 200.989700 -1.000000 -1.000000 0.057230
3 0 0.119898 0.090583 152.691193 -1.000000 -1.000000 0.018494
2 0 0.130429 0.191339 218.071198 -1.000000 -1.000000 0.056651
2 2 0.119861 0.187970 160.567505 -1.000000 -1.000000 0.036592
0 2 0.018778 0.393958 232.209106 -1.000000 -1.000000 0.057321
0 2 0.047453 0.220883 153.819595 -1.000000 -1.000000 0.020226
0 2 0.030512 0.578237 444.463196 -1.000000 -1.000000 0.056361
2 -1 0.147628 0.271437 244.937393 -1.000000 -1.000000 0.053541
1 0 0.310746 0.014044 177.326508 -1.000000 -1.000000 0.022481
2 0 0.257363 0.183853 473.717407 -1.000000 -1.000000 0.056482
2 2 0.444224 0.145134 256.682312 -1.000000 -1.000000 0.076960
0 0 0.137559 0.036177 171.080505 -1.000000 -1.000000 0.073513
2 2 0.210755 0.249881 442.166595 -1.000000 -1.000000 0.036017
0 0 0.043784 0.357801 408.037201 -1.000000 -1.000000 0.010086
1 1 0.537291 0.328484 283.991394 -1.000000 -1.000000 0.056895
0 2 0.093525 0.325808 264.522003 -1.000000 -1.000000 0.025180
2 2 0.166751 0.135022 210.819000 -1.000000 -1.000000 0.006009
0 2 0.174324 0.350525 231.460007 -1.000000 -1.000000 0.055842
0 2 0.054926 0.369492 217.914307 -1.000000 -1.000000 0.003231
2 0 0.407331 0.015131 144.884903 -1.000000 -1.000000 0.055294
-1 2 0.110350 0.053674 144.836502 -1.000000 -1.000000 0.055478
2 2 0.121248 0.099351 125.538902 -1.000000 -1.000000 0.033850
2 0 0.138923 0.092648 161.520096 -1.000000 -1.000000 0.043729
0 0 0.064258 0.114338 215.818100 -1.000000 -1.000000 0.054766
2 -4 0.153920 0.090450 170.688995 -1.000000 -1.000000 0.042727
2 0 0.102298 0.272659 246.725204 -1.000000 -1.000000 0.050891
0 -1 0.077390 0.058557 204.358795 -1.000000 -1.000000 0.050081
2 2 0.151554 0.355911 277.228485 -1.000000 -1.000000 0.085706
0 2 0.095312 0.278063 311.171295 -1.000000 -1.000000 0.054891
0 2 0.254487 0.311214 461.606598 -1.000000 -1.000000 0.057897
4 4 0.066712 0.119425 252.422195 -1.000000 -1.000000 0.024924
2 2 0.108172 0.418912 382.911591 -1.000000 -1.000000 0.055231
0 2 0.043293 0.339349 208.674301 -1.000000 -1.000000 0.015594
2 2 0.295070 0.086754 279.910004 -1.000000 -1.000000 0.029848
-5 2 0.051003 0.204854 155.900406 -1.000000 -1.000000 0.056348
1 1 0.211825 0.198716 267.417297 -1.000000 -1.000000 0.011461
-2 0 0.048666 0.114274 251.904602 -1.000000 -1.000000 0.053832
2 1 0.137649 0.156900 478.533905 -1.000000 -1.000000 0.064664
2 0 0.249168 0.150007 249.350494 -1.000000 -1.000000 0.056544
0 2 0.069394 0.226994 260.255707 -1.000000 -1.000000 0.049711
5 2 0.218847 0.143573 204.078995 -1.000000 -1.000000 0.049767
2 0 0.057373 0.280327 358.530090 -1.000000 -1.000000 0.050000
0 2 0.073512 0.295808 255.926498 -1.000000 -1.000000 0.065379
2 2 0.430754 0.036345 178.452499 -1.000000 -1.000000 0.052425
2 0 0.351730 0.076474 272.394196 -1.000000 -1.000000 0.002732
2 2 0.337556 0.097267 237.201401 -1.000000 -1.000000 0.041774
2 2 0.174411 0.121315 182.953705 -1.000000 -1.000000 0.054838
2 1 0.137859 0.253513 212.371307 -1.000000 -1.000000 0.006163
2 0 0.120911 0.052185 213.429306 -1.000000 -1.000000 0.056853
2 2 0.366937 0.180771 358.117188 -1.000000 -1.000000 0.026015
2 1 0.443885 0.034694 177.312805 -1.000000 -1.000000 0.057371
2 2 0.078036 0.173502 154.501907 -1.000000 -1.000000 0.075546
-2 -4 0.383785 0.061544 467.149414 -1.000000 -1.000000 0.010006
2 2 0.171938 0.210826 298.225891 -1.000000 -1.000000 0.057927
2 0 0.320870 0.106262 316.507904 -1.000000 -1.000000 0.049401
1 2 0.234913 0.068501 304.795410 -1.000000 -1.000000 0.030126
0 -1 0.162472 0.101007 147.733902 -1.000000 -1.000000 0.046210
0 2 0.159157 0.095414 146.223007 -1.000000 -1.000000 0.081512
0 2 0.063496 0.492967 279.880096 -1.000000 -1.000000 0.051733
2 -3 0.302570 0.039448 183.392105 -1.000000 -1.000000 0.052411
2 0 0.314530 0.064354 237.516693 -1.000000 -1.000000 0.052894
1 -4 0.381288 0.078890 171.876694 -1.000000 -1.000000 0.046867
2 2 0.134544 0.215618 265.831787 -1.000000 -1.000000 0.049213
2 0 0.317333 0.034321 219.461807 -1.000000 -1.000000 0.042701
2 2 0.259194 0.141469 177.362106 -1.000000 -1.000000 0.051423
1 0 0.293286 0.026663 151.397507 -1.000000 -1.000000 0.053576
0 0 0.104305 0.051672 216.175400 -1.000000 -1.000000 0.050165
-2 -5 0.070650 0.057900 128.318405 -1.000000 -1.000000 0.058530
2 2 0.183380 0.141901 190.364899 -1.000000 -1.000000 0.055746
2 2 0.114790 0.120000 136.113998 -1.000000 -1.000000 0.011493
0 2 0.080348 0.258465 111.960403 -1.000000 -1.000000 0.058300
1 2 0.071956 0.088658 106.933998 -1.000000 -1.000000 0.074785
0 -4 0.020961 0.234029 149.690506 -1.000000 -1.000000 0.052725
2 1 0.195073 0.105241 214.364105 -1.000000 -1.000000 0.056505
2 2 0.035576 0.287673 121.678101 -1.000000 -1.000000 0.041615
-2 0 0.290796 0.097372 331.725891 -1.000000 -1.000000 0.002236
1 2 0.132739 0.035531 133.621994 -1.000000 -1.000000 0.030275
2 4 0.215114 0.045615 287.124298 -1.000000 -1.000000 0.049665
0 2 0.075833 0.224066 131.919907 -1.000000 -1.000000 0.086632
-1 -2 0.035859 0.265527 167.525497 -1.000000 -1.000000 0.050401
0 2 0.122286 0.309152 189.800095 -1.000000 -1.000000 0.024649
1 1 0.147793 0.382710 148.553802 -1.000000 -1.000000 0.052502
2 0 0.132823 0.053695 123.348701 -1.000000 -1.000000 0.053879
2 1 0.187772 0.296115 238.989807 -1.000000 -1.000000 0.036367
0 2 0.046465 0.209453 169.371902 -1.000000 -1.000000 0.057184
1 2 0.055514 0.181418 182.993607 -1.000000 -1.000000 0.051008
2 2 0.323331 0.068922 280.378113 -1.000000 -1.000000 0.049555
0 1 0.159752 0.527662 732.606995 -1.000000 -1.000000 0.004285
2 1 0.493856 0.393116 324.236786 -1.000000 -1.000000 0.056728
-2 0 0.253706 0.311357 239.340897 -1.000000 -1.000000 0.030795
4 2 0.040978 0.141401 114.520599 -1.000000 -1.000000 0.024764
1 0 0.236831 0.070394 166.753006 -1.000000 -1.000000 0.019574
2 0 0.218156 0.081790 241.008408 -1.000000 -1.000000 0.058365
2 2 0.431070 0.163668 171.676895 -1.000000 -1.000000 0.002032
2 0 0.148708 0.052451 198.335999 -1.000000 -1.000000 0.083801
2 -2 0.389404 0.024653 212.014297 -1.000000 -1.000000 0.034944
-1 2 0.172977 0.193375 266.838806 -1.000000 -1.000000 0.056520
0 0 0.117478 0.051109 160.545303 -1.000000 -1.000000 0.051593
2 2 0.144058 0.161487 116.122299 -1.000000 -1.000000 0.070448
2 0 0.218261 0.021177 108.191299 -1.000000 -1.000000 0.051998
1 2 0.247215 0.256794 163.638794 -1.000000 -1.000000 0.056192
0 2 0.118574 0.183700 210.764297 -1.000000 -1.000000 0.003567
2 0 0.094998 0.101779 317.808807 -1.000000 -1.000000 0.056630
4 2 0.074135 0.162425 134.161194 -1.000000 -1.000000 0.005941
0 -4 0.085274 0.289761 165.141800 -1.000000 -1.000000 0.050607
2 0 0.210068 0.029687 193.030106 -1.000000 -1.000000 0.055893
-5 1 0.029009 0.538178 264.953400 -1.000000 -1.000000 0.054987
2 0 0.129756 0.326643 187.122192 -1.000000 -1.000000 0.053255
1 2 0.173087 0.181221 242.765503 -1.000000 -1.000000 0.050695
0 -2 0.051461 0.210022 154.261902 -1.000000 -1.000000 0.057256
2 2 0.372477 0.022880 197.710007 -1.000000 -1.000000 0.063622
0 2 0.037387 0.124603 220.201599 -1.000000 -1.000000 0.050967
0 0 0.075741 0.139172 184.833496 -1.000000 -1.000000 0.058717
-5 0 0.034519 0.166887 161.367203 -1.000000 -1.000000 0.051452
2 0 0.069011 0.117435 113.715302 -1.000000 -1.000000 0.051003
2 0 0.364958 0.286754 272.805786 -1.000000 -1.000000 0.015559
2 0 0.407553 0.202944 160.993103 -1.000000 -1.000000 0.058058
1 0 0.309537 0.031362 289.730194 -1.000000 -1.000000 0.056343
2 2 0.142778 0.288696 249.254898 -1.000000 -1.000000 0.072293
2 2 0.155218 0.209120 203.421799 -1.000000 -1.000000 0.024773
2 -2 0.133862 0.057066 151.432907 -1.000000 -1.000000 0.045211
0 2 0.023921 0.290674 174.320602 -1.000000 -1.000000 0.053074
2 -2 0.332022 0.029028 274.394104 -1.000000 -1.000000 0.050940
2 0 0.140845 0.075459 275.915710 -1.000000 -1.000000 0.054821
2 1 0.214491 0.225765 211.890594 -1.000000 -1.000000 0.080568
2 0 0.257636 0.024401 144.736801 -1.000000 -1.000000 0.057302
2 2 0.325626 0.216409 164.976303 -1.000000 -1.000000 0.004403
0 -4 0.227579 0.087485 142.497498 -1.000000 -1.000000 0.033394
2 -5 0.110451 0.102321 150.865997 -1.000000 -1.000000 0.078343
2 2 0.230714 0.074793 191.722198 -1.000000 -1.000000 0.002485
0 2 0.029792 0.272097 136.069702 -1.000000 -1.000000 0.002312
-1 0 0.069136 0.105197 192.426193 -1.000000 -1.000000 0.011229
-2 0 0.237555 0.067202 112.255203 -1.000000 -1.000000 0.057929
0 2 0.098418 0.272304 370.329590 -1.000000 -1.000000 0.076416
0 2 0.157985 0.210136 187.159607 -1.000000 -1.000000 0.055630
2 1 0.172421 0.084952 175.789093 -1.000000 -1.000000 0.030693
1 -2 0.047369 0.318813 236.624207 -1.000000 -1.000000 0.058848
2 -2 0.129171 0.054897 127.663200 -1.000000 -1.000000 0.042297
0 2 0.122017 0.607207 531.327820 -1.000000 -1.000000 0.057363
0 2 0.072878 0.229718 168.813293 -1.000000 -1.000000 0.011544
-4 0 0.266504 0.051092 156.159195 -1.000000 -1.000000 0.057463
1 0 0.147391 0.117536 153.765198 -1.000000 -1.000000 0.052176
2 0 0.474589 0.059554 406.429199 -1.000000 -1.000000 0.088653
0 2 0.108996 0.067933 203.921494 -1.000000 -1.000000 0.029599
2 0 0.107675 0.244801 208.515305 -1.000000 -1.000000 0.053374
-3 0 0.261041 0.086709 148.723907 -1.000000 -1.000000 0.050604
1 2 0.352552 0.138362 173.066498 -1.000000 -1.000000 0.011470
1 0 0.074531 0.140512 114.939201 -1.000000 -1.000000 0.047367
2 0 0.246701 0.055794 217.901901 -1.000000 -1.000000 0.051168
2 0 0.464730 0.020288 220.453293 -1.000000 -1.000000 0.051208
0 2 0.067897 0.219764 235.611893 -1.000000 -1.000000 0.052784
0 2 0.016963 0.317386 130.978394 -1.000000 -1.000000 0.041804
0 0 0.100691 0.065159 241.625793 -1.000000 -1.000000 0.029766
2 2 0.165824 0.368900 198.842896 -1.000000 -1.000000 0.053398
2 0 0.164559 0.114108 201.159698 -1.000000 -1.000000 0.019717
2 0 0.370044 0.020565 215.166901 -1.000000 -1.000000 0.057694
1 0 0.199532 0.066891 333.239410 -1.000000 -1.000000 0.048245
3 2 0.046315 0.252932 240.718994 -1.000000 -1.000000 0.054323
0 0 0.100325 0.262199 190.561096 -1.000000 -1.000000 0.060270
2 0 0.356813 0.042302 200.707794 -1.000000 -1.000000 0.057358
2 0 0.360540 0.088313 484.788605 -1.000000 -1.000000 0.052180
2 4 0.399235 0.096796 395.902008 -1.000000 -1.000000 0.052672
2 0 0.276766 0.040153 147.100693 -1.000000 -1.000000 0.058019
1 2 0.333245 0.086743 361.672699 -1.000000 -1.000000 0.046612
0 2 0.116687 0.460878 295.291412 -1.000000 -1.000000 0.041173
0 2 0.035487 0.238882 155.167892 -1.000000 -1.000000 0.047169
-2 2 0.086321 0.472076 212.253006 -1.000000 -1.000000 0.057318
2 2 0.144126 0.218028 184.685303 -1.000000 -1.000000 0.051652
2 0 0.274128 0.062064 433.447998 -1.000000 -1.000000 0.041050
-1 0 0.194296 0.031380 208.219894 -1.000000 -1.000000 0.053523
2 0 0.450808 0.022752 156.569397 -1.000000 -1.000000 0.056785
2 0 0.091201 0.066674 174.823502 -1.000000 -1.000000 0.051168
0 2 0.042962 0.366731 293.303406 -1.000000 -1.000000 0.052076
-4 2 0.093863 0.223944 186.546600 -1.000000 -1.000000 0.057547
2 1 0.067078 0.155032 172.129501 -1.000000 -1.000000 0.049279
0 2 0.078934 0.521539 376.059692 -1.000000 -1.000000 0.058702
0 0 0.106880 0.060737 225.438797 -1.000000 -1.000000 0.057225
0 2 0.109038 0.176916 195.834503 -1.000000 -1.000000 0.011724
2 -1 0.168986 0.171164 157.912094 -1.000000 -1.000000 0.049434
0 0 0.086776 0.067883 166.331497 -1.000000 -1.000000 0.020272
0 2 0.122931 0.279006 194.625900 -1.000000 -1.000000 0.064382
2 0 0.316125 0.027241 174.032593 -1.000000 -1.000000 0.058153
0 0 0.047017 0.148142 152.790497 -1.000000 -1.000000 0.002207
-2 0 0.036247 0.181634 228.059494 -1.000000 -1.000000 0.033400
0 0 0.157170 0.052572 214.985596 -1.000000 -1.000000 0.055104
2 -2 0.232975 0.038070 178.551300 -1.000000 -1.000000 0.055911
-5 0 0.011267 0.463878 189.615402 -1.000000 -1.000000 0.044268
2 2 0.120035 0.197637 343.142609 -1.000000 -1.000000 0.002472
-5 0 0.112062 0.061807 130.189407 -1.000000 -1.000000 0.052336
2 0 0.188637 0.094439 255.225403 -1.000000 -1.000000 0.056889
0 2 0.140567 0.095375 349.613403 -1.000000 -1.000000 0.051277
0 2 0.028475 0.359167 148.479797 -1.000000 -1.000000 0.058954
1 0 0.413360 0.069811 273.042999 -1.000000 -1.000000 0.052087
-2 0 0.138512 0.151892 147.547699 -1.000000 -1.000000 0.046862
2 0 0.060135 0.136136 267.887695 -1.000000 -1.000000 0.001891
2 0 0.295006 0.059597 236.263901 -1.000000 -1.000000 0.029461
2 0 0.169798 0.075653 154.361496 -1.000000 -1.000000 0.057737
0 0 0.086122 0.289603 199.787598 -1.000000 -1.000000 0.016991
0 2 0.135687 0.269075 260.747711 -1.000000 -1.000000 0.050712
2 0 0.314791 0.048502 340.489990 -1.000000 -1.000000 0.051610
2 2 0.216847 0.121143 193.340805 -1.000000 -1.000000 0.030038
-2 2 0.036953 0.151839 124.869499 -1.000000 -1.000000 0.049874
2 1 0.120374 0.198801 166.936096 -1.000000 -1.000000 0.003175
0 0 0.038428 0.274202 167.855698 -1.000000 -1.000000 0.087298
2 -3 0.399683 0.037112 267.157288 -1.000000 -1.000000 0.046592
2 0 0.427968 0.020387 159.382996 -1.000000 -1.000000 0.048011
4 1 0.039224 0.295317 157.219299 -1.000000 -1.000000 0.055492
0 2 0.044917 0.191752 265.641998 -1.000000 -1.000000 0.052783
3 2 0.049078 0.284514 213.455597 -1.000000 -1.000000 0.013417
0 2 0.365059 0.384207 277.892303 -1.000000 -1.000000 0.058543
0 0 0.281841 0.085246 430.174103 -1.000000 -1.000000 0.046738
0 1 0.030823 0.181667 300.098785 -1.000000 -1.000000 0.046800
2 0 0.275093 0.047941 171.896301 -1.000000 -1.000000 0.051230
-2 -2 0.100782 0.195709 169.326797 -1.000000 -1.000000 0.057311
0 2 0.063394 0.269417 162.705002 -1.000000 -1.000000 0.052393
2 0 0.276290 0.052931 310.263885 -1.000000 -1.000000 0.052678
0 2 0.012988 0.555093 330.883789 -1.000000 -1.000000 0.057340
-2 2 0.021883 0.474147 224.920898 -1.000000 -1.000000 0.057005
-2 2 0.245113 0.210464 233.133896 -1.000000 -1.000000 0.035654
2 0 0.350805 0.119196 200.520493 -1.000000 -1.000000 0.050239
0 -2 0.074974 0.061248 144.006897 -1.000000 -1.000000 0.024161
-1 2 0.049053 0.294408 180.540405 -1.000000 -1.000000 0.051140
-4 0 0.021123 0.283422 132.002106 -1.000000 -1.000000 0.046430
2 2 0.188336 0.327803 113.303596 -1.000000 -1.000000 0.019461
0 2 0.145484 0.501417 476.453705 -1.000000 -1.000000 0.015061
1 4 0.091913 0.336652 451.086212 -1.000000 -1.000000 0.065419
2 2 0.259664 0.115598 145.406403 -1.000000 -1.000000 0.057098
-1 0 0.275591 0.105202 436.707611 -1.000000 -1.000000 0.035535
0 2 0.200885 0.341872 402.344208 -1.000000 -1.000000 0.024232
3 2 0.117638 0.189754 237.466797 -1.000000 -1.000000 0.050831
2 0 0.330228 0.058966 137.729706 -1.000000 -1.000000 0.053418
1 2 0.046758 0.183693 150.260101 -1.000000 -1.000000 0.050393
1 2 0.453201 0.147922 390.962494 -1.000000 -1.000000 0.049717
2 0 0.151451 0.062689 227.346603 -1.000000 -1.000000 0.045824
2 0 0.265715 0.115460 279.202301 -1.000000 -1.000000 0.050718
0 0 0.035921 0.192587 125.016098 -1.000000 -1.000000 0.055164
0 0 0.172252 0.071820 314.472107 -1.000000 -1.000000 0.020437
-2 2 0.156551 0.247275 252.805099 -1.000000 -1.000000 0.048873
2 2 0.132581 0.316155 223.350800 -1.000000 -1.000000 0.057835
0 0 0.172896 0.046488 242.639404 -1.000000 -1.000000 0.054754
0 2 0.053925 0.293142 235.745895 -1.000000 -1.000000 0.065277
2 -2 0.203074 0.068607 250.115707 -1.000000 -1.000000 0.011309
0 2 0.055950 0.268493 217.895996 -1.000000 -1.000000 0.006112
2 2 0.109382 0.106725 174.968094 -1.000000 -1.000000 0.065543
2 0 0.254340 0.026617 134.372406 -1.000000 -1.000000 0.050992
-1 2 0.101748 0.591199 373.871185 -1.000000 -1.000000 0.037164
0 2 0.037661 0.313181 217.365494 -1.000000 -1.000000 0.001940
-2 0 0.149627 0.099761 155.401993 -1.000000 -1.000000 0.056039
-2 2 0.111287 0.531268 209.734299 -1.000000 -1.000000 0.050774
0 2 0.152710 0.036376 122.227402 -1.000000 -1.000000 0.019305
2 0 0.180505 0.035908 200.567703 -1.000000 -1.000000 0.053192
2 0 0.385282 0.087357 353.592010 -1.000000 -1.000000 0.024257
1 2 0.105137 0.323560 271.063293 -1.000000 -1.000000 0.057262
0 2 0.058037 0.487415 286.879913 -1.000000 -1.000000 0.057863
2 0 0.432356 0.085710 294.814301 -1.000000 -1.000000 0.059150
0 1 0.200957 0.259769 393.356506 -1.000000 -1.000000 0.002349
2 0 0.109680 0.061491 164.724197 -1.000000 -1.000000 0.054701
-1 2 0.118073 0.241659 302.810211 -1.000000 -1.000000 0.086739
1 0 0.273269 0.042028 156.171204 -1.000000 -1.000000 0.056190
-3 2 0.214607 0.140709 167.297806 -1.000000 -1.000000 0.058807
0 2 0.009712 0.452215 192.762405 -1.000000 -1.000000 0.003310
2 0 0.110298 0.179696 200.109695 -1.000000 -1.000000 0.054537
-5 2 0.100384 0.342716 439.791199 -1.000000 -1.000000 0.012679
2 0 0.328996 0.016178 148.856903 -1.000000 -1.000000 0.008269
-1 2 0.115400 0.224659 147.942093 -1.000000 -1.000000 0.020968
0 2 0.150244 0.114364 237.188202 -1.000000 -1.000000 0.057555
2 0 0.100456 0.129971 216.031906 -1.000000 -1.000000 0.051224
2 0 0.138749 0.210854 129.669205 -1.000000 -1.000000 0.018687
1 1 0.346136 0.202708 159.139008 -1.000000 -1.000000 0.045889
2 0 0.139601 0.143034 143.115601 -1.000000 -1.000000 0.054603
0 0 0.025263 0.138063 159.857300 -1.000000 -1.000000 0.019411
0 2 0.085101 0.112091 269.464386 -1.000000 -1.000000 0.052996
2 0 0.463061 0.042572 347.567688 -1.000000 -1.000000 0.056629
2 0 0.237485 0.089317 215.169907 -1.000000 -1.000000 0.036350
0 1 0.026709 0.278449 175.458893 -1.000000 -1.000000 0.008164
2 2 0.093576 0.348682 251.191299 -1.000000 -1.000000 0.050455
1 2 0.202184 0.211977 403.451294 -1.000000 -1.000000 0.047104
0 2 0.113556 0.169396 117.640099 -1.000000 -1.000000 0.056002
5 0 0.103977 0.106725 292.045990 -1.000000 -1.000000 0.058402
1 0 0.204790 0.025242 269.176300 -1.000000 -1.000000 0.085989
0 2 0.035154 0.572616 324.903809 -1.000000 -1.000000 0.050693
