2 0 0.107563 0.084376 141.044998 -1.000000 -1.000000 0.446659
5 -1 0.130799 0.063435 107.132004 -1.000000 -1.000000 0.266180
2 5 0.228598 0.010663 58.493301 -1.000000 -1.000000 0.073774
2 5 0.079825 0.081994 35.893002 -1.000000 -1.000000 0.428160
5 2 0.070209 0.101661 394.321991 -1.000000 -1.000000 0.304358
2 0 0.103757 0.045047 112.311996 -1.000000 -1.000000 0.492573
2 0 0.178885 0.149549 150.641998 -1.000000 -1.000000 0.253262
2 0 0.097797 0.050834 111.231003 -1.000000 -1.000000 0.196765
0 2 0.102833 0.113434 100.959999 -1.000000 -1.000000 0.179819
5 2 0.019933 0.218818 29.915501 -1.000000 -1.000000 0.135288
2 5 0.223019 0.010020 77.495796 -1.000000 -1.000000 0.013652
0 2 0.103322 0.123096 101.414001 -1.000000 -1.000000 0.133972
2 5 0.056405 0.041464 207.865005 -1.000000 -1.000000 0.286385
-1 0 0.066116 0.039802 93.480103 -1.000000 -1.000000 0.136973
2 0 0.402191 0.008864 120.209999 -1.000000 -1.000000 0.263425
2 0 0.087646 0.028294 91.217102 -1.000000 -1.000000 0.278102
0 2 0.075079 0.075795 155.054993 -1.000000 -1.000000 0.281611
5 2 0.014954 0.225933 83.535797 -1.000000 -1.000000 0.296533
-3 0 0.023655 0.240445 47.348701 -1.000000 -1.000000 0.272186
2 0 0.109105 0.086765 204.806000 -1.000000 -1.000000 0.339141
0 2 0.042985 0.542937 177.263000 -1.000000 -1.000000 0.275272
0 2 0.017622 0.123039 65.671303 -1.000000 -1.000000 0.031966
5 2 0.106059 0.071128 100.574997 -1.000000 -1.000000 0.222043
-3 5 0.154266 0.017134 116.024002 -1.000000 -1.000000 0.045045
5 2 0.007197 0.274879 17.180901 -1.000000 -1.000000 0.364397
2 5 0.318181 0.022581 293.302002 -1.000000 -1.000000 0.275705
4 0 0.217132 0.048941 141.966003 -1.000000 -1.000000 0.264136
2 0 0.120556 0.061686 112.342003 -1.000000 -1.000000 0.304766
0 2 0.098932 0.305948 74.609497 -1.000000 -1.000000 0.302303
0 2 0.140489 0.050864 107.689003 -1.000000 -1.000000 0.318036
5 2 0.071319 0.417711 110.408997 -1.000000 -1.000000 0.327945
2 5 0.338026 0.007494 187.673004 -1.000000 -1.000000 0.321822
5 2 0.127817 0.120690 218.785995 -1.000000 -1.000000 0.317726
0 2 0.078213 0.060577 181.500000 -1.000000 -1.000000 0.201838
2 0 0.238529 0.036985 300.709991 -1.000000 -1.000000 0.284129
0 2 0.061812 0.142724 172.393997 -1.000000 -1.000000 0.166484
2 0 0.132722 0.020005 107.523003 -1.000000 -1.000000 0.284398
2 5 0.172857 0.124358 800.353027 -1.000000 -1.000000 0.320359
2 0 0.171342 0.096669 118.424004 -1.000000 -1.000000 0.388005
0 2 0.045037 0.101649 199.837997 -1.000000 -1.000000 0.319876
0 2 0.024142 0.087393 91.349098 -1.000000 -1.000000 0.317343
2 0 0.116576 0.061910 263.260986 -1.000000 -1.000000 0.322478
0 -1 0.021118 0.108824 90.998299 -1.000000 -1.000000 0.109794
5 2 0.070712 0.117801 71.419998 -1.000000 -1.000000 0.313586
2 5 0.237066 0.194985 94.112801 -1.000000 -1.000000 0.235730
4 0 0.123430 0.021952 62.456402 -1.000000 -1.000000 0.134551
5 -3 0.140673 0.053960 36.574799 -1.000000 -1.000000 0.357759
0 -1 0.042949 0.162633 161.759003 -1.000000 -1.000000 0.293441
0 2 0.027030 0.491360 291.959015 -1.000000 -1.000000 0.011954
0 2 0.069355 0.189385 194.729996 -1.000000 -1.000000 0.135868
-1 5 0.082342 0.100176 149.755997 -1.000000 -1.000000 0.362537
0 -1 0.107369 0.044119 61.000599 -1.000000 -1.000000 0.083143
2 0 0.098567 0.058256 190.722000 -1.000000 -1.000000 0.287697
0 2 0.053867 0.137382 74.050697 -1.000000 -1.000000 0.167275
-1 5 0.126641 0.018370 18.893600 -1.000000 -1.000000 0.136378
0 2 0.012421 0.117327 74.953598 -1.000000 -1.000000 0.299632
2 0 0.305026 0.009328 117.389999 -1.000000 -1.000000 0.353834
0 2 0.141057 0.283156 181.709000 -1.000000 -1.000000 0.309072
0 2 0.163775 0.207190 162.371994 -1.000000 -1.000000 0.274504
2 0 0.270282 0.026302 242.231995 -1.000000 -1.000000 0.271143
2 0 0.236299 0.009702 62.494499 -1.000000 -1.000000 0.300654
0 2 0.075777 0.266376 51.725399 -1.000000 -1.000000 0.269388
5 2 0.081631 0.122680 57.670601 -1.000000 -1.000000 0.267084
2 0 0.079511 0.123844 36.650902 -1.000000 -1.000000 0.020278
-3 0 0.031165 0.312123 90.078300 -1.000000 -1.000000 0.309371
5 2 0.201260 0.085823 673.153992 -1.000000 -1.000000 0.108256
-1 0 0.060072 0.168759 164.925995 -1.000000 -1.000000 0.284353
4 0 0.094017 0.062156 99.884300 -1.000000 -1.000000 0.317502
2 0 0.074106 0.101731 168.539993 -1.000000 -1.000000 0.278078
0 2 0.060905 0.029451 63.786301 -1.000000 -1.000000 0.367727
5 2 0.094650 0.047429 107.731003 -1.000000 -1.000000 0.279569
0 2 0.017770 0.079188 47.826302 -1.000000 -1.000000 0.270653
0 2 0.165988 0.071592 128.802994 -1.000000 -1.000000 0.481104
0 2 0.124670 0.111996 144.787003 -1.000000 -1.000000 0.313556
2 0 0.074293 0.026534 75.734100 -1.000000 -1.000000 0.075311
0 -1 0.020621 0.182745 133.319000 -1.000000 -1.000000 0.289131
2 0 0.080317 0.029141 32.319199 -1.000000 -1.000000 0.153841
2 5 0.052633 0.074070 61.269001 -1.000000 -1.000000 0.284120
0 -1 0.026631 0.223614 89.535698 -1.000000 -1.000000 0.314548
2 0 0.090372 0.081641 99.635300 -1.000000 -1.000000 0.054644
0 2 0.063297 0.327568 433.888000 -1.000000 -1.000000 0.259815
0 2 0.043205 0.099077 172.365997 -1.000000 -1.000000 0.258431
0 -3 0.266381 0.029536 180.973999 -1.000000 -1.000000 0.472433
2 0 0.121867 0.048791 52.486198 -1.000000 -1.000000 0.307087
0 2 0.098907 0.204569 198.955994 -1.000000 -1.000000 0.266558
5 2 0.064997 0.422358 107.857002 -1.000000 -1.000000 0.278114
0 -1 0.093685 0.114648 31.278000 -1.000000 -1.000000 0.315637
0 -3 0.054425 0.088807 60.431400 -1.000000 -1.000000 0.320910
0 2 0.131442 0.128746 289.962006 -1.000000 -1.000000 0.296343
5 2 0.078080 0.119694 68.274803 -1.000000 -1.000000 0.207174
0 2 0.018446 0.103735 45.520802 -1.000000 -1.000000 0.158549
0 2 0.147813 0.110425 202.927994 -1.000000 -1.000000 0.280896
2 0 0.156195 0.015862 100.023003 -1.000000 -1.000000 0.187980
2 0 0.027760 0.140580 79.597298 -1.000000 -1.000000 0.225446
2 0 0.139195 0.024092 69.856903 -1.000000 -1.000000 0.283750
2 0 0.344041 0.010816 102.665001 -1.000000 -1.000000 0.013590
2 0 0.226718 0.027618 150.347000 -1.000000 -1.000000 0.316146
2 5 0.378382 0.015494 486.091003 -1.000000 -1.000000 0.287744
2 0 0.128380 0.112947 99.582497 -1.000000 -1.000000 0.318272
2 5 0.207875 0.048328 500.371002 -1.000000 -1.000000 0.297792
