0 -3 0.022353 0.156328 122.101997 -1.000000 -1.000000 0.185711
-1 2 0.052370 0.049066 158.804001 -1.000000 -1.000000 0.250460
0 -3 0.027370 0.137715 54.339500 -1.000000 -1.000000 0.246496
0 4 0.044441 0.075935 52.420502 -1.000000 -1.000000 0.284601
0 2 0.040140 0.078092 68.321899 -1.000000 -1.000000 0.351575
2 0 0.129672 0.033023 131.755997 -1.000000 -1.000000 0.079321
-1 2 0.070875 0.182533 593.234009 -1.000000 -1.000000 0.288962
-1 2 0.049970 0.092515 200.867004 -1.000000 -1.000000 0.297866
-1 2 0.095297 0.033201 108.097000 -1.000000 -1.000000 0.243415
0 2 0.029280 0.221049 224.901993 -1.000000 -1.000000 0.301231
2 -1 0.105806 0.050263 399.472992 -1.000000 -1.000000 0.270502
2 -1 0.292854 0.016327 101.814003 -1.000000 -1.000000 0.247935
