0 0 0.140395 0.064522 101.919998 -1.000000 -1.000000 0.428935
0 0 0.103115 0.074867 238.587006 -1.000000 -1.000000 0.435655
5 0 0.026822 0.097613 21.016800 -1.000000 -1.000000 0.053290
0 5 0.110629 0.146483 250.307999 -1.000000 -1.000000 0.473027
5 0 0.065626 0.091605 141.787003 -1.000000 -1.000000 0.419452
5 -3 0.155741 0.037197 128.554001 -1.000000 -1.000000 0.460828
0 5 0.152738 0.059505 113.633003 -1.000000 -1.000000 0.400580
0 0 0.216274 0.100358 491.032990 -1.000000 -1.000000 0.427014
0 0 0.137125 0.060954 197.063995 -1.000000 -1.000000 0.678239
5 1 0.101356 0.158039 174.557007 -1.000000 -1.000000 0.394304
0 5 0.089753 0.105087 60.676800 -1.000000 -1.000000 0.673417
0 0 0.025003 0.238147 140.220001 -1.000000 -1.000000 0.646871
0 0 0.042236 0.070666 62.878700 -1.000000 -1.000000 0.481192
0 0 0.031145 0.384245 325.506989 -1.000000 -1.000000 0.400276
0 5 0.078755 0.080816 78.462303 -1.000000 -1.000000 0.405946
5 0 0.053919 0.330770 216.772995 -1.000000 -1.000000 0.467433
0 0 0.090876 0.091235 188.960999 -1.000000 -1.000000 0.381811
0 5 0.467484 0.011927 130.819000 -1.000000 -1.000000 0.249631
0 0 0.095411 0.104990 319.980988 -1.000000 -1.000000 0.407635
0 0 0.048565 0.111501 200.526993 -1.000000 -1.000000 0.467040
0 0 0.064086 0.235529 78.821701 -1.000000 -1.000000 0.228412
0 0 0.338882 0.190700 173.429001 -1.000000 -1.000000 0.415928
5 0 0.127786 0.048593 136.533005 -1.000000 -1.000000 0.375128
0 5 0.026207 0.156918 65.976303 -1.000000 -1.000000 0.020474
1 5 0.115408 0.185860 153.216003 -1.000000 -1.000000 0.378179
0 5 0.212402 0.026909 59.669201 -1.000000 -1.000000 0.353823
0 0 0.040527 0.063503 61.839199 -1.000000 -1.000000 0.438097
5 2 0.071109 0.188382 181.453995 -1.000000 -1.000000 0.716234
0 0 0.470742 0.047494 333.898010 -1.000000 -1.000000 0.274356
2 5 0.171463 0.043338 128.449997 -1.000000 -1.000000 0.382545
5 0 0.037306 0.060565 48.936798 -1.000000 -1.000000 0.438063
5 0 0.043651 0.327382 225.257996 -1.000000 -1.000000 0.434354
5 0 0.230905 0.011171 94.981300 -1.000000 -1.000000 0.137180
5 0 0.073333 0.258360 100.552002 -1.000000 -1.000000 0.416093
5 0 0.009220 0.213431 64.383904 -1.000000 -1.000000 0.091780
5 0 0.028455 0.225045 83.913696 -1.000000 -1.000000 0.415921
5 2 0.079758 0.112483 230.404007 -1.000000 -1.000000 0.295261
-4 5 0.323405 0.019679 236.447998 -1.000000 -1.000000 0.125480
0 0 0.104764 0.090356 46.133202 -1.000000 -1.000000 0.247566
2 5 0.195950 0.021787 66.594398 -1.000000 -1.000000 0.466360
0 0 0.039036 0.278451 271.036987 -1.000000 -1.000000 0.251695
5 1 0.039985 0.247322 153.794998 -1.000000 -1.000000 0.395689
0 0 0.085952 0.051942 106.134003 -1.000000 -1.000000 0.452842
0 5 0.153891 0.024920 55.937500 -1.000000 -1.000000 0.557772
0 5 0.083113 0.053369 109.737000 -1.000000 -1.000000 0.485780
5 2 0.063145 0.135448 153.576996 -1.000000 -1.000000 0.450016
2 5 0.114953 0.047834 131.449005 -1.000000 -1.000000 0.422287
0 0 0.343725 0.026061 120.982002 -1.000000 -1.000000 0.474099
5 -1 0.020687 0.337347 123.042999 -1.000000 -1.000000 0.455215
0 0 0.135922 0.020737 83.310799 -1.000000 -1.000000 0.470445
0 0 0.362237 0.188601 470.963013 -1.000000 -1.000000 0.092675
0 0 0.107640 0.119963 143.214005 -1.000000 -1.000000 0.450107
5 -2 0.157923 0.015091 75.146202 -1.000000 -1.000000 0.418603
0 0 0.084850 0.131907 253.274994 -1.000000 -1.000000 0.017989
0 0 0.104775 0.066187 174.983002 -1.000000 -1.000000 0.421538
0 0 0.011676 0.378217 105.259003 -1.000000 -1.000000 0.226970
0 0 0.093832 0.064493 199.369995 -1.000000 -1.000000 0.468571
5 0 0.012055 0.231368 66.698601 -1.000000 -1.000000 0.083599
0 0 0.069889 0.091390 64.106102 -1.000000 -1.000000 0.197449
0 0 0.127159 0.089597 86.286697 -1.000000 -1.000000 0.655930
0 5 0.116671 0.035408 68.289497 -1.000000 -1.000000 0.122819
5 0 0.175218 0.015907 77.875801 -1.000000 -1.000000 0.462120
0 0 0.075173 0.102209 220.807007 -1.000000 -1.000000 0.191865
0 0 0.130408 0.092452 81.527100 -1.000000 -1.000000 0.026413
0 5 0.099396 0.086507 41.282700 -1.000000 -1.000000 0.723867
0 0 0.100524 0.084643 42.707901 -1.000000 -1.000000 0.332196
5 0 0.089693 0.151442 112.089996 -1.000000 -1.000000 0.373461
0 5 0.454229 0.014443 169.281006 -1.000000 -1.000000 0.394049
0 5 0.053795 0.058692 91.983498 -1.000000 -1.000000 0.397603
0 0 0.070822 0.207688 329.006012 -1.000000 -1.000000 0.491973
1 5 0.019279 0.221701 92.994598 -1.000000 -1.000000 0.431439
0 5 0.038017 0.093315 42.303001 -1.000000 -1.000000 0.408388
5 0 0.174711 0.029646 118.903999 -1.000000 -1.000000 0.554637
0 5 0.154622 0.030426 62.988800 -1.000000 -1.000000 0.439243
2 5 0.211227 0.172122 390.291992 -1.000000 -1.000000 0.421419
0 0 0.017849 0.388114 40.296600 -1.000000 -1.000000 0.417798
5 0 0.011757 0.509151 228.281998 -1.000000 -1.000000 0.716695
2 5 0.366353 0.172227 248.117996 -1.000000 -1.000000 0.474332
0 5 0.065461 0.096496 243.591995 -1.000000 -1.000000 0.418449
0 0 0.145279 0.045342 61.920399 -1.000000 -1.000000 0.428888
0 0 0.032504 0.203770 155.837006 -1.000000 -1.000000 0.182891
0 0 0.011880 0.343407 122.404999 -1.000000 -1.000000 0.406259
0 5 0.061732 0.162117 221.046997 -1.000000 -1.000000 0.465447
5 0 0.014431 0.173084 50.385300 -1.000000 -1.000000 0.434576
0 0 0.052167 0.062911 74.076897 -1.000000 -1.000000 0.403179
0 5 0.024099 0.097399 70.293098 -1.000000 -1.000000 0.563665
1 5 0.380396 0.112927 94.422302 -1.000000 -1.000000 0.401439
0 0 0.026402 0.337533 209.464005 -1.000000 -1.000000 0.425561
5 1 0.061164 0.286111 164.328995 -1.000000 -1.000000 0.090862
0 0 0.139080 0.034873 138.276001 -1.000000 -1.000000 0.400692
0 5 0.085788 0.042358 131.082993 -1.000000 -1.000000 0.392819
0 0 0.092735 0.061401 143.212006 -1.000000 -1.000000 0.711185
2 5 0.086933 0.047724 77.685799 -1.000000 -1.000000 0.630061
5 0 0.197878 0.219954 84.939903 -1.000000 -1.000000 0.405388
0 0 0.185724 0.179688 181.283005 -1.000000 -1.000000 0.475053
5 2 0.178111 0.040775 120.272003 -1.000000 -1.000000 0.204398
0 0 0.072167 0.228360 193.326996 -1.000000 -1.000000 0.404911
0 5 0.030980 0.105472 47.854401 -1.000000 -1.000000 0.476873
5 0 0.057533 0.152015 222.468994 -1.000000 -1.000000 0.403129
0 5 0.108652 0.121646 166.800003 -1.000000 -1.000000 0.420131
0 0 0.023489 0.074755 36.616001 -1.000000 -1.000000 0.465003
5 0 0.160556 0.042310 133.016998 -1.000000 -1.000000 0.369105
5 0 0.079168 0.169755 168.281998 -1.000000 -1.000000 0.197140
0 0 0.061281 0.127296 177.044006 -1.000000 -1.000000 0.466151
