3 -5 0.039473 0.076719 35.695999 -1.000000 -1.000000 0.301513
0 -2 0.293616 0.092127 561.893982 -1.000000 -1.000000 0.022598
-5 1 0.172285 0.305161 886.825989 -1.000000 -1.000000 0.277072
0 1 0.023687 0.361113 110.278000 -1.000000 -1.000000 0.297192
1 -5 0.213015 0.013747 190.593002 -1.000000 -1.000000 0.078554
-5 0 0.026613 0.202499 39.224400 -1.000000 -1.000000 0.494321
0 1 0.042598 0.134319 66.873199 -1.000000 -1.000000 0.299200
-2 0 0.121903 0.064196 125.220001 -1.000000 -1.000000 0.300548
0 3 0.173737 0.028838 172.841003 -1.000000 -1.000000 0.333113
-4 -5 0.131673 0.081206 89.970703 -1.000000 -1.000000 0.310288
0 1 0.086527 0.142865 155.561996 -1.000000 -1.000000 0.296970
-2 0 0.143782 0.307562 103.556000 -1.000000 -1.000000 0.102195
1 0 0.169239 0.034515 78.694603 -1.000000 -1.000000 0.331664
-5 1 0.290758 0.043322 178.427002 -1.000000 -1.000000 0.303010
1 0 0.074138 0.068688 113.275002 -1.000000 -1.000000 0.214037
-2 0 0.091591 0.079275 132.473999 -1.000000 -1.000000 0.337490
1 0 0.224212 0.055143 358.156006 -1.000000 -1.000000 0.335181
0 1 0.040046 0.077407 68.497803 -1.000000 -1.000000 0.317170
-5 1 0.061861 0.092045 86.081001 -1.000000 -1.000000 0.289387
1 0 0.071977 0.077627 81.607803 -1.000000 -1.000000 0.313515
1 -5 0.036470 0.109226 91.240501 -1.000000 -1.000000 0.317799
3 0 0.111792 0.045985 134.985992 -1.000000 -1.000000 0.459820
1 -5 0.099809 0.036806 305.899994 -1.000000 -1.000000 0.339480
0 1 0.046464 0.078615 48.802700 -1.000000 -1.000000 0.078370
1 0 0.234568 0.026126 144.233994 -1.000000 -1.000000 0.294683
0 1 0.053171 0.362824 179.899002 -1.000000 -1.000000 0.331029
0 -5 0.020815 0.087334 87.330200 -1.000000 -1.000000 0.459587
0 1 0.139616 0.184520 452.179993 -1.000000 -1.000000 0.335619
0 1 0.033403 0.172537 216.891998 -1.000000 -1.000000 0.313208
1 -5 0.213105 0.150167 42.419201 -1.000000 -1.000000 0.099674
1 0 0.160554 0.024739 51.788200 -1.000000 -1.000000 0.488717
0 1 0.015648 0.383628 201.921005 -1.000000 -1.000000 0.333808
-4 -5 0.068475 0.047891 70.064400 -1.000000 -1.000000 0.305393
1 0 0.186267 0.106003 94.385902 -1.000000 -1.000000 0.291716
0 1 0.183907 0.052156 269.321014 -1.000000 -1.000000 0.330370
0 3 0.048915 0.224563 101.639000 -1.000000 -1.000000 0.269657
0 -4 0.129729 0.071128 126.191002 -1.000000 -1.000000 0.024767
-5 1 0.079823 0.170038 159.692001 -1.000000 -1.000000 0.308808
-4 0 0.027057 0.115509 67.350700 -1.000000 -1.000000 0.323966
