0 0 0.512239 0.030338 129.014008 -1.000000 -1.000000 0.476634
-5 0 0.251669 0.030729 154.597000 -1.000000 -1.000000 0.411071
0 0 0.018149 0.177297 38.274101 -1.000000 -1.000000 0.407071
0 -5 0.119467 0.106440 144.742996 -1.000000 -1.000000 0.572364
0 0 0.158074 0.119013 454.585999 -1.000000 -1.000000 0.386688
0 0 0.060181 0.135178 99.644997 -1.000000 -1.000000 0.432095
-5 2 0.161990 0.142724 162.822006 -1.000000 -1.000000 0.217446
-5 -1 0.023187 0.181669 84.472504 -1.000000 -1.000000 0.483328
0 0 0.115497 0.059378 90.389397 -1.000000 -1.000000 0.428056
0 0 0.206839 0.026755 121.624001 -1.000000 -1.000000 0.125585
-5 0 0.064822 0.066634 73.517700 -1.000000 -1.000000 0.728150
-5 0 0.033914 0.138910 72.451302 -1.000000 -1.000000 0.419312
0 0 0.174901 0.019516 81.271103 -1.000000 -1.000000 0.048952
0 0 0.260318 0.207748 101.722000 -1.000000 -1.000000 0.419117
-5 2 0.057029 0.106622 60.730900 -1.000000 -1.000000 0.426515
0 -5 0.174442 0.031251 171.082001 -1.000000 -1.000000 0.713289
-5 0 0.069735 0.173651 105.016998 -1.000000 -1.000000 0.431487
0 0 0.076746 0.275967 322.817993 -1.000000 -1.000000 0.410085
-5 0 0.009057 0.224890 60.971401 -1.000000 -1.000000 0.376508
0 -5 0.174441 0.035553 102.400002 -1.000000 -1.000000 0.380891
0 0 0.299681 0.015348 47.860199 -1.000000 -1.000000 0.270884
-5 2 0.062147 0.116738 12.943700 -1.000000 -1.000000 0.535995
0 -5 0.023943 0.098349 67.310204 -1.000000 -1.000000 0.430438
-5 1 0.086994 0.236493 127.927002 -1.000000 -1.000000 0.442200
0 -5 0.566821 0.034618 93.970901 -1.000000 -1.000000 0.420952
0 0 0.092792 0.126475 162.664993 -1.000000 -1.000000 0.059803
0 0 0.110098 0.031556 49.840500 -1.000000 -1.000000 0.362614
0 0 0.023229 0.180594 103.300003 -1.000000 -1.000000 0.427893
0 -5 0.116446 0.111152 146.641998 -1.000000 -1.000000 0.384047
-5 0 0.174511 0.036699 90.306000 -1.000000 -1.000000 0.535601
2 -5 0.394969 0.214316 268.476990 -1.000000 -1.000000 0.115064
0 0 0.035039 0.142227 108.913002 -1.000000 -1.000000 0.411974
0 -5 0.096515 0.113635 139.214996 -1.000000 -1.000000 0.422679
0 0 0.020814 0.071916 8.741200 -1.000000 -1.000000 0.199018
0 -5 0.127898 0.017357 42.686901 -1.000000 -1.000000 0.406403
-5 0 0.008185 0.290617 90.005798 -1.000000 -1.000000 0.237701
0 -5 0.079558 0.039690 47.740898 -1.000000 -1.000000 0.127285
0 0 0.060196 0.100276 105.598999 -1.000000 -1.000000 0.159778
5 -5 0.100758 0.096258 116.632004 -1.000000 -1.000000 0.034878
0 0 0.048534 0.296604 104.872002 -1.000000 -1.000000 0.049266
0 -5 0.105856 0.034404 57.311401 -1.000000 -1.000000 0.413086
0 0 0.213266 0.052047 279.235992 -1.000000 -1.000000 0.713760
0 0 0.068757 0.140390 239.511002 -1.000000 -1.000000 0.355836
0 0 0.124057 0.214758 268.506989 -1.000000 -1.000000 0.564567
0 -5 0.038253 0.070470 50.791500 -1.000000 -1.000000 0.477356
0 0 0.102830 0.039452 82.100098 -1.000000 -1.000000 0.398822
0 0 0.081024 0.131686 176.097000 -1.000000 -1.000000 0.169964
0 -5 0.071338 0.127658 133.363007 -1.000000 -1.000000 0.345915
0 0 0.237544 0.022061 67.274597 -1.000000 -1.000000 0.347040
0 0 0.016874 0.613869 168.781998 -1.000000 -1.000000 0.656713
-5 0 0.145513 0.016548 97.153297 -1.000000 -1.000000 0.494138
0 0 0.080522 0.066886 113.195999 -1.000000 -1.000000 0.484432
0 0 0.117970 0.041240 147.860001 -1.000000 -1.000000 0.702292
-5 0 0.062484 0.054778 12.387900 -1.000000 -1.000000 0.317209
0 0 0.041222 0.178906 173.710007 -1.000000 -1.000000 0.466672
-5 0 0.100073 0.060676 80.736397 -1.000000 -1.000000 0.485852
0 0 0.028761 0.182806 51.570099 -1.000000 -1.000000 0.040536
0 -5 0.023362 0.228539 112.598999 -1.000000 -1.000000 0.425143
0 0 0.120090 0.095189 119.656998 -1.000000 -1.000000 0.057764
2 -5 0.110091 0.027670 46.407501 -1.000000 -1.000000 0.394475
-5 0 0.175290 0.114871 141.852005 -1.000000 -1.000000 0.416241
0 -5 0.057926 0.094736 24.926100 -1.000000 -1.000000 0.420905
-5 0 0.029330 0.193930 130.195999 -1.000000 -1.000000 0.351396
0 -5 0.160878 0.026563 83.387199 -1.000000 -1.000000 0.540312
-5 0 0.016444 0.165314 42.394199 -1.000000 -1.000000 0.662567
0 0 0.135728 0.055188 223.848007 -1.000000 -1.000000 0.081730
-2 -5 0.146860 0.212729 605.705994 -1.000000 -1.000000 0.530995
0 0 0.031563 0.418555 165.391006 -1.000000 -1.000000 0.424239
0 0 0.054040 0.080815 182.231003 -1.000000 -1.000000 0.430282
0 -5 0.185733 0.009789 22.856199 -1.000000 -1.000000 0.394605
-5 -3 0.106995 0.120063 300.681000 -1.000000 -1.000000 0.640692
0 0 0.096472 0.205619 153.438995 -1.000000 -1.000000 0.434816
0 0 0.098196 0.115361 77.292397 -1.000000 -1.000000 0.019329
-5 0 0.027788 0.131241 54.618599 -1.000000 -1.000000 0.427668
-5 2 0.077238 0.063680 115.100998 -1.000000 -1.000000 0.165982
-5 0 0.089836 0.025314 90.604698 -1.000000 -1.000000 0.405244
0 -5 0.234280 0.025232 64.507797 -1.000000 -1.000000 0.401955
0 0 0.116337 0.131910 313.067993 -1.000000 -1.000000 0.296084
-5 0 0.092630 0.083879 181.048996 -1.000000 -1.000000 0.378260
-5 0 0.047419 0.071679 31.123899 -1.000000 -1.000000 0.419282
0 0 0.094139 0.069569 81.364799 -1.000000 -1.000000 0.439832
0 0 0.071646 0.046916 69.403297 -1.000000 -1.000000 0.466155
0 -5 0.051679 0.069316 130.563004 -1.000000 -1.000000 0.187894
0 0 0.084533 0.190025 202.246002 -1.000000 -1.000000 0.261430
0 0 0.151521 0.057434 67.271103 -1.000000 -1.000000 0.424071
0 0 0.132949 0.046900 148.337997 -1.000000 -1.000000 0.412155
0 0 0.040628 0.059007 75.652901 -1.000000 -1.000000 0.428824
-5 0 0.109251 0.049415 60.150799 -1.000000 -1.000000 0.558380
0 0 0.069035 0.081727 208.505997 -1.000000 -1.000000 0.471833
0 0 0.131387 0.116980 423.567993 -1.000000 -1.000000 0.452573
2 -5 0.366123 0.028458 204.904999 -1.000000 -1.000000 0.477069
1 -5 0.040489 0.167005 94.974403 -1.000000 -1.000000 0.407810
0 0 0.085985 0.024618 51.276600 -1.000000 -1.000000 0.193369
0 -5 0.041042 0.098995 115.680000 -1.000000 -1.000000 0.463104
-5 0 0.013106 0.180544 52.552200 -1.000000 -1.000000 0.323907
-5 0 0.060827 0.075658 66.265602 -1.000000 -1.000000 0.421348
-5 0 0.287157 0.082526 360.279999 -1.000000 -1.000000 0.478118
0 0 0.172737 0.082346 343.269012 -1.000000 -1.000000 0.124825
-5 0 0.065572 0.091315 74.800499 -1.000000 -1.000000 0.682872
-5 0 0.214143 0.043639 156.832993 -1.000000 -1.000000 0.081526
0 -5 0.136685 0.022959 93.872101 -1.000000 -1.000000 0.168052
-5 2 0.155266 0.183049 108.348999 -1.000000 -1.000000 0.516525
-5 3 0.105402 0.079927 173.018997 -1.000000 -1.000000 0.279608
0 0 0.054801 0.074856 24.516500 -1.000000 -1.000000 0.468470
0 0 0.103743 0.036622 41.637501 -1.000000 -1.000000 0.091688
0 -5 0.063989 0.146030 51.221802 -1.000000 -1.000000 0.519917
0 0 0.116260 0.109243 76.698601 -1.000000 -1.000000 0.576332
-5 0 0.014845 0.174056 88.062599 -1.000000 -1.000000 0.428346
0 -5 0.099555 0.030588 49.028099 -1.000000 -1.000000 0.033261
0 0 0.108015 0.145856 250.785995 -1.000000 -1.000000 0.620408
0 -5 0.036418 0.129890 25.298401 -1.000000 -1.000000 0.414533
0 0 0.238901 0.024232 107.198997 -1.000000 -1.000000 0.458785
0 0 0.028277 0.204229 212.231995 -1.000000 -1.000000 0.016272
0 0 0.219023 0.144827 287.118011 -1.000000 -1.000000 0.543358
-5 2 0.020740 0.145882 68.078102 -1.000000 -1.000000 0.420430
0 0 0.065175 0.142598 39.922401 -1.000000 -1.000000 0.448833
-5 0 0.081262 0.049851 56.375599 -1.000000 -1.000000 0.465444
