1 -1 0.295242 0.182609 916.036316 -1.000000 -1.000000 0.004261
0 0 0.461553 0.214216 1021.323975 -1.000000 -1.000000 0.004958
-2 2 0.142935 0.403911 887.046997 -1.000000 -1.000000 0.010519
-2 2 0.114390 0.427604 857.249207 -1.000000 -1.000000 0.010162
-2 2 0.246910 0.215444 884.403809 -1.000000 -1.000000 0.014744
2 0 0.790103 0.090429 871.738525 -1.000000 -1.000000 0.007146
2 -2 0.705065 0.084227 874.223877 -1.000000 -1.000000 0.014546
-1 1 0.178204 0.360573 1005.487000 -1.000000 -1.000000 0.013666
1 -1 0.367294 0.193167 999.259399 -1.000000 -1.000000 0.009688
2 0 0.421728 0.207955 871.312012 -1.000000 -1.000000 0.010591
0 0 0.472245 0.308289 1169.921021 -1.000000 -1.000000 0.010813
0 0 0.401817 0.203368 1049.305054 -1.000000 -1.000000 0.011217
2 -2 0.749943 0.087072 1015.453979 -1.000000 -1.000000 0.011257
2 -2 0.409622 0.111985 852.337708 -1.000000 -1.000000 0.014386
-2 2 0.106543 0.518133 877.196777 -1.000000 -1.000000 0.010465
-2 2 0.244580 0.211892 875.395386 -1.000000 -1.000000 0.011387
1 -1 0.472639 0.141249 856.321472 -1.000000 -1.000000 0.012137
0 0 0.330428 0.237498 870.532715 -1.000000 -1.000000 0.015838
0 2 0.249265 0.625884 994.394775 -1.000000 -1.000000 0.005208
-2 2 0.170047 0.635743 1196.437012 -1.000000 -1.000000 0.012820
1 -1 0.248445 0.216012 921.391785 -1.000000 -1.000000 0.012603
2 -2 0.345109 0.191388 901.617126 -1.000000 -1.000000 0.013152
-2 2 0.225349 0.282089 852.887390 -1.000000 -1.000000 0.017640
0 1 0.347795 0.495801 936.393799 -1.000000 -1.000000 0.005254
-2 2 0.161147 0.377529 978.996094 -1.000000 -1.000000 0.013764
2 -2 0.492328 0.194081 1184.368042 -1.000000 -1.000000 0.014642
0 0 0.171651 0.303670 853.639282 -1.000000 -1.000000 0.010918
1 -1 0.414505 0.116239 868.972229 -1.000000 -1.000000 0.015619
-2 2 0.471966 0.539334 945.572083 -1.000000 -1.000000 0.012223
1 -1 0.142773 0.321885 853.971008 -1.000000 -1.000000 0.009906
-2 2 0.095574 0.584337 912.513977 -1.000000 -1.000000 0.006238
-1 1 0.140968 0.410958 874.800415 -1.000000 -1.000000 0.010155
-2 2 0.229140 0.202193 858.314087 -1.000000 -1.000000 0.010327
-1 1 0.316040 0.281781 1191.214966 -1.000000 -1.000000 0.005007
1 -1 0.403277 0.191968 946.398499 -1.000000 -1.000000 0.013845
2 0 0.428101 0.394285 1138.729004 -1.000000 -1.000000 0.010279
-2 2 0.262541 0.325453 932.218018 -1.000000 -1.000000 0.016942
-2 2 0.114873 0.474487 932.832703 -1.000000 -1.000000 0.000561
-2 2 0.170077 0.534572 1055.943970 -1.000000 -1.000000 0.014504
-1 1 0.115829 0.520269 980.388977 -1.000000 -1.000000 0.013080
1 -1 0.452864 0.280796 881.514221 -1.000000 -1.000000 0.004103
0 1 0.330703 0.212602 873.633423 -1.000000 -1.000000 0.015454
-1 1 0.325354 0.152183 855.777527 -1.000000 -1.000000 0.013101
2 -2 0.379575 0.135022 901.820496 -1.000000 -1.000000 0.011696
2 -2 0.332896 0.161423 920.457886 -1.000000 -1.000000 0.011949
1 0 0.472175 0.266079 928.708191 -1.000000 -1.000000 0.009317
2 -2 0.378703 0.200536 968.315918 -1.000000 -1.000000 0.009985
-2 2 0.447809 0.269968 894.427124 -1.000000 -1.000000 0.014761
-2 2 0.139029 0.386878 916.864380 -1.000000 -1.000000 0.013395
2 -2 0.441407 0.164259 909.438293 -1.000000 -1.000000 0.015587
0 0 0.183717 0.402228 895.168396 -1.000000 -1.000000 0.014738
2 -2 0.540709 0.115507 961.791809 -1.000000 -1.000000 0.010634
-1 1 0.217582 0.537935 877.263123 -1.000000 -1.000000 0.011924
1 -1 0.259887 0.217768 917.558899 -1.000000 -1.000000 0.008552
0 2 0.152443 0.555060 872.000305 -1.000000 -1.000000 0.010464
0 1 0.138567 0.391202 856.775879 -1.000000 -1.000000 0.015349
-2 2 0.314130 0.261941 930.309326 -1.000000 -1.000000 0.014946
-2 2 0.293427 0.166200 854.806580 -1.000000 -1.000000 0.016766
1 -1 0.206959 0.292004 905.092407 -1.000000 -1.000000 0.018099
2 -2 0.315228 0.172912 850.274597 -1.000000 -1.000000 0.000984
-1 1 0.226432 0.242124 857.676392 -1.000000 -1.000000 0.017235
2 2 0.468651 0.489178 1036.739990 -1.000000 -1.000000 0.013347
-2 2 0.175523 0.355495 922.116272 -1.000000 -1.000000 0.010535
2 0 0.480613 0.227398 883.769897 -1.000000 -1.000000 0.005198
0 2 0.523260 0.116434 880.505676 -1.000000 -1.000000 0.011919
2 0 0.491479 0.135807 853.490906 -1.000000 -1.000000 0.009714
2 -2 0.299906 0.231973 881.053528 -1.000000 -1.000000 0.010348
1 -1 0.191157 0.518758 881.368286 -1.000000 -1.000000 0.007336
2 -2 0.775248 0.060482 866.033813 -1.000000 -1.000000 0.006696
0 0 0.255265 0.311234 963.927979 -1.000000 -1.000000 0.003232
-1 1 0.304978 0.161949 887.981323 -1.000000 -1.000000 0.006598
2 -2 0.482133 0.106882 907.114685 -1.000000 -1.000000 0.009643
-1 1 0.106170 0.442743 867.080078 -1.000000 -1.000000 0.011740
2 -2 0.360254 0.127482 850.277710 -1.000000 -1.000000 0.010686
2 -2 0.449760 0.149983 1006.273987 -1.000000 -1.000000 0.013464
-2 2 0.276820 0.254282 951.984314 -1.000000 -1.000000 0.013669
-2 2 0.268603 0.253079 894.716492 -1.000000 -1.000000 0.011476
1 -1 0.210395 0.223968 865.734497 -1.000000 -1.000000 0.003144
-1 1 0.300326 0.229879 854.356018 -1.000000 -1.000000 0.006233
-2 2 0.281373 0.409650 1175.949951 -1.000000 -1.000000 0.014783
2 2 0.530910 0.594872 945.422913 -1.000000 -1.000000 0.011836
-1 1 0.199723 0.234219 860.778503 -1.000000 -1.000000 0.014095
2 -2 0.460426 0.218531 909.379028 -1.000000 -1.000000 0.006454
-1 1 0.150265 0.316863 872.736389 -1.000000 -1.000000 0.011702
0 0 0.203615 0.396319 911.451477 -1.000000 -1.000000 0.004685
0 0 0.240828 0.269214 911.095886 -1.000000 -1.000000 0.013326
2 -2 0.311007 0.234359 1019.427979 -1.000000 -1.000000 0.011051
0 2 0.173685 0.488263 906.171692 -1.000000 -1.000000 0.014895
0 0 0.432998 0.142499 866.050415 -1.000000 -1.000000 0.002162
2 0 0.557559 0.230712 937.745483 -1.000000 -1.000000 0.008553
-2 2 0.232969 0.226498 880.950195 -1.000000 -1.000000 0.012123
0 0 0.396053 0.246079 927.679382 -1.000000 -1.000000 0.013599
0 1 0.337831 0.210131 868.982117 -1.000000 -1.000000 0.010645
1 -1 0.566869 0.125841 939.255005 -1.000000 -1.000000 0.014778
-2 2 0.114164 0.403866 852.213623 -1.000000 -1.000000 0.000469
1 -1 0.497261 0.105105 881.686890 -1.000000 -1.000000 0.012252
0 1 0.124913 0.623074 895.377991 -1.000000 -1.000000 0.010749
-2 2 0.183774 0.429414 916.465576 -1.000000 -1.000000 0.010841
2 -2 0.173275 0.351035 916.337891 -1.000000 -1.000000 0.013876
0 0 0.280269 0.278398 908.366821 -1.000000 -1.000000 0.003064
2 -2 0.288413 0.201959 964.959717 -1.000000 -1.000000 0.002385
2 -2 0.261782 0.311316 853.029785 -1.000000 -1.000000 0.010994
0 2 0.198505 0.538051 853.882324 -1.000000 -1.000000 0.010209
0 1 0.253508 0.283697 869.968872 -1.000000 -1.000000 0.000901
-2 2 0.200768 0.257800 867.820374 -1.000000 -1.000000 0.011879
-2 2 0.192803 0.262104 858.729980 -1.000000 -1.000000 0.009585
2 -2 0.560689 0.109431 989.708191 -1.000000 -1.000000 0.011859
-1 1 0.240531 0.294157 915.310608 -1.000000 -1.000000 0.011844
-2 2 0.370613 0.297374 906.374878 -1.000000 -1.000000 0.001588
-1 1 0.203872 0.349617 868.191589 -1.000000 -1.000000 0.009594
2 0 0.748628 0.143147 1051.015991 -1.000000 -1.000000 0.014794
0 2 0.230689 0.525550 962.329529 -1.000000 -1.000000 0.012881
-1 1 0.111163 0.451822 863.582703 -1.000000 -1.000000 0.011143
-2 2 0.119027 0.394407 866.050110 -1.000000 -1.000000 0.010292
-2 2 0.175524 0.398682 1025.572021 -1.000000 -1.000000 0.009926
2 -2 0.289437 0.243370 859.663208 -1.000000 -1.000000 0.007186
-2 2 0.268206 0.282046 859.643005 -1.000000 -1.000000 0.011584
3 -3 0.152847 0.441269 887.121399 -1.000000 -1.000000 0.014553
2 -2 0.486240 0.147760 858.307983 -1.000000 -1.000000 0.011785
0 2 0.198083 0.449144 1056.612061 -1.000000 -1.000000 0.010476
0 0 0.372433 0.294408 912.816589 -1.000000 -1.000000 0.010470
-2 2 0.411737 0.324139 1457.243042 -1.000000 -1.000000 0.009891
-3 3 0.234629 0.279915 970.708130 -1.000000 -1.000000 0.015110
-2 2 0.125305 0.429560 865.740906 -1.000000 -1.000000 0.010604
2 2 0.221604 0.585852 886.671387 -1.000000 -1.000000 0.000592
1 -1 0.186690 0.249374 857.170593 -1.000000 -1.000000 0.010040
-2 2 0.106110 0.608896 888.884094 -1.000000 -1.000000 0.010364
1 -1 0.317176 0.203527 946.177429 -1.000000 -1.000000 0.011442
1 -1 0.317694 0.174902 912.388916 -1.000000 -1.000000 0.010937
2 -2 0.108152 0.500394 904.629700 -1.000000 -1.000000 0.015076
2 -2 0.344521 0.184083 904.688416 -1.000000 -1.000000 0.019847
-2 2 0.281849 0.320380 1127.536987 -1.000000 -1.000000 0.011343
-1 1 0.210938 0.319966 935.255798 -1.000000 -1.000000 0.006384
1 -1 0.209502 0.238164 892.858582 -1.000000 -1.000000 0.011827
2 -2 0.308467 0.151955 863.767090 -1.000000 -1.000000 0.014859
0 0 0.193554 0.325511 995.812622 -1.000000 -1.000000 0.014448
2 -2 0.611951 0.084778 901.835327 -1.000000 -1.000000 0.008006
0 1 0.437547 0.462764 1109.369995 -1.000000 -1.000000 0.015291
1 -1 0.303215 0.257938 1113.303955 -1.000000 -1.000000 0.012193
-2 2 0.084694 0.679992 950.867920 -1.000000 -1.000000 0.013330
0 2 0.252212 0.269932 904.302002 -1.000000 -1.000000 0.000881
2 -2 0.384621 0.255794 1026.735962 -1.000000 -1.000000 0.011067
0 0 0.219213 0.325582 935.149109 -1.000000 -1.000000 0.013344
-2 2 0.083641 0.591831 887.679871 -1.000000 -1.000000 0.010095
0 0 0.194255 0.288035 897.157410 -1.000000 -1.000000 0.012607
-1 1 0.237726 0.250725 960.958008 -1.000000 -1.000000 0.012247
2 -2 0.307550 0.193805 975.894714 -1.000000 -1.000000 0.010572
-2 2 0.172797 0.316191 889.215576 -1.000000 -1.000000 0.012077
-1 1 0.297354 0.319558 1120.822021 -1.000000 -1.000000 0.010292
2 -2 0.260158 0.188635 882.138672 -1.000000 -1.000000 0.011969
0 0 0.325426 0.425896 1249.920044 -1.000000 -1.000000 0.004990
1 -1 0.208639 0.297625 976.795227 -1.000000 -1.000000 0.011384
2 -2 0.233980 0.204384 859.751770 -1.000000 -1.000000 0.011623
-2 2 0.317491 0.241028 950.469971 -1.000000 -1.000000 0.010427
0 0 0.513820 0.135488 851.539978 -1.000000 -1.000000 0.010089
-2 2 0.062519 0.750485 856.225708 -1.000000 -1.000000 0.007588
2 -2 0.246184 0.265661 993.156616 -1.000000 -1.000000 0.009163
2 0 0.436460 0.194694 973.702271 -1.000000 -1.000000 0.015128
-2 2 0.125250 0.448840 912.559998 -1.000000 -1.000000 0.010032
-2 2 0.154682 0.526984 1124.104004 -1.000000 -1.000000 0.011787
-2 2 0.214093 0.404390 900.394226 -1.000000 -1.000000 0.013415
1 -1 0.350578 0.225708 867.577881 -1.000000 -1.000000 0.011563
-1 1 0.159658 0.341466 857.941406 -1.000000 -1.000000 0.007863
-1 1 0.172727 0.428548 971.337524 -1.000000 -1.000000 0.013725
1 -1 0.321054 0.187669 969.000488 -1.000000 -1.000000 0.010350
-2 2 0.229380 0.212930 876.833984 -1.000000 -1.000000 0.009684
2 -2 0.540633 0.093828 893.523376 -1.000000 -1.000000 0.013315
-2 2 0.166632 0.365082 963.557190 -1.000000 -1.000000 0.015272
2 -2 0.585194 0.126679 1016.445984 -1.000000 -1.000000 0.005443
2 -3 0.366219 0.400203 875.801270 -1.000000 -1.000000 0.002170
2 0 0.491783 0.241486 901.814880 -1.000000 -1.000000 0.010745
2 -2 0.429388 0.137853 935.773193 -1.000000 -1.000000 0.014555
1 -1 0.275399 0.196783 856.559204 -1.000000 -1.000000 0.003171
0 0 0.402109 0.247708 858.926086 -1.000000 -1.000000 0.011807
2 -2 0.407022 0.168506 976.459717 -1.000000 -1.000000 0.009875
0 0 0.349040 0.286952 1239.529053 -1.000000 -1.000000 0.010807
-1 1 0.221056 0.351233 899.865112 -1.000000 -1.000000 0.013758
0 2 0.139298 0.546279 937.339111 -1.000000 -1.000000 0.011389
2 0 0.252668 0.250364 879.118408 -1.000000 -1.000000 0.009398
-2 2 0.097285 0.567445 925.734497 -1.000000 -1.000000 0.011430
-2 2 0.439342 0.121728 923.950623 -1.000000 -1.000000 0.005037
-2 2 0.184460 0.454912 1135.463989 -1.000000 -1.000000 0.011958
2 -2 0.236040 0.423896 919.042603 -1.000000 -1.000000 0.010395
2 -2 0.370854 0.147299 896.849670 -1.000000 -1.000000 0.012252
2 -2 0.270973 0.168665 851.205505 -1.000000 -1.000000 0.013726
2 -2 0.336788 0.236459 1098.880981 -1.000000 -1.000000 0.009554
2 -2 0.132955 0.429093 889.278809 -1.000000 -1.000000 0.013473
2 -2 0.141990 0.328346 853.867371 -1.000000 -1.000000 0.013256
0 1 0.297274 0.235911 881.193176 -1.000000 -1.000000 0.009476
0 0 0.325485 0.184622 941.310913 -1.000000 -1.000000 0.010962
-2 2 0.469049 0.169892 1077.107056 -1.000000 -1.000000 0.008992
1 -1 0.369640 0.146673 851.089600 -1.000000 -1.000000 0.008042
-2 2 0.116030 0.480021 942.081604 -1.000000 -1.000000 0.011615
1 -1 0.270720 0.202602 870.492676 -1.000000 -1.000000 0.009808
0 0 0.375542 0.126119 867.674805 -1.000000 -1.000000 0.015374
1 -1 0.291231 0.227674 1018.010010 -1.000000 -1.000000 0.013801
-2 2 0.211051 0.579150 1009.651001 -1.000000 -1.000000 0.006435
0 2 0.130559 0.627874 912.976807 -1.000000 -1.000000 0.009678
1 -1 0.261189 0.289598 1100.098999 -1.000000 -1.000000 0.014273
2 -2 0.419107 0.256004 1048.258057 -1.000000 -1.000000 0.013310
2 -2 0.482639 0.177693 1134.295044 -1.000000 -1.000000 0.011635
-1 1 0.196936 0.267686 864.428894 -1.000000 -1.000000 0.011266
0 0 0.294498 0.171494 897.860107 -1.000000 -1.000000 0.015041
2 -2 0.269650 0.227645 953.886780 -1.000000 -1.000000 0.010734
-2 2 0.167529 0.439192 862.830200 -1.000000 -1.000000 0.013424
