0 0 0.352703 0.288180 879.729980 -1.000000 -1.000000 0.102751
0 0 0.208430 0.210239 705.070190 -1.000000 -1.000000 0.036759
1 -1 0.201578 0.192331 745.599487 -1.000000 -1.000000 0.096411
0 0 0.147368 0.243457 656.071899 -1.000000 -1.000000 0.120596
0 0 0.170788 0.476977 1089.916992 -1.000000 -1.000000 0.115328
0 0 0.326666 0.170884 885.876526 -1.000000 -1.000000 0.088197
2 0 0.300113 0.472475 785.487610 -1.000000 -1.000000 0.090653
1 -1 0.211045 0.131108 662.828430 -1.000000 -1.000000 0.098484
2 -2 0.210777 0.167608 667.708313 -1.000000 -1.000000 0.065133
0 0 0.180943 0.284674 783.212585 -1.000000 -1.000000 0.085258
-2 2 0.284463 0.170418 773.279480 -1.000000 -1.000000 0.005853
0 0 0.175771 0.162242 658.821777 -1.000000 -1.000000 0.062039
0 0 0.211963 0.276402 740.926270 -1.000000 -1.000000 0.115128
0 0 0.246769 0.236567 708.528870 -1.000000 -1.000000 0.090498
-1 0 0.332140 0.210125 802.788696 -1.000000 -1.000000 0.101334
-1 1 0.124739 0.225495 669.509583 -1.000000 -1.000000 0.051908
-2 2 0.112400 0.260958 651.859802 -1.000000 -1.000000 0.129762
2 -2 0.151698 0.220531 729.630676 -1.000000 -1.000000 0.042285
2 0 0.426689 0.141725 822.433716 -1.000000 -1.000000 0.036682
0 0 0.221367 0.166943 692.228516 -1.000000 -1.000000 0.193740
0 0 0.252620 0.310141 683.578186 -1.000000 -1.000000 0.100444
1 -1 0.258910 0.147393 770.962402 -1.000000 -1.000000 0.084109
-1 1 0.145744 0.274455 725.292175 -1.000000 -1.000000 0.079455
0 2 0.309662 0.227206 695.348511 -1.000000 -1.000000 0.091051
0 0 0.126099 0.302423 693.753418 -1.000000 -1.000000 0.096172
-2 2 0.098413 0.334294 725.203674 -1.000000 -1.000000 0.039847
2 -2 0.513174 0.084833 811.322998 -1.000000 -1.000000 0.101541
-1 1 0.210275 0.194539 800.597778 -1.000000 -1.000000 0.098780
0 0 0.183300 0.245719 826.980896 -1.000000 -1.000000 0.140061
-2 2 0.197466 0.171410 663.287476 -1.000000 -1.000000 0.032466
0 0 0.333663 0.119100 786.413879 -1.000000 -1.000000 0.089501
-1 1 0.230643 0.143872 726.754578 -1.000000 -1.000000 0.106382
-2 2 0.105765 0.396740 697.266418 -1.000000 -1.000000 0.090241
2 -2 0.602088 0.091933 756.772400 -1.000000 -1.000000 0.073036
-2 2 0.171363 0.266545 709.408020 -1.000000 -1.000000 0.113196
0 2 0.124572 0.469871 741.437195 -1.000000 -1.000000 0.126839
1 -1 0.237878 0.191621 757.762512 -1.000000 -1.000000 0.006774
0 0 0.331377 0.163421 692.477173 -1.000000 -1.000000 0.086213
0 0 0.300588 0.111222 726.526306 -1.000000 -1.000000 0.082887
2 -2 0.201053 0.389864 741.203186 -1.000000 -1.000000 0.096209
2 0 0.582959 0.104830 843.172913 -1.000000 -1.000000 0.134675
2 -2 0.348584 0.109001 758.600098 -1.000000 -1.000000 0.122718
-2 2 0.111282 0.385709 807.287781 -1.000000 -1.000000 0.099082
0 0 0.144924 0.265273 761.891418 -1.000000 -1.000000 0.007515
1 -1 0.383063 0.092614 747.356506 -1.000000 -1.000000 0.091970
2 -2 0.305971 0.141231 689.678528 -1.000000 -1.000000 0.085799
2 -2 0.238242 0.175318 722.532715 -1.000000 -1.000000 0.048472
0 0 0.143213 0.210190 651.099304 -1.000000 -1.000000 0.113193
2 0 0.495121 0.202552 709.331482 -1.000000 -1.000000 0.053956
-2 2 0.261409 0.375076 799.018921 -1.000000 -1.000000 0.153300
0 0 0.280497 0.117339 652.828674 -1.000000 -1.000000 0.126323
2 -2 0.542714 0.114378 996.338501 -1.000000 -1.000000 0.091090
-3 3 0.321870 0.106365 673.982117 -1.000000 -1.000000 0.088693
-1 1 0.144595 0.187488 655.589417 -1.000000 -1.000000 0.071964
2 -2 0.212053 0.187365 746.673401 -1.000000 -1.000000 0.034933
0 2 0.177355 0.243935 673.891418 -1.000000 -1.000000 0.071061
1 0 0.245339 0.191763 685.818298 -1.000000 -1.000000 0.073322
2 -2 0.361610 0.085083 700.906189 -1.000000 -1.000000 0.088673
-2 2 0.089427 0.316201 672.593811 -1.000000 -1.000000 0.115120
-2 2 0.126183 0.325795 682.757324 -1.000000 -1.000000 0.099426
-2 2 0.088148 0.399270 659.261780 -1.000000 -1.000000 0.114506
-1 1 0.113997 0.285837 687.773376 -1.000000 -1.000000 0.087089
2 0 0.403470 0.253191 873.895325 -1.000000 -1.000000 0.101607
-2 2 0.444010 0.219334 1008.278992 -1.000000 -1.000000 0.076504
2 -2 0.184107 0.178626 708.764587 -1.000000 -1.000000 0.033825
0 0 0.273020 0.112264 677.158386 -1.000000 -1.000000 0.100759
0 0 0.243525 0.163397 671.068420 -1.000000 -1.000000 0.080202
-2 2 0.125712 0.261745 674.152283 -1.000000 -1.000000 0.084346
0 0 0.094475 0.318841 692.802124 -1.000000 -1.000000 0.040493
-2 2 0.111030 0.281488 702.164673 -1.000000 -1.000000 0.093468
0 0 0.482926 0.093422 654.386475 -1.000000 -1.000000 0.085627
0 0 0.195824 0.261439 708.477295 -1.000000 -1.000000 0.090694
-2 2 0.187108 0.233755 701.330383 -1.000000 -1.000000 0.026458
-2 2 0.205216 0.296329 748.441223 -1.000000 -1.000000 0.123364
2 0 0.339938 0.103894 662.715820 -1.000000 -1.000000 0.049764
0 0 0.244014 0.112778 650.718384 -1.000000 -1.000000 0.098652
-2 2 0.174490 0.167021 672.806824 -1.000000 -1.000000 0.064087
-1 1 0.142123 0.224583 691.903992 -1.000000 -1.000000 0.188328
2 -2 0.367438 0.165996 899.904419 -1.000000 -1.000000 0.007591
0 0 0.217578 0.407246 759.777771 -1.000000 -1.000000 0.097044
2 -2 0.398774 0.107037 667.298828 -1.000000 -1.000000 0.086680
-1 1 0.069877 0.407266 654.045288 -1.000000 -1.000000 0.102789
2 -2 0.434046 0.081470 722.658875 -1.000000 -1.000000 0.043277
0 0 0.413474 0.150159 693.916504 -1.000000 -1.000000 0.093418
-2 2 0.124863 0.236737 681.022583 -1.000000 -1.000000 0.138163
0 0 0.202108 0.162206 658.425171 -1.000000 -1.000000 0.108841
-2 2 0.109121 0.459550 778.058716 -1.000000 -1.000000 0.110899
-2 2 0.142006 0.238501 733.447876 -1.000000 -1.000000 0.102005
0 2 0.104808 0.458834 653.554077 -1.000000 -1.000000 0.107643
-2 2 0.130194 0.262242 738.564087 -1.000000 -1.000000 0.071655
2 -2 0.213504 0.147263 680.228699 -1.000000 -1.000000 0.141175
0 0 0.122130 0.322926 672.602722 -1.000000 -1.000000 0.044952
-2 2 0.108368 0.593693 830.248779 -1.000000 -1.000000 0.121147
0 0 0.140531 0.205083 679.009888 -1.000000 -1.000000 0.043896
0 0 0.295393 0.152823 715.025330 -1.000000 -1.000000 0.096774
-1 1 0.178377 0.177067 709.961914 -1.000000 -1.000000 0.108797
0 0 0.066204 0.463230 671.722900 -1.000000 -1.000000 0.098968
-1 1 0.230766 0.228484 800.432495 -1.000000 -1.000000 0.172120
2 0 0.486756 0.105781 653.393677 -1.000000 -1.000000 0.077907
2 -2 0.545173 0.083233 661.955688 -1.000000 -1.000000 0.045179
0 0 0.156332 0.255167 684.613892 -1.000000 -1.000000 0.006508
0 0 0.330670 0.402120 765.222290 -1.000000 -1.000000 0.085836
-3 3 0.199829 0.174230 674.612610 -1.000000 -1.000000 0.155863
0 0 0.191777 0.370623 805.313782 -1.000000 -1.000000 0.105400
0 0 0.090936 0.356013 688.484314 -1.000000 -1.000000 0.078469
0 0 0.317991 0.203670 689.657288 -1.000000 -1.000000 0.115551
-2 2 0.086544 0.507459 744.767883 -1.000000 -1.000000 0.085561
0 0 0.233931 0.248026 813.564819 -1.000000 -1.000000 0.089233
1 -1 0.350466 0.119846 751.710693 -1.000000 -1.000000 0.005819
0 1 0.336528 0.316102 772.644409 -1.000000 -1.000000 0.120595
2 -2 0.306473 0.089977 662.137878 -1.000000 -1.000000 0.007597
2 -2 0.382141 0.085156 712.516602 -1.000000 -1.000000 0.086922
2 0 0.456630 0.208937 831.870422 -1.000000 -1.000000 0.117112
1 -1 0.221852 0.230864 853.875122 -1.000000 -1.000000 0.097349
2 -2 0.279848 0.127145 717.449524 -1.000000 -1.000000 0.091044
-2 2 0.138489 0.346068 840.407471 -1.000000 -1.000000 0.112318
0 0 0.273786 0.195580 709.959900 -1.000000 -1.000000 0.025710
0 0 0.214662 0.179882 669.984070 -1.000000 -1.000000 0.089681
0 0 0.216232 0.170784 728.760193 -1.000000 -1.000000 0.043961
0 0 0.166625 0.394560 786.131775 -1.000000 -1.000000 0.120206
-1 1 0.216448 0.326080 1062.633057 -1.000000 -1.000000 0.097488
2 0 0.194968 0.204737 672.646729 -1.000000 -1.000000 0.074099
0 0 0.155825 0.300257 732.558472 -1.000000 -1.000000 0.080554
1 -1 0.298508 0.104386 663.416504 -1.000000 -1.000000 0.017996
2 -2 0.518456 0.060625 703.802002 -1.000000 -1.000000 0.081577
2 -2 0.340925 0.095266 670.649414 -1.000000 -1.000000 0.077960
0 0 0.222877 0.286684 819.237610 -1.000000 -1.000000 0.010047
2 0 0.442831 0.129154 707.125793 -1.000000 -1.000000 0.110681
0 0 0.205127 0.146221 690.850098 -1.000000 -1.000000 0.005125
2 -2 0.499493 0.088241 760.572021 -1.000000 -1.000000 0.091877
-1 1 0.097943 0.499082 703.476013 -1.000000 -1.000000 0.186792
0 0 0.229382 0.123675 653.304504 -1.000000 -1.000000 0.087510
0 0 0.222389 0.207222 665.278992 -1.000000 -1.000000 0.124062
0 0 0.163228 0.196205 709.747498 -1.000000 -1.000000 0.030402
-1 1 0.259893 0.179828 848.209290 -1.000000 -1.000000 0.135005
2 0 0.320212 0.293156 670.770386 -1.000000 -1.000000 0.091898
2 0 0.487785 0.076716 723.819580 -1.000000 -1.000000 0.100495
2 0 0.298002 0.404298 725.236023 -1.000000 -1.000000 0.098624
0 2 0.184778 0.387686 718.494080 -1.000000 -1.000000 0.043243
0 2 0.197354 0.338437 712.801880 -1.000000 -1.000000 0.089678
2 -2 0.146074 0.303305 739.007202 -1.000000 -1.000000 0.124965
-2 2 0.051542 0.735644 709.339294 -1.000000 -1.000000 0.123038
2 -2 0.437033 0.083174 681.331787 -1.000000 -1.000000 0.114052
2 -2 0.281642 0.131586 700.652527 -1.000000 -1.000000 0.092225
2 -2 0.463421 0.147099 655.558289 -1.000000 -1.000000 0.127866
0 0 0.157462 0.213910 730.946289 -1.000000 -1.000000 0.103636
1 -1 0.394133 0.101754 713.149170 -1.000000 -1.000000 0.104167
0 0 0.125096 0.216532 657.985413 -1.000000 -1.000000 0.020039
2 0 0.580323 0.311366 874.093628 -1.000000 -1.000000 0.093635
2 -2 0.277031 0.150820 817.385986 -1.000000 -1.000000 0.099363
-1 1 0.157347 0.380687 870.804016 -1.000000 -1.000000 0.080718
0 0 0.097996 0.281204 657.206726 -1.000000 -1.000000 0.122366
0 0 0.230055 0.296400 695.740173 -1.000000 -1.000000 0.073813
-2 2 0.159048 0.333177 827.829102 -1.000000 -1.000000 0.063114
0 0 0.110610 0.346021 681.925781 -1.000000 -1.000000 0.076287
