2 -2 0.393608 0.266967 1025.213989 -1.000000 -1.000000 0.005756
1 -1 0.488365 0.170139 1048.010010 -1.000000 -1.000000 0.005966
2 -2 0.517814 0.138892 1072.709961 -1.000000 -1.000000 0.003580
1 -1 0.376947 0.219506 1043.230957 -1.000000 -1.000000 0.006464
-1 1 0.224235 0.381753 1152.777954 -1.000000 -1.000000 0.005787
2 -2 0.498108 0.129047 1005.679993 -1.000000 -1.000000 0.006271
-2 2 0.189929 0.539410 1001.481995 -1.000000 -1.000000 0.000316
2 -2 0.380437 0.223252 1131.056030 -1.000000 -1.000000 0.005573
0 2 0.229211 0.374590 1050.788940 -1.000000 -1.000000 0.006342
1 0 0.357318 0.273213 1029.160034 -1.000000 -1.000000 0.006046
2 -2 0.383369 0.333541 1332.994019 -1.000000 -1.000000 0.005955
-2 2 0.179814 0.571783 1079.167969 -1.000000 -1.000000 0.007124
-2 2 0.126467 0.615365 1112.009033 -1.000000 -1.000000 0.008495
1 -1 0.438226 0.247521 1260.233032 -1.000000 -1.000000 0.006137
2 -2 0.523688 0.133709 1055.739990 -1.000000 -1.000000 0.003939
0 0 0.662176 0.223678 1095.175049 -1.000000 -1.000000 0.008515
2 -2 0.260834 0.345300 1178.862061 -1.000000 -1.000000 0.009733
2 -2 0.515947 0.183738 1175.567993 -1.000000 -1.000000 0.005290
0 0 0.540225 0.198091 1063.967041 -1.000000 -1.000000 0.004632
-2 2 0.127440 0.499239 1008.758972 -1.000000 -1.000000 0.005115
2 0 0.439210 0.350546 1243.619995 -1.000000 -1.000000 0.005127
-2 2 0.349034 0.339254 1374.644043 -1.000000 -1.000000 0.006253
2 -2 0.640863 0.164218 1033.041992 -1.000000 -1.000000 0.002089
-1 1 0.289756 0.302318 1048.725952 -1.000000 -1.000000 0.007470
1 -1 0.372005 0.185642 1050.081055 -1.000000 -1.000000 0.008557
-1 1 0.172963 0.384407 1018.057007 -1.000000 -1.000000 0.007625
2 2 0.274226 0.538471 1137.461060 -1.000000 -1.000000 0.006505
2 -2 0.333914 0.205956 1025.853027 -1.000000 -1.000000 0.002823
2 -2 0.316627 0.226393 1006.835022 -1.000000 -1.000000 0.007435
2 -2 0.255443 0.263789 1032.843018 -1.000000 -1.000000 0.006452
-2 2 0.247740 0.307172 1072.675049 -1.000000 -1.000000 0.005770
0 2 0.224196 0.474580 1065.154053 -1.000000 -1.000000 0.007886
0 2 0.466363 0.373098 1027.098022 -1.000000 -1.000000 0.009607
1 -1 0.413499 0.163994 1008.018005 -1.000000 -1.000000 0.007889
0 0 0.307265 0.310378 1102.803955 -1.000000 -1.000000 0.006267
-2 2 0.222439 0.418126 1053.697998 -1.000000 -1.000000 0.006131
2 -2 0.346078 0.319119 1030.583008 -1.000000 -1.000000 0.005214
-2 2 0.410048 0.251999 1177.561035 -1.000000 -1.000000 0.005830
2 -2 0.255340 0.362674 1018.393982 -1.000000 -1.000000 0.005788
1 -1 0.467910 0.155062 1075.740967 -1.000000 -1.000000 0.008014
-2 2 0.326182 0.301866 1097.967041 -1.000000 -1.000000 0.009697
1 -1 0.493880 0.160440 1076.133057 -1.000000 -1.000000 0.006179
2 0 0.475005 0.259517 1038.572021 -1.000000 -1.000000 0.006704
1 -1 0.498433 0.163305 1026.515991 -1.000000 -1.000000 0.005603
2 -2 0.532712 0.167975 1174.619995 -1.000000 -1.000000 0.007017
-1 1 0.289553 0.217111 1001.072021 -1.000000 -1.000000 0.006012
-1 1 0.258521 0.287360 1085.848999 -1.000000 -1.000000 0.005096
2 -2 0.259469 0.269592 1030.042969 -1.000000 -1.000000 0.005434
0 0 0.317911 0.489099 1057.279053 -1.000000 -1.000000 0.005606
2 -2 0.666085 0.155155 1049.989990 -1.000000 -1.000000 0.007571
-1 1 0.323319 0.236289 1045.401978 -1.000000 -1.000000 0.007499
0 0 0.275403 0.261313 1070.286011 -1.000000 -1.000000 0.005963
2 -2 0.544801 0.142822 1012.390991 -1.000000 -1.000000 0.006005
2 -2 0.358767 0.240400 1086.671021 -1.000000 -1.000000 0.006105
-1 1 0.216068 0.364866 1103.380981 -1.000000 -1.000000 0.007993
-2 2 0.163540 0.423363 1023.396973 -1.000000 -1.000000 0.001439
2 -2 0.292965 0.331984 1159.733032 -1.000000 -1.000000 0.005131
2 -2 0.286499 0.413800 1048.939941 -1.000000 -1.000000 0.008083
-1 1 0.196776 0.519920 1008.763000 -1.000000 -1.000000 0.006752
2 0 0.201758 0.494140 1195.365967 -1.000000 -1.000000 0.006215
-1 1 0.178935 0.369340 1027.682007 -1.000000 -1.000000 0.003901
-2 2 0.230286 0.309252 1038.083984 -1.000000 -1.000000 0.007110
2 -2 0.496378 0.196489 1067.984985 -1.000000 -1.000000 0.006689
2 -2 0.390302 0.186144 1001.142029 -1.000000 -1.000000 0.005028
2 -2 0.457806 0.170507 1007.731995 -1.000000 -1.000000 0.009175
-2 2 0.093143 0.745893 1054.098022 -1.000000 -1.000000 0.008344
2 -2 0.197889 0.474752 1222.463013 -1.000000 -1.000000 0.005921
2 0 0.381904 0.320533 1053.947021 -1.000000 -1.000000 0.000281
1 -1 0.411523 0.239574 1125.758057 -1.000000 -1.000000 0.003232
-1 1 0.230153 0.353536 1133.650024 -1.000000 -1.000000 0.007828
2 -2 0.218145 0.549436 1368.824951 -1.000000 -1.000000 0.000278
2 -2 0.249087 0.391439 1144.213989 -1.000000 -1.000000 0.001660
-1 1 0.331228 0.266765 1173.010986 -1.000000 -1.000000 0.006405
1 -1 0.376150 0.250223 1218.103027 -1.000000 -1.000000 0.005598
-2 2 0.269610 0.253503 1015.478027 -1.000000 -1.000000 0.007406
1 -1 0.363140 0.193603 1060.078003 -1.000000 -1.000000 0.004971
-1 1 0.175368 0.462862 1028.973022 -1.000000 -1.000000 0.005368
2 -2 0.339220 0.293945 1211.374023 -1.000000 -1.000000 0.006224
-2 2 0.204661 0.448520 1080.238037 -1.000000 -1.000000 0.008237
-1 1 0.175258 0.405823 1025.185059 -1.000000 -1.000000 0.005356
-1 1 0.146435 0.498941 1080.883057 -1.000000 -1.000000 0.001698
-1 1 0.185164 0.354301 1020.625977 -1.000000 -1.000000 0.007772
2 -2 0.219619 0.357634 1119.043945 -1.000000 -1.000000 0.010952
1 -1 0.477948 0.140033 1023.164001 -1.000000 -1.000000 0.007940
0 0 0.327389 0.287120 1072.256958 -1.000000 -1.000000 0.005779
2 -2 0.320854 0.232193 1062.578003 -1.000000 -1.000000 0.009169
-1 1 0.302359 0.261585 1020.926025 -1.000000 -1.000000 0.006155
2 -2 0.555975 0.118332 1018.679993 -1.000000 -1.000000 0.005330
-1 1 0.162452 0.530397 1056.583008 -1.000000 -1.000000 0.007213
2 -2 0.378672 0.229699 1039.185059 -1.000000 -1.000000 0.005902
1 -1 0.514033 0.132035 1026.557983 -1.000000 -1.000000 0.007837
-1 1 0.265671 0.340610 1068.527954 -1.000000 -1.000000 0.004876
