0 2 0.215939 0.481223 972.583191 -1.000000 -1.000000 0.027112
-2 2 0.117421 0.406962 858.617920 -1.000000 -1.000000 0.019015
-1 1 0.198979 0.237645 808.862000 -1.000000 -1.000000 0.027419
1 -1 0.369641 0.129519 874.538208 -1.000000 -1.000000 0.021594
-1 1 0.087222 0.519751 851.521973 -1.000000 -1.000000 0.009242
-2 2 0.210417 0.418419 806.088684 -1.000000 -1.000000 0.022545
2 0 0.507821 0.162720 963.357910 -1.000000 -1.000000 0.021615
0 0 0.135934 0.358067 831.591125 -1.000000 -1.000000 0.021278
1 -1 0.671213 0.088720 903.370911 -1.000000 -1.000000 0.017754
2 -2 0.197362 0.203642 801.838379 -1.000000 -1.000000 0.025333
0 2 0.156329 0.596019 835.712891 -1.000000 -1.000000 0.012885
-1 1 0.210039 0.222097 858.440186 -1.000000 -1.000000 0.019934
-1 1 0.132505 0.473236 970.174805 -1.000000 -1.000000 0.020426
-2 2 0.095798 0.576190 882.816895 -1.000000 -1.000000 0.001072
-2 2 0.306397 0.143772 806.119202 -1.000000 -1.000000 0.028304
2 -2 0.148147 0.422909 869.250183 -1.000000 -1.000000 0.020708
0 0 0.146353 0.601445 805.188782 -1.000000 -1.000000 0.041963
0 0 0.518443 0.171218 928.390381 -1.000000 -1.000000 0.023458
2 -2 0.434166 0.145717 988.885376 -1.000000 -1.000000 0.025020
0 0 0.228369 0.421305 953.408020 -1.000000 -1.000000 0.030423
-2 2 0.229769 0.237403 882.430176 -1.000000 -1.000000 0.027128
-2 2 0.272261 0.851390 1172.876953 -1.000000 -1.000000 0.020013
0 0 0.228346 0.267384 849.001526 -1.000000 -1.000000 0.027636
1 -1 0.203925 0.214720 827.744995 -1.000000 -1.000000 0.019433
1 -1 0.256447 0.159742 809.221619 -1.000000 -1.000000 0.021548
2 -2 0.614337 0.105493 881.023987 -1.000000 -1.000000 0.018471
0 0 0.453274 0.102547 805.027771 -1.000000 -1.000000 0.015117
0 0 0.358231 0.276157 959.738098 -1.000000 -1.000000 0.000867
-2 2 0.397611 0.113285 846.964722 -1.000000 -1.000000 0.032540
0 -5 0.258760 0.265681 841.809082 -1.000000 -1.000000 0.031424
0 0 0.274235 0.341608 862.974304 -1.000000 -1.000000 0.019542
-1 1 0.212358 0.272288 834.315491 -1.000000 -1.000000 0.024918
-2 2 0.108139 0.378537 808.831726 -1.000000 -1.000000 0.027179
1 -1 0.483973 0.242847 1371.038940 -1.000000 -1.000000 0.023100
2 -2 0.331877 0.334513 984.785706 -1.000000 -1.000000 0.026685
2 0 0.576884 0.166792 852.355896 -1.000000 -1.000000 0.034650
0 2 0.345637 0.466471 1283.687012 -1.000000 -1.000000 0.020408
-1 1 0.248457 0.237109 970.815979 -1.000000 -1.000000 0.020466
1 -1 0.394580 0.218161 854.653870 -1.000000 -1.000000 0.027657
2 0 0.428413 0.224410 1079.218994 -1.000000 -1.000000 0.021918
-1 1 0.198875 0.282247 851.621582 -1.000000 -1.000000 0.019613
2 -2 0.430422 0.501835 1137.077026 -1.000000 -1.000000 0.018954
-1 1 0.199992 0.312185 995.538513 -1.000000 -1.000000 0.009364
2 -2 0.477137 0.161874 850.387695 -1.000000 -1.000000 0.019974
0 2 0.095167 0.600008 805.975830 -1.000000 -1.000000 0.019173
2 0 0.226578 0.463700 870.757874 -1.000000 -1.000000 0.004181
0 0 0.150890 0.470215 856.636597 -1.000000 -1.000000 0.011500
0 0 0.248215 0.451074 920.787415 -1.000000 -1.000000 0.028771
1 -1 0.488603 0.103254 826.734680 -1.000000 -1.000000 0.012893
1 -1 0.379200 0.245415 1002.176025 -1.000000 -1.000000 0.009350
2 0 0.498052 0.316740 850.233276 -1.000000 -1.000000 0.019006
1 -1 0.222445 0.367481 816.189209 -1.000000 -1.000000 0.040816
1 -1 0.189272 0.311231 917.492615 -1.000000 -1.000000 0.027122
-2 2 0.221690 0.337770 966.285828 -1.000000 -1.000000 0.025659
-2 2 0.158981 0.383871 982.561401 -1.000000 -1.000000 0.021769
2 -2 0.545291 0.164957 1093.760986 -1.000000 -1.000000 0.011372
2 -2 0.506166 0.112992 946.900818 -1.000000 -1.000000 0.025081
-2 2 0.256655 0.190124 823.555481 -1.000000 -1.000000 0.016672
0 0 0.257583 0.392849 901.176270 -1.000000 -1.000000 0.019752
2 -2 0.322801 0.157197 894.179871 -1.000000 -1.000000 0.021379
-2 2 0.585873 0.096413 950.044128 -1.000000 -1.000000 0.018968
1 -1 0.598965 0.109953 1020.809021 -1.000000 -1.000000 0.003602
0 2 0.181058 0.573914 1072.817993 -1.000000 -1.000000 0.027741
0 0 0.207495 0.482440 1249.027954 -1.000000 -1.000000 0.005612
-1 1 0.146411 0.445461 996.325806 -1.000000 -1.000000 0.022135
0 0 0.200168 0.216366 807.558472 -1.000000 -1.000000 0.020988
0 0 0.460174 0.131526 848.455505 -1.000000 -1.000000 0.020995
-1 1 0.461573 0.119588 821.204773 -1.000000 -1.000000 0.007486
1 -1 0.295580 0.239637 1008.500000 -1.000000 -1.000000 0.023519
-2 2 0.609563 0.182099 1172.089966 -1.000000 -1.000000 0.016587
0 0 0.093155 0.609051 813.702393 -1.000000 -1.000000 0.021643
-1 1 0.081313 0.545861 837.398682 -1.000000 -1.000000 0.017790
0 2 0.194513 0.397978 921.890503 -1.000000 -1.000000 0.022418
0 0 0.453504 0.137386 982.414429 -1.000000 -1.000000 0.025216
2 -2 0.480888 0.088221 823.878784 -1.000000 -1.000000 0.019149
-2 2 0.158826 0.305131 876.086304 -1.000000 -1.000000 0.018138
2 -2 0.275459 0.186371 868.130493 -1.000000 -1.000000 0.000927
0 0 0.270590 0.278343 819.119812 -1.000000 -1.000000 0.007293
2 -2 0.406454 0.105070 822.239807 -1.000000 -1.000000 0.018687
2 2 0.409785 0.272438 900.347412 -1.000000 -1.000000 0.009399
-2 2 0.139229 0.295444 811.237427 -1.000000 -1.000000 0.017462
0 0 0.120013 0.509300 917.606384 -1.000000 -1.000000 0.020114
0 0 0.254373 0.179823 855.432922 -1.000000 -1.000000 0.022758
2 0 0.439577 0.213196 900.744812 -1.000000 -1.000000 0.020940
0 0 0.182777 0.535689 826.619019 -1.000000 -1.000000 0.029347
2 -2 0.191458 0.223428 807.688293 -1.000000 -1.000000 0.021564
-2 2 0.318565 0.319076 1008.072021 -1.000000 -1.000000 0.011529
1 -1 0.210633 0.291245 878.768127 -1.000000 -1.000000 0.001032
-1 1 0.322810 0.259316 861.419312 -1.000000 -1.000000 0.024474
2 -2 0.286099 0.186150 919.093872 -1.000000 -1.000000 0.017986
-2 2 0.072040 0.669562 807.245605 -1.000000 -1.000000 0.024157
1 -1 0.348736 0.181063 810.952881 -1.000000 -1.000000 0.003377
0 0 0.340061 0.231934 847.012085 -1.000000 -1.000000 0.017885
0 2 0.347545 0.545866 943.206116 -1.000000 -1.000000 0.022354
2 -2 0.419281 0.153922 928.690613 -1.000000 -1.000000 0.010901
1 -1 0.226903 0.266855 862.352112 -1.000000 -1.000000 0.040009
-2 2 0.227206 0.230586 801.924683 -1.000000 -1.000000 0.036294
2 -2 0.275428 0.331373 1195.834961 -1.000000 -1.000000 0.009816
2 0 0.194668 0.286426 808.572571 -1.000000 -1.000000 0.019362
1 -1 0.433485 0.127288 919.276917 -1.000000 -1.000000 0.028189
2 -2 0.459622 0.193473 890.510803 -1.000000 -1.000000 0.016288
1 -1 0.151030 0.307282 807.546082 -1.000000 -1.000000 0.020671
2 -2 0.333225 0.177249 936.823425 -1.000000 -1.000000 0.027256
-2 2 0.109694 0.398746 820.447083 -1.000000 -1.000000 0.021499
0 0 0.345221 0.348238 884.259521 -1.000000 -1.000000 0.019316
1 -1 0.583100 0.096616 948.402283 -1.000000 -1.000000 0.004047
-1 1 0.163137 0.352357 867.154480 -1.000000 -1.000000 0.019417
-2 2 0.098111 0.451762 813.210083 -1.000000 -1.000000 0.020412
2 0 0.440828 0.133403 834.154785 -1.000000 -1.000000 0.009651
2 0 0.280659 0.428021 905.402405 -1.000000 -1.000000 0.029405
2 -2 0.336436 0.161634 839.389771 -1.000000 -1.000000 0.019494
0 0 0.192876 0.211917 806.676208 -1.000000 -1.000000 0.013316
2 -2 0.379571 0.303766 1021.963013 -1.000000 -1.000000 0.020608
0 0 0.138371 0.322640 804.048096 -1.000000 -1.000000 0.024583
-2 2 0.203860 0.390482 835.482422 -1.000000 -1.000000 0.019807
-2 2 0.178684 0.309284 901.268127 -1.000000 -1.000000 0.020056
1 -1 0.307317 0.161333 889.948181 -1.000000 -1.000000 0.022944
-2 2 0.132547 0.484311 820.904297 -1.000000 -1.000000 0.028634
-2 2 0.104140 0.622088 968.566589 -1.000000 -1.000000 0.018818
2 -2 0.247739 0.194793 800.037781 -1.000000 -1.000000 0.020570
0 0 0.182304 0.302085 928.735779 -1.000000 -1.000000 0.020186
0 0 0.268224 0.217990 822.005920 -1.000000 -1.000000 0.033564
0 0 0.173627 0.397204 936.601929 -1.000000 -1.000000 0.000862
-2 2 0.320442 0.131013 819.307373 -1.000000 -1.000000 0.004384
0 0 0.270127 0.158524 820.897888 -1.000000 -1.000000 0.020893
3 0 0.178202 0.315142 865.906677 -1.000000 -1.000000 0.018331
2 -2 0.241230 0.204249 877.580994 -1.000000 -1.000000 0.024665
1 -1 0.216479 0.233088 823.156311 -1.000000 -1.000000 0.024652
0 0 0.264077 0.188287 891.893921 -1.000000 -1.000000 0.021019
2 -2 0.515847 0.117642 945.480591 -1.000000 -1.000000 0.019080
2 -2 0.220770 0.293679 982.838318 -1.000000 -1.000000 0.022041
-2 2 0.099684 0.523371 887.831177 -1.000000 -1.000000 0.043500
-1 1 0.088509 0.475888 807.276917 -1.000000 -1.000000 0.020527
2 0 0.477370 0.267601 822.305725 -1.000000 -1.000000 0.023374
0 1 0.232144 0.565100 1105.203003 -1.000000 -1.000000 0.028573
2 -2 0.139204 0.316546 828.223511 -1.000000 -1.000000 0.024836
2 -2 0.214220 0.261246 940.343079 -1.000000 -1.000000 0.027369
-1 1 0.248021 0.259813 1013.443970 -1.000000 -1.000000 0.009691
0 0 0.368401 0.170783 872.711487 -1.000000 -1.000000 0.025163
2 -2 0.643440 0.132587 1141.786987 -1.000000 -1.000000 0.019310
0 0 0.246618 0.415208 826.631714 -1.000000 -1.000000 0.012305
0 2 0.432085 0.359233 1065.040039 -1.000000 -1.000000 0.017540
2 0 0.506154 0.216365 904.802795 -1.000000 -1.000000 0.021463
-2 2 0.217096 0.210855 841.058472 -1.000000 -1.000000 0.028077
2 -2 0.377933 0.181896 892.638489 -1.000000 -1.000000 0.020671
1 -1 0.292818 0.207716 820.644470 -1.000000 -1.000000 0.001417
0 0 0.242782 0.457952 842.963318 -1.000000 -1.000000 0.010502
2 -2 0.326339 0.295856 1242.650024 -1.000000 -1.000000 0.015833
2 -2 0.336334 0.129589 821.765625 -1.000000 -1.000000 0.029389
2 -2 0.453820 0.133972 916.885376 -1.000000 -1.000000 0.019340
-2 2 0.147239 0.417547 943.499390 -1.000000 -1.000000 0.017217
-2 2 0.227241 0.250926 838.172485 -1.000000 -1.000000 0.027708
2 -2 0.328767 0.148300 810.668274 -1.000000 -1.000000 0.027152
-2 2 0.309216 0.254073 1007.132019 -1.000000 -1.000000 0.029973
-2 2 0.127360 0.365302 806.267822 -1.000000 -1.000000 0.026095
2 -2 0.424196 0.141052 875.318970 -1.000000 -1.000000 0.018748
-1 1 0.211618 0.308178 987.149109 -1.000000 -1.000000 0.019876
0 0 0.231508 0.481698 832.163513 -1.000000 -1.000000 0.013920
0 0 0.151587 0.516566 925.563721 -1.000000 -1.000000 0.023661
-2 2 0.197917 0.214006 821.209412 -1.000000 -1.000000 0.027667
0 0 0.238459 0.200136 829.851379 -1.000000 -1.000000 0.018014
2 -2 0.656404 0.091973 847.457214 -1.000000 -1.000000 0.028044
0 1 0.135785 0.536052 848.608582 -1.000000 -1.000000 0.019800
1 -1 0.500751 0.137268 844.711182 -1.000000 -1.000000 0.008498
1 0 0.338228 0.189408 919.253906 -1.000000 -1.000000 0.017359
-2 2 0.099069 0.673394 873.172485 -1.000000 -1.000000 0.020679
1 -1 0.273611 0.222264 965.508179 -1.000000 -1.000000 0.023210
-2 2 0.116436 0.542165 944.740723 -1.000000 -1.000000 0.020799
2 -2 0.205990 0.332722 1010.190002 -1.000000 -1.000000 0.027191
0 0 0.185633 0.449396 979.965576 -1.000000 -1.000000 0.021244
1 -1 0.389600 0.104172 805.808289 -1.000000 -1.000000 0.020143
-2 2 0.152649 0.278421 809.765381 -1.000000 -1.000000 0.025800
-1 1 0.296724 0.563000 1114.470947 -1.000000 -1.000000 0.028727
-2 2 0.097993 0.640028 889.424500 -1.000000 -1.000000 0.042539
0 0 0.280888 0.167011 863.404480 -1.000000 -1.000000 0.007257
2 -2 0.276107 0.155882 828.676575 -1.000000 -1.000000 0.025094
2 -2 0.527906 0.083127 835.924072 -1.000000 -1.000000 0.021170
-2 2 0.192909 0.208216 801.474670 -1.000000 -1.000000 0.020121
0 0 0.284484 0.238054 888.735107 -1.000000 -1.000000 0.020046
2 -2 0.475408 0.093542 840.556885 -1.000000 -1.000000 0.013888
-1 1 0.183495 0.289769 802.370911 -1.000000 -1.000000 0.026270
-1 1 0.187263 0.240634 838.482971 -1.000000 -1.000000 0.012913
0 0 0.178963 0.300803 886.433289 -1.000000 -1.000000 0.016111
1 -1 0.142339 0.328395 864.355103 -1.000000 -1.000000 0.006368
-2 2 0.133573 0.307656 800.763672 -1.000000 -1.000000 0.018742
-1 1 0.157727 0.296063 836.370972 -1.000000 -1.000000 0.009638
1 -1 0.313920 0.132585 814.431030 -1.000000 -1.000000 0.021511
2 -2 0.297573 0.216437 989.108093 -1.000000 -1.000000 0.017739
2 -2 0.193018 0.311635 835.119019 -1.000000 -1.000000 0.017748
1 -1 0.284609 0.211588 948.744202 -1.000000 -1.000000 0.022599
0 0 0.402792 0.231176 838.377686 -1.000000 -1.000000 0.007365
