0 0 0.281122 0.295246 906.478088 -1.000000 -1.000000 0.005418
0 0 0.453176 0.136792 988.409607 -1.000000 -1.000000 0.001775
0 2 0.216040 0.409001 935.485779 -1.000000 -1.000000 0.003514
2 -2 0.271011 0.479241 1351.811035 -1.000000 -1.000000 0.002178
2 -2 0.359568 0.185402 910.070129 -1.000000 -1.000000 0.003414
1 -1 0.301369 0.253478 1036.484985 -1.000000 -1.000000 0.001961
0 2 0.332908 0.359900 983.578918 -1.000000 -1.000000 0.003479
2 2 0.317620 0.391201 910.568726 -1.000000 -1.000000 0.003321
-1 1 0.180783 0.471733 927.885376 -1.000000 -1.000000 0.003876
1 1 0.354665 0.606450 942.137512 -1.000000 -1.000000 0.002636
-2 2 0.361988 0.145802 917.676086 -1.000000 -1.000000 0.002280
-2 2 0.202388 0.333063 973.345703 -1.000000 -1.000000 0.002545
-2 2 0.219168 0.296998 936.755615 -1.000000 -1.000000 0.001680
0 0 0.181635 0.282251 904.136597 -1.000000 -1.000000 0.002381
-2 2 0.178231 0.315867 914.773499 -1.000000 -1.000000 0.002761
0 0 0.242173 0.296648 1024.829956 -1.000000 -1.000000 0.002656
1 -1 0.535672 0.170324 1022.471008 -1.000000 -1.000000 0.000290
-2 2 0.231191 0.259811 977.586487 -1.000000 -1.000000 0.002661
1 -1 0.410630 0.173594 1001.596008 -1.000000 -1.000000 0.003128
2 -2 0.321655 0.202223 970.340820 -1.000000 -1.000000 0.000111
-2 2 0.358341 0.158860 920.276611 -1.000000 -1.000000 0.003324
2 -2 0.631460 0.082445 912.644592 -1.000000 -1.000000 0.000098
-2 2 0.176269 0.335088 939.247009 -1.000000 -1.000000 0.002605
2 -2 0.273554 0.207134 947.871399 -1.000000 -1.000000 0.002787
1 -1 0.374555 0.166856 998.364807 -1.000000 -1.000000 0.004311
2 -2 0.339988 0.166105 949.165405 -1.000000 -1.000000 0.002620
2 -2 0.303073 0.251983 964.654785 -1.000000 -1.000000 0.002551
2 -2 0.387928 0.162087 997.680176 -1.000000 -1.000000 0.000702
2 -2 0.326461 0.235537 903.359375 -1.000000 -1.000000 0.001660
2 0 0.466649 0.222343 1100.000000 -1.000000 -1.000000 0.000936
2 -2 0.357889 0.270978 1023.000977 -1.000000 -1.000000 0.003114
1 -1 0.570046 0.114344 1001.179016 -1.000000 -1.000000 0.002537
-2 2 0.158239 0.611479 1153.717041 -1.000000 -1.000000 0.005321
-2 2 0.128018 0.464881 910.518311 -1.000000 -1.000000 0.002322
0 0 0.299456 0.173096 905.557617 -1.000000 -1.000000 0.002808
2 -2 0.442497 0.143772 1006.312988 -1.000000 -1.000000 0.003162
1 -1 0.300242 0.242431 1073.958984 -1.000000 -1.000000 0.001277
0 0 0.341042 0.295737 1075.977051 -1.000000 -1.000000 0.002435
1 -1 0.271385 0.195071 919.157288 -1.000000 -1.000000 0.003433
0 0 0.275554 0.240836 981.693787 -1.000000 -1.000000 0.001444
2 -2 0.414125 0.280840 1041.583984 -1.000000 -1.000000 0.000399
2 -2 0.306048 0.209093 995.554199 -1.000000 -1.000000 0.002527
2 -2 0.240363 0.267080 927.804871 -1.000000 -1.000000 0.003057
2 -2 0.246015 0.215650 909.344910 -1.000000 -1.000000 0.003025
-2 2 0.219481 0.241179 914.304199 -1.000000 -1.000000 0.001427
1 -1 0.254130 0.305217 1103.649048 -1.000000 -1.000000 0.002769
2 -2 0.217968 0.415264 1018.224976 -1.000000 -1.000000 0.001495
0 0 0.214804 0.264720 937.067383 -1.000000 -1.000000 0.002780
0 2 0.285176 0.589189 1063.406006 -1.000000 -1.000000 0.000733
2 -2 0.383599 0.205142 927.547791 -1.000000 -1.000000 0.003413
1 -1 0.261456 0.293902 1006.620972 -1.000000 -1.000000 0.000402
2 -2 0.500325 0.182304 1089.555054 -1.000000 -1.000000 0.002734
-2 2 0.195148 0.501167 1133.328003 -1.000000 -1.000000 0.002219
0 2 0.284943 0.622970 1229.092041 -1.000000 -1.000000 0.002521
0 1 0.237818 0.398855 901.903320 -1.000000 -1.000000 0.004263
2 2 0.224757 0.426902 928.559326 -1.000000 -1.000000 0.002516
-1 1 0.222880 0.378676 1066.743042 -1.000000 -1.000000 0.001215
0 0 0.452299 0.186401 1080.032959 -1.000000 -1.000000 0.003506
2 0 0.612681 0.211853 1091.756958 -1.000000 -1.000000 0.002675
2 -2 0.393334 0.163627 900.980591 -1.000000 -1.000000 0.003347
2 -2 0.755273 0.226644 1231.493042 -1.000000 -1.000000 0.003604
1 -1 0.427006 0.152926 984.605713 -1.000000 -1.000000 0.002365
2 2 0.372060 0.427015 925.830322 -1.000000 -1.000000 0.002585
2 -2 0.340325 0.293140 936.130005 -1.000000 -1.000000 0.003155
0 0 0.124496 0.525464 928.833801 -1.000000 -1.000000 0.002680
0 2 0.146679 0.748932 981.508118 -1.000000 -1.000000 0.002929
-2 2 0.210841 0.254119 925.528198 -1.000000 -1.000000 0.003036
-1 1 0.287050 0.657606 1558.227051 -1.000000 -1.000000 0.000000
-1 1 0.202874 0.475120 1043.829956 -1.000000 -1.000000 0.002584
2 -2 0.532447 0.147088 927.517822 -1.000000 -1.000000 0.003417
-1 1 0.172145 0.343976 963.510376 -1.000000 -1.000000 0.001474
-2 2 0.064747 0.828199 920.649597 -1.000000 -1.000000 0.004329
2 -2 0.319071 0.220845 973.340576 -1.000000 -1.000000 0.000728
-2 0 0.350669 0.334153 1080.680054 -1.000000 -1.000000 0.002805
3 -3 0.193393 0.310864 948.420593 -1.000000 -1.000000 0.002501
-2 2 0.388410 0.199040 1042.014038 -1.000000 -1.000000 0.003155
-1 1 0.316096 0.162040 905.267822 -1.000000 -1.000000 0.002416
2 -2 0.447922 0.164975 1084.082031 -1.000000 -1.000000 0.002528
2 -2 0.191903 0.296382 948.516785 -1.000000 -1.000000 0.002539
-1 1 0.151914 0.593902 942.491211 -1.000000 -1.000000 0.002714
-2 2 0.215825 0.355979 1017.952026 -1.000000 -1.000000 0.003421
2 -2 0.255177 0.477882 994.687073 -1.000000 -1.000000 0.003693
-1 1 0.207304 0.311064 931.059082 -1.000000 -1.000000 0.003251
-2 2 0.136989 0.553219 1023.642029 -1.000000 -1.000000 0.002297
-1 1 0.198944 0.387540 1029.318970 -1.000000 -1.000000 0.005432
2 -2 0.442623 0.138753 975.614502 -1.000000 -1.000000 0.002754
-2 2 0.312483 0.434169 1024.864014 -1.000000 -1.000000 0.002445
2 0 0.679479 0.136221 955.232727 -1.000000 -1.000000 0.002480
-1 1 0.156913 0.343835 919.863892 -1.000000 -1.000000 0.002260
2 2 0.410953 0.601928 917.413818 -1.000000 -1.000000 0.003219
2 -2 0.470510 0.169345 1051.240967 -1.000000 -1.000000 0.002391
2 -2 0.349749 0.179151 997.766724 -1.000000 -1.000000 0.002408
2 -2 0.621057 0.144979 956.383606 -1.000000 -1.000000 0.002440
2 -2 0.307877 0.258100 1125.625977 -1.000000 -1.000000 0.002507
-2 2 0.385403 0.290170 960.006897 -1.000000 -1.000000 0.002413
0 0 0.255200 0.303888 978.413208 -1.000000 -1.000000 0.003519
2 -2 0.566473 0.146510 959.906128 -1.000000 -1.000000 0.000717
0 1 0.364329 0.317898 1125.543945 -1.000000 -1.000000 0.001186
2 -2 0.307930 0.261008 932.819214 -1.000000 -1.000000 0.002212
-1 1 0.362886 0.173123 1002.570007 -1.000000 -1.000000 0.001374
0 2 0.228785 0.559698 1126.916016 -1.000000 -1.000000 0.003246
1 2 0.326457 0.602682 916.969788 -1.000000 -1.000000 0.000130
-1 1 0.218533 0.257006 939.960510 -1.000000 -1.000000 0.003139
2 -2 0.284652 0.197161 945.610291 -1.000000 -1.000000 0.003061
-2 2 0.150660 0.342624 907.877686 -1.000000 -1.000000 0.002407
1 -1 0.508092 0.122586 997.564575 -1.000000 -1.000000 0.003186
2 -2 0.465185 0.139766 1017.474976 -1.000000 -1.000000 0.002532
-2 2 0.265824 0.259895 1021.700989 -1.000000 -1.000000 0.000291
2 -2 0.365110 0.220943 950.640320 -1.000000 -1.000000 0.002714
3 -3 0.204217 0.285235 963.666809 -1.000000 -1.000000 0.002197
-2 2 0.200068 0.442493 958.510986 -1.000000 -1.000000 0.002672
2 -2 0.128256 0.490089 933.093689 -1.000000 -1.000000 0.002836
0 1 0.237417 0.458800 1174.119995 -1.000000 -1.000000 0.002521
1 -1 0.220734 0.229675 900.613098 -1.000000 -1.000000 0.003049
-1 1 0.185616 0.388661 1006.458008 -1.000000 -1.000000 0.001449
1 -1 0.477822 0.217398 1036.063965 -1.000000 -1.000000 0.005360
-2 2 0.113382 0.584094 1003.205994 -1.000000 -1.000000 0.003391
-2 2 0.149260 0.373005 901.443726 -1.000000 -1.000000 0.000265
1 -1 0.270938 0.214165 922.505188 -1.000000 -1.000000 0.002412
-1 1 0.117267 0.551201 969.400513 -1.000000 -1.000000 0.000291
1 1 0.461823 0.316756 1076.956055 -1.000000 -1.000000 0.003491
1 -1 0.195002 0.281233 922.539429 -1.000000 -1.000000 0.003185
0 1 0.330204 0.280243 946.556885 -1.000000 -1.000000 0.002560
-2 2 0.147962 0.478132 1063.458984 -1.000000 -1.000000 0.002672
1 -1 0.299021 0.319273 961.485413 -1.000000 -1.000000 0.001475
2 -2 0.205866 0.268369 940.196228 -1.000000 -1.000000 0.000940
0 -2 0.311757 0.370567 1056.423950 -1.000000 -1.000000 0.001641
0 0 0.344885 0.291242 1054.978027 -1.000000 -1.000000 0.002419
-2 2 0.221964 0.508970 1090.848999 -1.000000 -1.000000 0.003207
1 -1 0.210717 0.290778 988.388916 -1.000000 -1.000000 0.002664
2 -2 0.295788 0.229020 1033.413940 -1.000000 -1.000000 0.003891
1 -1 0.328658 0.357939 1334.045044 -1.000000 -1.000000 0.001667
0 2 0.324784 0.327804 1013.708984 -1.000000 -1.000000 0.002119
2 -2 0.540615 0.203128 1287.140991 -1.000000 -1.000000 0.000286
0 0 0.317980 0.189574 937.686829 -1.000000 -1.000000 0.002154
0 0 0.373862 0.139317 912.368530 -1.000000 -1.000000 0.000128
1 -1 0.267854 0.304090 1060.411987 -1.000000 -1.000000 0.003065
2 -2 0.279042 0.263570 958.222229 -1.000000 -1.000000 0.002308
2 -2 0.272229 0.304790 977.145874 -1.000000 -1.000000 0.002860
0 2 0.365624 0.216256 914.888672 -1.000000 -1.000000 0.002430
2 -2 0.161028 0.383685 970.673096 -1.000000 -1.000000 0.002724
0 0 0.391376 0.150597 963.116028 -1.000000 -1.000000 0.002312
-1 1 0.204978 0.413829 1052.250000 -1.000000 -1.000000 0.003241
1 -1 0.141440 0.615911 946.482910 -1.000000 -1.000000 0.002475
1 -1 0.203082 0.346240 932.283508 -1.000000 -1.000000 0.002575
2 -2 0.263746 0.326166 1170.805054 -1.000000 -1.000000 0.002684
-2 2 0.299798 0.212794 1009.161987 -1.000000 -1.000000 0.003261
-3 3 0.263398 0.241712 1009.280029 -1.000000 -1.000000 0.001220
2 -2 0.305889 0.248950 1027.017944 -1.000000 -1.000000 0.002524
2 -2 0.563594 0.114132 929.105530 -1.000000 -1.000000 0.002400
0 0 0.456679 0.167159 919.932007 -1.000000 -1.000000 0.000286
2 -2 0.350750 0.192052 997.139526 -1.000000 -1.000000 0.002380
-1 1 0.155779 0.379289 966.761414 -1.000000 -1.000000 0.003385
0 0 0.246648 0.282881 902.905212 -1.000000 -1.000000 0.005232
2 0 0.487753 0.358799 1019.340027 -1.000000 -1.000000 0.003089
0 0 0.561678 0.121678 912.265503 -1.000000 -1.000000 0.001209
2 -2 0.657177 0.128643 1163.015991 -1.000000 -1.000000 0.002548
-1 1 0.226935 0.226270 905.132996 -1.000000 -1.000000 0.003730
2 -2 0.480599 0.149956 968.436707 -1.000000 -1.000000 0.003688
2 -2 0.178872 0.327616 903.826904 -1.000000 -1.000000 0.000510
1 -1 0.183322 0.402626 900.885315 -1.000000 -1.000000 0.001729
2 0 0.556828 0.201628 1047.483032 -1.000000 -1.000000 0.002868
0 0 0.130512 0.438736 957.150391 -1.000000 -1.000000 0.005370
-2 2 0.343646 0.278893 1002.500000 -1.000000 -1.000000 0.004218
0 2 0.228705 0.368054 932.744019 -1.000000 -1.000000 0.002591
2 -2 0.416664 0.185928 1040.359985 -1.000000 -1.000000 0.002601
0 0 0.327358 0.286349 911.381897 -1.000000 -1.000000 0.002111
2 -2 0.363719 0.363830 1175.795044 -1.000000 -1.000000 0.003320
1 -1 0.291539 0.247749 1015.989990 -1.000000 -1.000000 0.002690
-2 2 0.309640 0.271304 938.025024 -1.000000 -1.000000 0.002563
-2 2 0.239319 0.239653 928.735779 -1.000000 -1.000000 0.000696
2 0 0.829984 0.203505 1059.739990 -1.000000 -1.000000 0.005080
2 -2 0.632213 0.127273 938.720825 -1.000000 -1.000000 0.003163
2 0 0.204468 0.385723 987.009827 -1.000000 -1.000000 0.002624
-2 2 0.229081 0.299714 1027.472046 -1.000000 -1.000000 0.003762
1 0 0.198960 0.437209 931.030579 -1.000000 -1.000000 0.002421
2 -2 0.390206 0.187674 1082.300049 -1.000000 -1.000000 0.001831
2 -2 0.785019 0.181224 1205.557007 -1.000000 -1.000000 0.002698
0 2 0.271608 0.528411 979.340088 -1.000000 -1.000000 0.003082
2 -2 0.369470 0.180758 1006.195984 -1.000000 -1.000000 0.000624
0 0 0.181491 0.516125 1009.049011 -1.000000 -1.000000 0.003129
0 0 0.284748 0.229160 1003.992981 -1.000000 -1.000000 0.002819
2 -2 0.129430 0.496048 1003.607971 -1.000000 -1.000000 0.002618
0 0 0.236646 0.283224 991.881409 -1.000000 -1.000000 0.001720
0 0 0.382823 0.215691 972.496216 -1.000000 -1.000000 0.002708
-2 2 0.146169 0.529174 1084.583984 -1.000000 -1.000000 0.002683
-2 2 0.153132 0.657715 1087.855957 -1.000000 -1.000000 0.000317
-2 2 0.144748 0.437555 948.257324 -1.000000 -1.000000 0.002465
-1 1 0.093182 0.546138 900.811279 -1.000000 -1.000000 0.002803
2 -2 0.522439 0.107091 946.109680 -1.000000 -1.000000 0.003464
1 -1 0.381337 0.147369 947.277100 -1.000000 -1.000000 0.002452
-1 1 0.247689 0.261923 1006.133972 -1.000000 -1.000000 0.002454
0 0 0.240453 0.344574 907.973328 -1.000000 -1.000000 0.002548
-2 2 0.097828 0.525430 905.301086 -1.000000 -1.000000 0.002603
-2 2 0.199601 0.434632 1136.654053 -1.000000 -1.000000 0.002545
0 0 0.419799 0.132906 924.085083 -1.000000 -1.000000 0.005031
-1 1 0.111565 0.523594 924.430725 -1.000000 -1.000000 0.003160
2 -2 0.342755 0.274865 939.806519 -1.000000 -1.000000 0.002266
0 0 0.255721 0.434229 1006.796997 -1.000000 -1.000000 0.002610
2 -2 0.233498 0.231470 929.847412 -1.000000 -1.000000 0.001771
2 -2 0.242145 0.336209 1126.092041 -1.000000 -1.000000 0.002766
2 -2 0.505248 0.155906 930.355774 -1.000000 -1.000000 0.002246
2 -2 0.599147 0.128549 1008.468994 -1.000000 -1.000000 0.004413
0 2 0.252649 0.437139 1027.163940 -1.000000 -1.000000 0.002400
-2 2 0.225159 0.447329 1250.042969 -1.000000 -1.000000 0.002578
1 -1 0.472907 0.117450 924.105713 -1.000000 -1.000000 0.002534
1 -1 0.237442 0.302702 960.469910 -1.000000 -1.000000 0.002610
0 0 0.333435 0.182055 968.830627 -1.000000 -1.000000 0.002853
0 0 0.187295 0.405384 1093.354980 -1.000000 -1.000000 0.000408
0 2 0.181435 0.637676 930.918701 -1.000000 -1.000000 0.004236
2 -2 0.260080 0.285565 974.309326 -1.000000 -1.000000 0.002653
-1 1 0.306550 0.238964 1005.599976 -1.000000 -1.000000 0.002581
0 0 0.246332 0.431866 1262.744995 -1.000000 -1.000000 0.004184
1 -1 0.686209 0.219214 1175.401001 -1.000000 -1.000000 0.002467
-2 2 0.121331 0.437234 918.202271 -1.000000 -1.000000 0.002262
-2 2 0.199003 0.376138 905.538208 -1.000000 -1.000000 0.002477
1 -1 0.406237 0.169128 1038.796021 -1.000000 -1.000000 0.002595
2 -2 0.364704 0.273998 1053.551025 -1.000000 -1.000000 0.002245
2 -2 0.503312 0.116745 964.797913 -1.000000 -1.000000 0.000548
-2 2 0.128396 0.567381 1079.621948 -1.000000 -1.000000 0.001823
2 -2 0.552103 0.140359 943.789795 -1.000000 -1.000000 0.002764
-2 2 0.107724 0.606675 1020.755005 -1.000000 -1.000000 0.002949
0 0 0.254371 0.258921 949.232727 -1.000000 -1.000000 0.001779
2 -2 0.701577 0.198936 1074.582031 -1.000000 -1.000000 0.002492
2 -2 0.304364 0.216832 937.355591 -1.000000 -1.000000 0.002797
-1 0 0.141525 0.605535 963.909607 -1.000000 -1.000000 0.002495
-2 2 0.334949 0.154683 908.903198 -1.000000 -1.000000 0.003714
0 0 0.436597 0.163828 965.178894 -1.000000 -1.000000 0.002930
-2 2 0.293315 0.200693 948.596008 -1.000000 -1.000000 0.002465
-2 2 0.184205 0.432408 1003.534973 -1.000000 -1.000000 0.002826
0 2 0.368198 0.692312 1303.854980 -1.000000 -1.000000 0.003262
2 -2 0.190797 0.379683 986.193970 -1.000000 -1.000000 0.002694
2 -2 0.314778 0.549729 1054.772949 -1.000000 -1.000000 0.002468
-2 2 0.309433 0.361959 1132.088013 -1.000000 -1.000000 0.003562
-1 1 0.218261 0.275456 979.297119 -1.000000 -1.000000 0.003408
1 -1 0.226483 0.274157 912.527222 -1.000000 -1.000000 0.003428
-1 0 0.189042 0.592107 946.866211 -1.000000 -1.000000 0.002775
0 2 0.232728 0.487692 967.533203 -1.000000 -1.000000 0.002432
1 0 0.491728 0.224668 979.867371 -1.000000 -1.000000 0.003235
2 -2 0.390161 0.207133 1084.135010 -1.000000 -1.000000 0.004323
2 -2 0.453074 0.369006 956.433289 -1.000000 -1.000000 0.001702
2 -2 0.454147 0.140806 996.181702 -1.000000 -1.000000 0.002513
2 -2 0.329671 0.161909 918.418701 -1.000000 -1.000000 0.002485
1 -1 0.559147 0.163498 1102.729004 -1.000000 -1.000000 0.002954
-1 1 0.117959 0.540635 1007.586975 -1.000000 -1.000000 0.000558
1 -1 0.330682 0.193168 932.128296 -1.000000 -1.000000 0.003471
1 -1 0.450522 0.203774 1017.406982 -1.000000 -1.000000 0.003840
-1 1 0.233757 0.330963 1106.739990 -1.000000 -1.000000 0.000104
-2 2 0.119151 0.577163 983.212830 -1.000000 -1.000000 0.002579
-1 1 0.175570 0.419652 928.793701 -1.000000 -1.000000 0.002538
2 -2 0.311652 0.264497 1018.877991 -1.000000 -1.000000 0.002153
0 2 0.177704 0.377162 925.629211 -1.000000 -1.000000 0.002446
-1 1 0.201539 0.287000 961.908325 -1.000000 -1.000000 0.000945
-2 2 0.342057 0.276161 1050.542969 -1.000000 -1.000000 0.002337
2 -2 0.365602 0.154234 920.568604 -1.000000 -1.000000 0.002713
-2 2 0.332134 0.513565 981.009583 -1.000000 -1.000000 0.003100
2 -2 0.548651 0.096565 906.687378 -1.000000 -1.000000 0.002844
-2 2 0.307712 0.230847 1050.485962 -1.000000 -1.000000 0.002549
0 0 0.290681 0.265209 1083.192017 -1.000000 -1.000000 0.004237
0 0 0.307590 0.265299 1050.973999 -1.000000 -1.000000 0.002678
0 0 0.195831 0.346423 938.103821 -1.000000 -1.000000 0.002229
-2 2 0.246026 0.335043 1136.873047 -1.000000 -1.000000 0.003249
1 -1 0.440008 0.270227 1023.437012 -1.000000 -1.000000 0.002819
0 2 0.178469 0.648942 1020.958984 -1.000000 -1.000000 0.002978
2 -2 0.477328 0.215901 1283.890991 -1.000000 -1.000000 0.000117
1 -1 0.590946 0.159393 1073.671997 -1.000000 -1.000000 0.004217
2 0 0.576860 0.393803 916.327087 -1.000000 -1.000000 0.002449
-2 2 0.217825 0.475279 920.231323 -1.000000 -1.000000 0.003438
1 -1 0.280841 0.419285 1057.509033 -1.000000 -1.000000 0.002550
1 0 0.314556 0.505672 908.645996 -1.000000 -1.000000 0.002602
2 -2 0.195030 0.277642 928.189087 -1.000000 -1.000000 0.002417
1 -1 0.230570 0.286430 1002.263000 -1.000000 -1.000000 0.003097
2 -2 0.200197 0.261626 911.224915 -1.000000 -1.000000 0.002647
0 0 0.169609 0.353965 977.031128 -1.000000 -1.000000 0.002633
0 0 0.241203 0.406314 1108.917969 -1.000000 -1.000000 0.002468
0 0 0.217759 0.435545 1042.609985 -1.000000 -1.000000 0.001177
0 0 0.211951 0.279777 923.915710 -1.000000 -1.000000 0.002689
2 -2 0.298696 0.182841 922.057678 -1.000000 -1.000000 0.001596
2 -2 0.210439 0.352431 962.377625 -1.000000 -1.000000 0.002594
0 0 0.232552 0.379549 1037.437012 -1.000000 -1.000000 0.000123
2 -2 0.230235 0.300316 930.505310 -1.000000 -1.000000 0.002440
-1 1 0.185475 0.366332 908.932312 -1.000000 -1.000000 0.004010
2 -2 0.252669 0.286747 1036.458984 -1.000000 -1.000000 0.002444
-2 2 0.133794 0.585889 1083.592041 -1.000000 -1.000000 0.003136
-1 1 0.170078 0.311055 915.063599 -1.000000 -1.000000 0.002380
1 -1 0.337386 0.230490 964.968872 -1.000000 -1.000000 0.000086
2 -2 0.344583 0.226403 1042.203979 -1.000000 -1.000000 0.002748
1 -1 0.335792 0.202788 908.400879 -1.000000 -1.000000 0.002556
-2 2 0.215220 0.351734 994.098022 -1.000000 -1.000000 0.002779
2 -2 0.336859 0.168411 950.849182 -1.000000 -1.000000 0.002710
0 0 0.413214 0.278679 1113.739014 -1.000000 -1.000000 0.003244
-2 2 0.347949 0.178759 977.124084 -1.000000 -1.000000 0.000197
-2 2 0.130552 0.448814 956.128479 -1.000000 -1.000000 0.002609
0 0 0.227549 0.313751 950.541626 -1.000000 -1.000000 0.004833
0 0 0.220173 0.289550 936.276184 -1.000000 -1.000000 0.002628
2 -2 0.324987 0.272421 952.296814 -1.000000 -1.000000 0.001809
-2 2 0.156642 0.409329 930.378784 -1.000000 -1.000000 0.002490
2 -2 0.499985 0.107626 927.867188 -1.000000 -1.000000 0.002395
-2 2 0.157493 0.350574 911.481506 -1.000000 -1.000000 0.001174
2 -2 0.656475 0.168398 1053.657959 -1.000000 -1.000000 0.002678
-1 1 0.152915 0.617916 1069.579956 -1.000000 -1.000000 0.003082
-2 2 0.155840 0.377850 966.334900 -1.000000 -1.000000 0.002622
2 -2 0.268965 0.271655 1010.172974 -1.000000 -1.000000 0.002821
-1 1 0.185088 0.411744 930.813721 -1.000000 -1.000000 0.003330
-1 1 0.255786 0.375344 1236.770020 -1.000000 -1.000000 0.003363
2 -2 0.305009 0.248363 1069.102051 -1.000000 -1.000000 0.003152
2 -2 0.405785 0.153547 970.243713 -1.000000 -1.000000 0.003473
0 1 0.535323 0.226724 939.785217 -1.000000 -1.000000 0.002299
-2 2 0.129333 0.442286 948.463196 -1.000000 -1.000000 0.002435
-2 2 0.140472 0.574514 923.254028 -1.000000 -1.000000 0.004285
-1 1 0.202119 0.347926 1052.092041 -1.000000 -1.000000 0.000945
2 0 0.429765 0.318194 1076.584961 -1.000000 -1.000000 0.002276
-2 2 0.321078 0.213427 1030.836060 -1.000000 -1.000000 0.000259
2 -2 0.521937 0.199070 1016.140015 -1.000000 -1.000000 0.002509
1 -1 0.364729 0.255401 981.828491 -1.000000 -1.000000 0.003249
2 -2 0.401950 0.209739 1026.467041 -1.000000 -1.000000 0.003747
-2 2 0.399821 0.296839 1359.994995 -1.000000 -1.000000 0.002376
-2 2 0.262976 0.306431 977.223206 -1.000000 -1.000000 0.002238
-2 2 0.410070 0.156472 955.999329 -1.000000 -1.000000 0.002349
2 -2 0.287416 0.190233 935.292480 -1.000000 -1.000000 0.002269
-2 2 0.078208 0.744233 957.511597 -1.000000 -1.000000 0.000104
-1 1 0.283458 0.401327 961.472412 -1.000000 -1.000000 0.002725
2 -2 0.466358 0.176913 1141.988037 -1.000000 -1.000000 0.002575
-2 2 0.115105 0.462642 902.529114 -1.000000 -1.000000 0.002624
0 0 0.168752 0.331685 946.183472 -1.000000 -1.000000 0.001269
2 -2 0.648642 0.234571 996.019409 -1.000000 -1.000000 0.004003
2 -2 0.333673 0.172942 955.482117 -1.000000 -1.000000 0.000411
1 -1 0.475351 0.207329 1145.791992 -1.000000 -1.000000 0.002539
-2 2 0.154631 0.414194 996.738098 -1.000000 -1.000000 0.002033
-2 2 0.151758 0.418331 989.851013 -1.000000 -1.000000 0.004496
-1 1 0.335017 0.181616 984.590271 -1.000000 -1.000000 0.002020
-2 2 0.435855 0.142463 996.628113 -1.000000 -1.000000 0.002278
1 -1 0.287749 0.200593 956.586304 -1.000000 -1.000000 0.003313
0 0 0.501501 0.274393 1207.296021 -1.000000 -1.000000 0.000394
1 -1 0.201236 0.403777 1094.328979 -1.000000 -1.000000 0.002371
0 0 0.354855 0.166619 901.023987 -1.000000 -1.000000 0.001499
0 0 0.128583 0.468394 978.482483 -1.000000 -1.000000 0.000289
0 0 0.244741 0.332607 905.540283 -1.000000 -1.000000 0.003076
1 0 0.459450 0.460037 1393.464966 -1.000000 -1.000000 0.001529
0 0 0.424974 0.320626 1071.480957 -1.000000 -1.000000 0.003684
2 -2 0.298745 0.375357 1165.425049 -1.000000 -1.000000 0.002697
2 -2 0.549254 0.169823 904.860291 -1.000000 -1.000000 0.002791
-2 2 0.241846 0.398184 1238.410034 -1.000000 -1.000000 0.002750
2 -2 0.191575 0.291589 939.703186 -1.000000 -1.000000 0.002751
-2 2 0.139414 0.377486 917.563171 -1.000000 -1.000000 0.003126
0 0 0.364576 0.344664 1095.035034 -1.000000 -1.000000 0.001054
-2 2 0.090563 0.617078 932.705017 -1.000000 -1.000000 0.003221
-2 2 0.345150 0.157142 915.890625 -1.000000 -1.000000 0.003242
