0 0 0.624523 0.161945 1228.629028 -1.000000 -1.000000 0.001586
1 -1 0.425836 0.380455 1157.425049 -1.000000 -1.000000 0.000074
-2 2 0.161645 0.700182 1195.380981 -1.000000 -1.000000 0.001283
-2 2 0.400170 0.284784 1197.540039 -1.000000 -1.000000 0.000904
0 1 0.298844 0.507955 1122.058960 -1.000000 -1.000000 0.000609
-1 1 0.162441 0.604181 1245.734009 -1.000000 -1.000000 0.000868
-2 2 0.175414 0.475225 1148.983032 -1.000000 -1.000000 0.000039
-2 2 0.333613 0.312294 1160.879028 -1.000000 -1.000000 0.000725
2 -2 0.498414 0.243720 1346.770020 -1.000000 -1.000000 0.001154
1 -1 0.373631 0.242548 1156.511963 -1.000000 -1.000000 0.001221
-2 2 0.330038 0.345243 1348.975952 -1.000000 -1.000000 0.001426
-2 2 0.236684 0.324286 1104.746948 -1.000000 -1.000000 0.000998
2 -2 0.426738 0.228121 1108.008057 -1.000000 -1.000000 0.000766
-2 2 0.172055 0.602755 1237.019043 -1.000000 -1.000000 0.000988
0 0 0.289075 0.351903 1139.265991 -1.000000 -1.000000 0.001330
1 0 0.603261 0.314565 1107.590942 -1.000000 -1.000000 0.001005
1 -1 0.262408 0.356899 1193.719971 -1.000000 -1.000000 0.000594
2 -2 0.469701 0.476987 1854.021973 -1.000000 -1.000000 0.000092
-2 2 0.305209 0.352134 1181.800049 -1.000000 -1.000000 0.000135
-2 2 0.156255 0.748624 1337.765991 -1.000000 -1.000000 0.000838
1 -1 0.362414 0.367351 1178.897949 -1.000000 -1.000000 0.001195
0 -2 0.436689 0.248688 1110.769043 -1.000000 -1.000000 0.000894
-1 1 0.373221 0.234819 1181.511963 -1.000000 -1.000000 0.000835
-2 2 0.263824 0.723413 1741.015015 -1.000000 -1.000000 0.001296
2 2 0.373892 0.527460 1304.822998 -1.000000 -1.000000 0.000552
-2 2 0.351664 0.437750 1308.246948 -1.000000 -1.000000 0.001411
-2 2 0.198825 0.545531 1299.670044 -1.000000 -1.000000 0.000883
2 -2 0.305782 0.356104 1247.813965 -1.000000 -1.000000 0.001173
-1 1 0.146192 0.695258 1182.673950 -1.000000 -1.000000 0.000882
0 0 0.280409 0.320251 1165.626953 -1.000000 -1.000000 0.001042
2 -2 0.465289 0.206161 1229.916992 -1.000000 -1.000000 0.000132
2 -2 0.440402 0.286738 1178.062012 -1.000000 -1.000000 0.000959
2 -2 0.453908 0.414521 1235.838989 -1.000000 -1.000000 0.001121
-1 1 0.279066 0.375395 1242.108032 -1.000000 -1.000000 0.000811
2 -2 0.319069 0.280474 1196.573975 -1.000000 -1.000000 0.000618
2 -2 0.323365 0.526016 1293.822021 -1.000000 -1.000000 0.001105
-2 2 0.249200 0.366556 1115.936035 -1.000000 -1.000000 0.000980
-2 2 0.389002 0.277333 1305.676025 -1.000000 -1.000000 0.000073
2 0 0.518039 0.337691 1369.953979 -1.000000 -1.000000 0.000710
0 0 0.557536 0.260530 1235.358032 -1.000000 -1.000000 0.001002
-2 2 0.306207 0.460462 1235.743042 -1.000000 -1.000000 0.000247
2 -2 0.639287 0.168655 1193.140991 -1.000000 -1.000000 0.000838
2 -2 0.580119 0.165306 1236.682007 -1.000000 -1.000000 0.000940
1 -1 0.395637 0.245050 1198.912964 -1.000000 -1.000000 0.000997
-1 1 0.277902 0.313693 1117.359009 -1.000000 -1.000000 0.000258
-2 2 0.200189 0.477875 1152.417969 -1.000000 -1.000000 0.000779
-2 2 0.332743 0.307225 1226.724976 -1.000000 -1.000000 0.000957
0 0 0.263590 0.511248 1408.267944 -1.000000 -1.000000 0.000912
-1 1 0.320170 0.285138 1207.329956 -1.000000 -1.000000 0.000964
0 2 0.260703 0.389478 1112.015015 -1.000000 -1.000000 0.000443
1 -1 0.355406 0.275440 1224.265991 -1.000000 -1.000000 0.000710
-2 2 0.179564 0.546659 1115.060059 -1.000000 -1.000000 0.000987
4 -4 0.476066 0.254457 1208.433960 -1.000000 -1.000000 0.000791
2 -2 0.733157 0.287440 1620.199951 -1.000000 -1.000000 0.001098
0 2 0.405737 0.348132 1124.104004 -1.000000 -1.000000 0.000342
0 0 0.546258 0.182898 1221.708008 -1.000000 -1.000000 0.000873
-2 2 0.261192 0.331635 1121.933960 -1.000000 -1.000000 0.000903
-2 2 0.380323 0.262138 1112.840942 -1.000000 -1.000000 0.000916
2 -2 0.555923 0.288386 1321.728027 -1.000000 -1.000000 0.000334
0 0 0.294004 0.305067 1113.072998 -1.000000 -1.000000 0.000899
-2 2 0.240035 0.421040 1129.614014 -1.000000 -1.000000 0.000054
-2 2 0.344484 0.326848 1342.188965 -1.000000 -1.000000 0.000981
-2 2 0.225009 0.377071 1108.072021 -1.000000 -1.000000 0.000674
-1 1 0.228738 0.410903 1100.514038 -1.000000 -1.000000 0.000961
2 -2 0.299272 0.261080 1112.555054 -1.000000 -1.000000 0.000905
-2 2 0.234131 0.710199 1220.983032 -1.000000 -1.000000 0.000862
2 -2 0.272059 0.447590 1257.358032 -1.000000 -1.000000 0.001233
2 0 0.475964 0.528588 1400.754028 -1.000000 -1.000000 0.000901
-1 1 0.223045 0.483014 1288.053955 -1.000000 -1.000000 0.001646
0 0 0.393866 0.215185 1105.453003 -1.000000 -1.000000 0.000408
-1 1 0.127633 0.688618 1185.593018 -1.000000 -1.000000 0.000961
0 0 0.261102 0.526449 1136.687988 -1.000000 -1.000000 0.000980
2 -2 0.432748 0.228404 1225.574951 -1.000000 -1.000000 0.001312
2 -2 0.338975 0.241993 1145.630005 -1.000000 -1.000000 0.000977
1 -1 0.269675 0.436745 1346.802002 -1.000000 -1.000000 0.000562
2 -2 0.437186 0.199219 1176.170044 -1.000000 -1.000000 0.000890
-2 2 0.276934 0.397071 1126.375000 -1.000000 -1.000000 0.000966
2 0 0.601946 0.173785 1116.128052 -1.000000 -1.000000 0.000803
-1 1 0.169364 0.500240 1144.594971 -1.000000 -1.000000 0.000596
1 -1 0.175024 0.475575 1151.155029 -1.000000 -1.000000 0.001326
1 -1 0.207665 0.474793 1102.038940 -1.000000 -1.000000 0.001246
-2 2 0.258766 0.310690 1128.842041 -1.000000 -1.000000 0.000592
1 -1 0.442217 0.300711 1102.181030 -1.000000 -1.000000 0.001099
2 -2 0.375829 0.334994 1284.000000 -1.000000 -1.000000 0.001004
2 -2 0.482344 0.171604 1141.579956 -1.000000 -1.000000 0.001231
2 -2 0.298601 0.293865 1121.262939 -1.000000 -1.000000 0.000683
1 -1 0.488326 0.205731 1203.607056 -1.000000 -1.000000 0.000746
-2 2 0.264670 0.297754 1122.687988 -1.000000 -1.000000 0.000877
-2 2 0.154531 0.593544 1149.212036 -1.000000 -1.000000 0.001088
-2 2 0.448140 0.198869 1135.020996 -1.000000 -1.000000 0.001229
2 -2 0.332927 0.238180 1120.626953 -1.000000 -1.000000 0.001159
2 2 0.366653 0.300719 1149.848999 -1.000000 -1.000000 0.001498
-2 2 0.194423 0.610988 1100.526001 -1.000000 -1.000000 0.000859
0 0 0.503621 0.359933 1370.385986 -1.000000 -1.000000 0.000054
-2 2 0.121599 0.623732 1100.520020 -1.000000 -1.000000 0.000988
-2 2 0.285174 0.334724 1233.847046 -1.000000 -1.000000 0.001109
-2 2 0.308894 0.392798 1220.640991 -1.000000 -1.000000 0.000245
2 -2 0.620846 0.436876 1387.760986 -1.000000 -1.000000 0.001004
2 1 0.458748 0.619125 1138.012939 -1.000000 -1.000000 0.000727
1 -1 0.482294 0.174853 1113.963989 -1.000000 -1.000000 0.000446
-2 2 0.385445 0.351781 1353.572998 -1.000000 -1.000000 0.000931
-2 2 0.170089 0.629905 1218.665039 -1.000000 -1.000000 0.000443
2 -2 0.472160 0.211165 1212.676025 -1.000000 -1.000000 0.000927
-2 2 0.177979 0.437014 1114.165039 -1.000000 -1.000000 0.001046
-2 2 0.184014 0.475046 1181.894043 -1.000000 -1.000000 0.000877
0 2 0.330081 0.495925 1191.326050 -1.000000 -1.000000 0.000960
-1 1 0.342176 0.258214 1109.024048 -1.000000 -1.000000 0.000836
2 -2 0.294370 0.345900 1125.037964 -1.000000 -1.000000 0.000102
0 0 0.277890 0.310797 1112.854004 -1.000000 -1.000000 0.000931
2 -2 0.365098 0.304911 1233.581055 -1.000000 -1.000000 0.000962
-2 2 0.301524 0.356969 1256.463989 -1.000000 -1.000000 0.000930
0 0 0.388805 0.262063 1153.280029 -1.000000 -1.000000 0.001944
0 2 0.322885 0.533990 1185.348999 -1.000000 -1.000000 0.001125
2 -2 0.708298 0.146290 1261.313965 -1.000000 -1.000000 0.000874
2 -2 0.308236 0.411960 1286.069946 -1.000000 -1.000000 0.000679
-1 1 0.442371 0.218370 1230.441040 -1.000000 -1.000000 0.000899
0 0 0.207137 0.622430 1109.249023 -1.000000 -1.000000 0.001260
-1 1 0.382543 0.357929 1469.394043 -1.000000 -1.000000 0.001128
-2 2 0.203548 0.480805 1240.725952 -1.000000 -1.000000 0.001864
-2 2 0.354209 0.231406 1119.056030 -1.000000 -1.000000 0.000873
2 -2 0.318287 0.306005 1200.126953 -1.000000 -1.000000 0.000056
0 0 0.224597 0.396944 1192.933960 -1.000000 -1.000000 0.000819
-1 1 0.238663 0.489978 1299.327026 -1.000000 -1.000000 0.001131
0 2 0.407945 0.694892 1114.475952 -1.000000 -1.000000 0.000306
2 -2 0.320784 0.295988 1231.188965 -1.000000 -1.000000 0.001141
0 0 0.324667 0.373776 1229.040039 -1.000000 -1.000000 0.001128
2 -2 0.291413 0.304673 1180.605957 -1.000000 -1.000000 0.001121
-2 2 0.257775 0.300651 1104.180054 -1.000000 -1.000000 0.000808
1 -1 0.386210 0.276695 1305.234009 -1.000000 -1.000000 0.000669
1 -1 0.431142 0.404740 1280.593994 -1.000000 -1.000000 0.000420
-2 2 0.403720 0.324865 1438.222046 -1.000000 -1.000000 0.000188
-1 1 0.245212 0.350895 1168.500977 -1.000000 -1.000000 0.000881
2 -2 0.713084 0.119898 1109.807983 -1.000000 -1.000000 0.001929
-2 2 0.236238 0.339908 1132.949951 -1.000000 -1.000000 0.001280
2 -2 0.486129 0.186037 1202.892944 -1.000000 -1.000000 0.000952
-2 2 0.369956 0.350421 1252.540039 -1.000000 -1.000000 0.000976
-2 2 0.171109 0.542024 1203.994995 -1.000000 -1.000000 0.000874
0 0 0.256017 0.370514 1216.229004 -1.000000 -1.000000 0.000889
0 2 0.225408 0.417319 1105.342041 -1.000000 -1.000000 0.000980
1 -1 0.221142 0.446643 1154.171997 -1.000000 -1.000000 0.000879
2 -2 0.528565 0.318977 1128.542969 -1.000000 -1.000000 0.000949
-2 2 0.287861 0.369782 1176.699951 -1.000000 -1.000000 0.001236
-1 1 0.282658 0.363263 1218.418945 -1.000000 -1.000000 0.000950
1 -1 0.380329 0.317979 1362.656006 -1.000000 -1.000000 0.001154
-2 2 0.265061 0.522708 1447.250000 -1.000000 -1.000000 0.000986
2 -2 0.413370 0.190052 1120.339966 -1.000000 -1.000000 0.000812
-2 2 0.252822 0.617491 1528.500000 -1.000000 -1.000000 0.001133
1 -1 0.229811 0.469721 1307.380005 -1.000000 -1.000000 0.000421
2 -2 0.375939 0.279545 1223.238037 -1.000000 -1.000000 0.000862
0 0 0.366302 0.332221 1115.535034 -1.000000 -1.000000 0.001226
2 -2 0.470722 0.213905 1154.801025 -1.000000 -1.000000 0.001131
-1 1 0.278125 0.330748 1142.949951 -1.000000 -1.000000 0.001263
1 -1 0.209500 0.430245 1190.560059 -1.000000 -1.000000 0.000109
-2 2 0.240217 0.355561 1164.803955 -1.000000 -1.000000 0.000865
0 0 0.367769 0.373900 1127.177002 -1.000000 -1.000000 0.001469
0 2 0.239077 0.429084 1182.584961 -1.000000 -1.000000 0.001258
2 -2 0.352803 0.320744 1149.336060 -1.000000 -1.000000 0.001722
1 -1 0.686049 0.239501 1277.526001 -1.000000 -1.000000 0.001041
3 -3 0.396611 0.233525 1111.587036 -1.000000 -1.000000 0.001330
2 -2 0.546979 0.230133 1280.055054 -1.000000 -1.000000 0.001099
2 -2 0.404989 0.200386 1130.034058 -1.000000 -1.000000 0.000977
2 -2 0.427573 0.187991 1102.189941 -1.000000 -1.000000 0.000258
2 -2 0.451483 0.196318 1137.613037 -1.000000 -1.000000 0.001215
-2 2 0.257138 0.397850 1132.907959 -1.000000 -1.000000 0.000663
-2 2 0.424175 0.260904 1161.951050 -1.000000 -1.000000 0.000886
0 2 0.244947 0.482529 1174.510986 -1.000000 -1.000000 0.001267
0 0 0.313897 0.314963 1196.881958 -1.000000 -1.000000 0.000126
2 -2 0.386379 0.324354 1208.748047 -1.000000 -1.000000 0.000056
-2 2 0.373462 0.593176 1699.087036 -1.000000 -1.000000 0.001093
2 -2 0.556239 0.182284 1116.525024 -1.000000 -1.000000 0.000380
-2 2 0.152075 0.645919 1197.124023 -1.000000 -1.000000 0.000896
1 -1 0.334481 0.253661 1145.208984 -1.000000 -1.000000 0.000979
0 0 0.508840 0.279779 1164.630981 -1.000000 -1.000000 0.000078
1 -1 0.339866 0.255402 1137.927979 -1.000000 -1.000000 0.001008
2 -2 0.288086 0.382830 1192.541016 -1.000000 -1.000000 0.000724
2 -2 0.496372 0.197506 1131.739990 -1.000000 -1.000000 0.001465
2 -2 0.365063 0.214316 1109.223999 -1.000000 -1.000000 0.000872
2 -2 0.510533 0.179011 1120.698975 -1.000000 -1.000000 0.001360
-2 2 0.229444 0.455260 1292.016968 -1.000000 -1.000000 0.000662
1 -1 0.470828 0.175658 1104.327026 -1.000000 -1.000000 0.000884
-2 2 0.286225 0.274527 1116.119019 -1.000000 -1.000000 0.000725
-2 2 0.169016 0.487953 1146.758057 -1.000000 -1.000000 0.000963
2 -2 0.550020 0.387703 1440.439941 -1.000000 -1.000000 0.000887
2 -2 0.481081 0.173622 1153.334961 -1.000000 -1.000000 0.001134
-2 2 0.294480 0.295000 1167.983032 -1.000000 -1.000000 0.000512
2 -2 0.551366 0.176404 1105.458008 -1.000000 -1.000000 0.000872
2 -2 0.196883 0.459076 1139.386963 -1.000000 -1.000000 0.000795
0 0 0.401548 0.277710 1264.003052 -1.000000 -1.000000 0.001443
-1 1 0.476945 0.414844 1586.369019 -1.000000 -1.000000 0.001026
-2 2 0.378091 0.495876 1295.609009 -1.000000 -1.000000 0.000958
-2 2 0.126334 0.655738 1120.990967 -1.000000 -1.000000 0.001190
-2 2 0.256778 0.338149 1106.686035 -1.000000 -1.000000 0.000696
-2 2 0.148710 0.591656 1147.932007 -1.000000 -1.000000 0.000963
1 -1 0.320857 0.329807 1164.751953 -1.000000 -1.000000 0.000895
2 -2 0.493115 0.231499 1197.979004 -1.000000 -1.000000 0.001133
1 -1 0.463326 0.220903 1115.014038 -1.000000 -1.000000 0.000812
-2 2 0.233546 0.375894 1178.454956 -1.000000 -1.000000 0.001083
2 -2 0.425808 0.220613 1168.453979 -1.000000 -1.000000 0.000898
-2 2 0.324917 0.462126 1439.177002 -1.000000 -1.000000 0.000893
