-1 1 0.212928 0.358554 984.843506 -1.000000 -1.000000 0.006027
-1 1 0.415079 0.269198 1270.464966 -1.000000 -1.000000 0.007854
-2 2 0.179609 0.476152 1016.559021 -1.000000 -1.000000 0.006684
2 -2 0.530016 0.114938 965.092773 -1.000000 -1.000000 0.007260
-2 2 0.248636 0.218022 910.780029 -1.000000 -1.000000 0.004241
-1 1 0.538966 0.210843 1260.791992 -1.000000 -1.000000 0.006694
2 0 0.378515 0.339318 964.941406 -1.000000 -1.000000 0.007760
-2 2 0.195480 0.314621 921.920410 -1.000000 -1.000000 0.006848
2 -2 0.417094 0.122911 905.064392 -1.000000 -1.000000 0.008883
2 -2 0.189491 0.480361 975.593994 -1.000000 -1.000000 0.006351
-2 2 0.323478 0.183232 973.274109 -1.000000 -1.000000 0.004667
1 2 0.236612 0.535410 1120.026001 -1.000000 -1.000000 0.005498
-2 2 0.255217 0.398013 1041.248047 -1.000000 -1.000000 0.008933
-1 1 0.330694 0.290541 1214.339966 -1.000000 -1.000000 0.006471
2 0 0.795928 0.209631 933.681580 -1.000000 -1.000000 0.008441
2 -2 0.509760 0.273014 901.346008 -1.000000 -1.000000 0.006252
2 -2 0.604680 0.147087 953.631104 -1.000000 -1.000000 0.003027
0 2 0.524728 0.425885 912.457397 -1.000000 -1.000000 0.007831
2 -2 0.540826 0.127193 1024.958984 -1.000000 -1.000000 0.006918
-1 1 0.156408 0.392625 908.484192 -1.000000 -1.000000 0.007438
-2 2 0.204368 0.386655 1124.286987 -1.000000 -1.000000 0.000713
-2 2 0.466597 0.196663 1054.909058 -1.000000 -1.000000 0.000290
2 -2 0.285632 0.364197 1251.604004 -1.000000 -1.000000 0.000295
1 -1 0.429768 0.186381 955.237122 -1.000000 -1.000000 0.006812
2 -2 0.445180 0.201915 915.300171 -1.000000 -1.000000 0.007653
-2 2 0.187552 0.536941 1036.798950 -1.000000 -1.000000 0.006985
-2 2 0.211945 0.370607 1051.406982 -1.000000 -1.000000 0.011479
1 0 0.238267 0.308665 974.843689 -1.000000 -1.000000 0.005106
-3 3 0.207329 0.264303 929.202393 -1.000000 -1.000000 0.003695
1 -1 0.221874 0.388137 995.946716 -1.000000 -1.000000 0.000266
-2 2 0.300182 0.306923 1107.395996 -1.000000 -1.000000 0.001718
1 -1 0.295900 0.193655 916.591919 -1.000000 -1.000000 0.005408
2 -2 0.414332 0.141591 913.579773 -1.000000 -1.000000 0.005902
-2 2 0.193872 0.382416 911.089111 -1.000000 -1.000000 0.002897
2 -2 0.345190 0.245097 936.331116 -1.000000 -1.000000 0.006306
-1 1 0.231321 0.332622 1060.185059 -1.000000 -1.000000 0.004403
-1 1 0.146037 0.387510 950.099670 -1.000000 -1.000000 0.006026
1 -1 0.223994 0.309656 1050.904053 -1.000000 -1.000000 0.006708
-1 1 0.233687 0.282496 976.643494 -1.000000 -1.000000 0.006900
-2 2 0.118587 0.442386 915.127075 -1.000000 -1.000000 0.008949
1 -1 0.312265 0.228369 923.987793 -1.000000 -1.000000 0.000373
-2 2 0.302485 0.312780 1009.934998 -1.000000 -1.000000 0.005929
1 -1 0.244873 0.339841 1142.104980 -1.000000 -1.000000 0.004349
-2 2 0.202561 0.307163 921.856323 -1.000000 -1.000000 0.006183
2 0 0.242624 0.591145 929.315125 -1.000000 -1.000000 0.006235
2 -2 0.338959 0.299149 995.086792 -1.000000 -1.000000 0.001353
1 -1 0.295745 0.206905 957.624329 -1.000000 -1.000000 0.004370
2 -2 0.367270 0.279367 1020.921021 -1.000000 -1.000000 0.006132
-2 2 0.266893 0.286553 1037.290039 -1.000000 -1.000000 0.001185
-1 1 0.184955 0.318811 946.572510 -1.000000 -1.000000 0.006625
2 -2 0.297794 0.177420 914.432007 -1.000000 -1.000000 0.003704
-2 2 0.297452 0.330018 1035.885986 -1.000000 -1.000000 0.005246
2 -2 0.199141 0.323895 964.693604 -1.000000 -1.000000 0.006589
-2 2 0.349328 0.243515 967.582581 -1.000000 -1.000000 0.000914
1 -1 0.237889 0.296185 920.931213 -1.000000 -1.000000 0.008265
1 -1 0.253091 0.239132 931.303894 -1.000000 -1.000000 0.006045
-2 2 0.227754 0.330635 911.108276 -1.000000 -1.000000 0.006413
2 0 0.383607 0.245191 1009.419983 -1.000000 -1.000000 0.006717
-1 1 0.144731 0.442433 970.302002 -1.000000 -1.000000 0.006390
2 -2 0.312555 0.279876 944.287781 -1.000000 -1.000000 0.005868
-2 2 0.153996 0.364491 945.229004 -1.000000 -1.000000 0.005043
0 2 0.187406 0.383800 926.128174 -1.000000 -1.000000 0.007891
-1 1 0.159407 0.411388 1023.718994 -1.000000 -1.000000 0.008291
-2 2 0.263171 0.209986 939.663208 -1.000000 -1.000000 0.004894
1 -1 0.457348 0.116016 919.544128 -1.000000 -1.000000 0.001680
1 -1 0.379044 0.197840 1063.836060 -1.000000 -1.000000 0.007492
0 0 0.170123 0.432525 970.291016 -1.000000 -1.000000 0.006939
-2 2 0.161313 0.365960 964.073914 -1.000000 -1.000000 0.006598
2 -2 0.272427 0.218285 958.755981 -1.000000 -1.000000 0.006165
0 0 0.161427 0.358285 906.907410 -1.000000 -1.000000 0.013159
2 -2 0.476346 0.183265 957.861511 -1.000000 -1.000000 0.006501
0 2 0.243300 0.291283 917.182617 -1.000000 -1.000000 0.006760
-2 2 0.153579 0.369780 940.188904 -1.000000 -1.000000 0.008648
-2 2 0.125929 0.453817 952.331787 -1.000000 -1.000000 0.007387
0 0 0.176335 0.399353 917.300476 -1.000000 -1.000000 0.006863
-1 1 0.280118 0.227733 957.713928 -1.000000 -1.000000 0.001060
0 0 0.209063 0.262377 929.955505 -1.000000 -1.000000 0.005874
2 -2 0.426427 0.185690 1005.465027 -1.000000 -1.000000 0.000292
2 -2 0.427352 0.285278 1045.672974 -1.000000 -1.000000 0.006154
-2 2 0.180724 0.307342 942.372314 -1.000000 -1.000000 0.006936
-2 2 0.326146 0.335344 970.379578 -1.000000 -1.000000 0.012993
2 -2 0.470052 0.216143 1024.197998 -1.000000 -1.000000 0.004518
-1 1 0.380853 0.386890 915.809692 -1.000000 -1.000000 0.012549
2 -2 0.434377 0.235595 1164.212036 -1.000000 -1.000000 0.009221
2 -2 0.183726 0.375660 1004.236023 -1.000000 -1.000000 0.006137
-2 2 0.235792 0.372574 1032.265991 -1.000000 -1.000000 0.005866
-2 2 0.304670 0.226088 1016.004028 -1.000000 -1.000000 0.005570
-2 2 0.237149 0.235361 944.737610 -1.000000 -1.000000 0.008036
-2 2 0.273486 0.517180 1048.703003 -1.000000 -1.000000 0.008574
1 -1 0.258818 0.208048 917.076294 -1.000000 -1.000000 0.006472
-2 2 0.226789 0.427450 1099.371948 -1.000000 -1.000000 0.007844
1 0 0.299112 0.446741 914.410889 -1.000000 -1.000000 0.006870
-2 2 0.237800 0.225588 925.351501 -1.000000 -1.000000 0.004694
-2 2 0.413732 0.165236 963.324585 -1.000000 -1.000000 0.005651
2 0 0.408121 0.360804 1140.293945 -1.000000 -1.000000 0.005615
2 -2 0.382039 0.195505 1087.051025 -1.000000 -1.000000 0.000373
2 -2 0.493286 0.198149 1013.184021 -1.000000 -1.000000 0.005998
2 -2 0.297498 0.197770 945.617615 -1.000000 -1.000000 0.006608
2 -2 0.192157 0.405753 974.984375 -1.000000 -1.000000 0.007632
-2 2 0.328531 0.201794 922.721008 -1.000000 -1.000000 0.010377
0 0 0.269060 0.255505 937.464722 -1.000000 -1.000000 0.009495
-2 2 0.140675 0.502494 998.685181 -1.000000 -1.000000 0.006946
0 0 0.333749 0.239757 959.796082 -1.000000 -1.000000 0.005993
1 -1 0.360339 0.195111 964.031982 -1.000000 -1.000000 0.005545
-2 2 0.162653 0.372500 935.555786 -1.000000 -1.000000 0.005994
2 -2 0.371416 0.171232 1005.979980 -1.000000 -1.000000 0.007220
-1 1 0.298342 0.224590 1003.239990 -1.000000 -1.000000 0.002349
-2 2 0.185476 0.300385 920.647888 -1.000000 -1.000000 0.011713
2 -2 0.354672 0.319851 1256.057007 -1.000000 -1.000000 0.000701
-2 2 0.230818 0.348142 1072.573975 -1.000000 -1.000000 0.011723
2 0 0.659309 0.206110 1256.594971 -1.000000 -1.000000 0.006578
0 1 0.234985 0.385457 1000.414978 -1.000000 -1.000000 0.005700
-2 2 0.256937 0.233364 961.552124 -1.000000 -1.000000 0.008789
-2 2 0.297772 0.352484 1273.048950 -1.000000 -1.000000 0.006934
0 1 0.174293 0.532938 1081.722046 -1.000000 -1.000000 0.006825
-2 2 0.163229 0.472308 1028.317017 -1.000000 -1.000000 0.003680
-2 2 0.168054 0.333153 938.526306 -1.000000 -1.000000 0.006740
2 -2 0.361336 0.176232 954.073608 -1.000000 -1.000000 0.008173
-2 2 0.147310 0.400786 962.107300 -1.000000 -1.000000 0.005995
0 0 0.304611 0.241312 972.028381 -1.000000 -1.000000 0.012967
-1 1 0.222954 0.267769 930.866882 -1.000000 -1.000000 0.008629
2 -2 0.393952 0.136599 915.227417 -1.000000 -1.000000 0.000225
-2 2 0.158225 0.396365 982.061218 -1.000000 -1.000000 0.007536
1 -1 0.217182 0.294979 918.727478 -1.000000 -1.000000 0.006267
2 -2 0.512617 0.222861 1186.564941 -1.000000 -1.000000 0.002934
-2 2 0.176373 0.560458 1254.547974 -1.000000 -1.000000 0.006482
-1 1 0.141392 0.615780 934.255493 -1.000000 -1.000000 0.006060
2 0 0.536299 0.299035 1007.945007 -1.000000 -1.000000 0.006220
0 0 0.144934 0.404692 968.461914 -1.000000 -1.000000 0.004081
0 0 0.143168 0.504291 1035.515991 -1.000000 -1.000000 0.006960
0 0 0.236648 0.258190 988.384583 -1.000000 -1.000000 0.006074
2 -2 0.266572 0.236744 1004.656982 -1.000000 -1.000000 0.001006
-2 2 0.256328 0.223946 956.644287 -1.000000 -1.000000 0.005954
2 0 0.439438 0.263280 906.440491 -1.000000 -1.000000 0.006712
0 0 0.286274 0.205052 963.506226 -1.000000 -1.000000 0.008529
-1 1 0.154096 0.381635 959.311829 -1.000000 -1.000000 0.008581
-2 2 0.209710 0.476859 1114.985962 -1.000000 -1.000000 0.008535
0 0 0.270837 0.219775 972.748779 -1.000000 -1.000000 0.006293
2 -2 0.247902 0.334858 918.187927 -1.000000 -1.000000 0.007222
2 -2 0.328491 0.208181 978.337524 -1.000000 -1.000000 0.006428
0 0 0.340708 0.223737 910.044373 -1.000000 -1.000000 0.010357
2 0 0.415705 0.318064 1157.900024 -1.000000 -1.000000 0.006834
1 -1 0.645895 0.139587 1139.805054 -1.000000 -1.000000 0.000476
-2 2 0.217770 0.435348 1097.718018 -1.000000 -1.000000 0.007874
-1 1 0.357034 0.222561 1126.187988 -1.000000 -1.000000 0.006459
-1 1 0.276514 0.223439 989.008118 -1.000000 -1.000000 0.006240
-2 2 0.193674 0.417794 904.336609 -1.000000 -1.000000 0.006111
-1 1 0.138259 0.381769 904.360291 -1.000000 -1.000000 0.007854
2 -2 0.219449 0.441813 1219.907959 -1.000000 -1.000000 0.002641
-1 1 0.141685 0.560636 931.287598 -1.000000 -1.000000 0.010664
-2 2 0.236487 0.363986 961.069824 -1.000000 -1.000000 0.008404
-2 2 0.222674 0.401721 1142.139038 -1.000000 -1.000000 0.006417
2 0 0.535802 0.413884 1284.355957 -1.000000 -1.000000 0.005500
-1 1 0.241886 0.232756 941.671326 -1.000000 -1.000000 0.006514
-1 1 0.221029 0.270698 921.629883 -1.000000 -1.000000 0.006813
2 -2 0.619669 0.095549 966.542114 -1.000000 -1.000000 0.008920
0 1 0.474999 0.370680 1142.397949 -1.000000 -1.000000 0.005989
0 0 0.186157 0.399825 1071.239014 -1.000000 -1.000000 0.003696
0 2 0.330452 0.372180 1013.403015 -1.000000 -1.000000 0.007491
-1 1 0.274734 0.259123 1063.821045 -1.000000 -1.000000 0.009866
1 -1 0.644310 0.088776 951.559509 -1.000000 -1.000000 0.006985
-2 2 0.131416 0.452600 949.981506 -1.000000 -1.000000 0.006270
0 2 0.259490 0.612272 1025.485962 -1.000000 -1.000000 0.009827
-2 2 0.309947 0.360579 1198.475952 -1.000000 -1.000000 0.007104
-2 2 0.133037 0.722780 942.509583 -1.000000 -1.000000 0.005790
2 0 0.367740 0.255601 1031.916992 -1.000000 -1.000000 0.008576
2 -2 0.117151 0.490763 904.482483 -1.000000 -1.000000 0.006125
2 -2 0.455522 0.114713 902.668884 -1.000000 -1.000000 0.005896
1 -1 0.230106 0.221797 900.754028 -1.000000 -1.000000 0.008376
1 -1 0.302783 0.274604 1086.008057 -1.000000 -1.000000 0.006198
1 0 0.336296 0.383422 1063.376953 -1.000000 -1.000000 0.006706
0 0 0.200973 0.569537 1350.348999 -1.000000 -1.000000 0.007783
1 -1 0.296047 0.296320 1183.760010 -1.000000 -1.000000 0.007299
-2 2 0.200150 0.437265 920.684875 -1.000000 -1.000000 0.006105
2 -2 0.304312 0.483738 952.381897 -1.000000 -1.000000 0.001559
-2 2 0.293738 0.251533 1071.907959 -1.000000 -1.000000 0.006943
0 0 0.259722 0.206054 924.312378 -1.000000 -1.000000 0.007869
-2 2 0.230945 0.327453 1048.399048 -1.000000 -1.000000 0.008449
2 -2 0.155573 0.374839 965.937683 -1.000000 -1.000000 0.008523
-2 2 0.122679 0.486198 965.782288 -1.000000 -1.000000 0.005567
1 0 0.272559 0.396220 1174.526001 -1.000000 -1.000000 0.006715
0 0 0.332010 0.313224 1266.719971 -1.000000 -1.000000 0.004081
2 -2 0.280853 0.222949 997.885803 -1.000000 -1.000000 0.006106
0 0 0.169136 0.567718 981.531372 -1.000000 -1.000000 0.007128
1 2 0.460581 0.481183 940.821411 -1.000000 -1.000000 0.007528
-2 2 0.277798 0.370828 985.862183 -1.000000 -1.000000 0.007020
-2 2 0.555476 0.175692 1206.831055 -1.000000 -1.000000 0.006002
2 0 0.369498 0.253888 900.062195 -1.000000 -1.000000 0.000457
-1 1 0.147173 0.372086 905.117188 -1.000000 -1.000000 0.006197
-2 2 0.243827 0.317115 1112.015991 -1.000000 -1.000000 0.006176
-2 2 0.223742 0.320073 996.355408 -1.000000 -1.000000 0.006980
2 -2 0.225849 0.381982 901.059692 -1.000000 -1.000000 0.009973
-1 1 0.316151 0.412026 1053.405029 -1.000000 -1.000000 0.001120
1 -1 0.445485 0.150935 1014.114990 -1.000000 -1.000000 0.006112
2 -2 0.409141 0.160301 929.993774 -1.000000 -1.000000 0.000553
1 -1 0.296326 0.225707 1033.213013 -1.000000 -1.000000 0.001831
2 -2 0.352470 0.166569 968.771423 -1.000000 -1.000000 0.006667
-2 2 0.229779 0.373119 1067.004028 -1.000000 -1.000000 0.006853
-2 2 0.165535 0.369900 920.133728 -1.000000 -1.000000 0.007612
-2 2 0.225862 0.300280 1014.940002 -1.000000 -1.000000 0.004865
1 -1 0.241528 0.241845 953.431091 -1.000000 -1.000000 0.005996
0 0 0.289624 0.305975 1161.560059 -1.000000 -1.000000 0.006424
2 -2 0.588642 0.100927 973.090210 -1.000000 -1.000000 0.005476
0 0 0.205999 0.301842 924.988525 -1.000000 -1.000000 0.000510
-2 2 0.165776 0.401620 1015.655029 -1.000000 -1.000000 0.006037
-2 2 0.202616 0.289315 919.586670 -1.000000 -1.000000 0.004335
2 -2 0.579353 0.119104 1023.166992 -1.000000 -1.000000 0.005457
0 0 0.232940 0.424051 931.356201 -1.000000 -1.000000 0.007833
-2 2 0.236211 0.317418 997.837524 -1.000000 -1.000000 0.006515
-1 1 0.140498 0.633291 1149.187012 -1.000000 -1.000000 0.006363
-2 2 0.610853 0.226308 1015.504028 -1.000000 -1.000000 0.008176
0 0 0.262364 0.242871 952.863708 -1.000000 -1.000000 0.005914
1 0 0.246301 0.292138 953.956604 -1.000000 -1.000000 0.000278
-2 2 0.339551 0.345390 920.262390 -1.000000 -1.000000 0.000493
2 -2 0.503593 0.202680 1102.204956 -1.000000 -1.000000 0.009605
2 -2 0.419823 0.194706 1143.461060 -1.000000 -1.000000 0.008480
-2 2 0.257061 0.260773 1009.671997 -1.000000 -1.000000 0.005062
0 2 0.427100 0.258210 950.782471 -1.000000 -1.000000 0.011385
0 0 0.237420 0.229858 929.761780 -1.000000 -1.000000 0.003103
1 0 0.461559 0.222556 962.808228 -1.000000 -1.000000 0.007276
2 -2 0.360450 0.326104 917.252686 -1.000000 -1.000000 0.003550
-2 2 0.163198 0.412594 1030.412964 -1.000000 -1.000000 0.009521
-2 2 0.436298 0.178002 937.462280 -1.000000 -1.000000 0.006634
-2 2 0.173930 0.303962 911.013000 -1.000000 -1.000000 0.009632
2 -2 0.154034 0.459089 932.636292 -1.000000 -1.000000 0.008389
-2 2 0.100968 0.581726 950.527893 -1.000000 -1.000000 0.009805
0 0 0.260713 0.470281 1254.470947 -1.000000 -1.000000 0.003635
-1 1 0.301950 0.299694 1092.297974 -1.000000 -1.000000 0.005883
2 -2 0.326948 0.206400 1002.799011 -1.000000 -1.000000 0.000363
-1 1 0.296176 0.401778 984.142212 -1.000000 -1.000000 0.005492
-1 1 0.433144 0.225438 1217.592041 -1.000000 -1.000000 0.008465
-3 3 0.136717 0.407440 911.341919 -1.000000 -1.000000 0.005933
-2 2 0.298205 0.233622 1034.503052 -1.000000 -1.000000 0.005546
0 2 0.197080 0.384306 1022.500977 -1.000000 -1.000000 0.007671
2 -2 0.144733 0.406123 910.818726 -1.000000 -1.000000 0.006009
-2 2 0.417721 0.431169 2209.147949 -1.000000 -1.000000 0.007672
2 -2 0.239923 0.215796 907.356873 -1.000000 -1.000000 0.005967
1 -1 0.363828 0.374870 971.787720 -1.000000 -1.000000 0.006305
2 -2 0.405439 0.143412 955.407471 -1.000000 -1.000000 0.005887
