0 2 0.283767 0.534063 985.706177 -1.000000 -1.000000 0.014319
1 -1 0.311517 0.142850 829.600708 -1.000000 -1.000000 0.013353
-2 2 0.178268 0.300743 897.675110 -1.000000 -1.000000 0.014120
-1 1 0.210547 0.249977 910.688293 -1.000000 -1.000000 0.013084
3 0 0.273242 0.355149 950.304504 -1.000000 -1.000000 0.016364
-1 1 0.172991 0.268827 808.440613 -1.000000 -1.000000 0.005355
-2 2 0.139910 0.440608 820.663818 -1.000000 -1.000000 0.014175
2 -2 0.181747 0.329492 861.416809 -1.000000 -1.000000 0.011725
-2 2 0.133765 0.367808 857.733398 -1.000000 -1.000000 0.008637
0 2 0.158683 0.398083 806.206787 -1.000000 -1.000000 0.014263
-2 2 0.337099 0.467709 817.065002 -1.000000 -1.000000 0.019906
1 -1 0.359932 0.137880 890.653381 -1.000000 -1.000000 0.019690
0 0 0.384391 0.262217 1102.883057 -1.000000 -1.000000 0.020047
-2 2 0.312453 0.164970 875.133972 -1.000000 -1.000000 0.012203
1 0 0.410761 0.182176 810.307129 -1.000000 -1.000000 0.014243
2 -2 0.335947 0.260900 841.187805 -1.000000 -1.000000 0.004372
0 0 0.302234 0.236070 913.840027 -1.000000 -1.000000 0.014109
-2 2 0.195634 0.229097 813.140625 -1.000000 -1.000000 0.030281
2 -2 0.332165 0.135517 844.813110 -1.000000 -1.000000 0.015961
-2 2 0.142639 0.360235 807.918091 -1.000000 -1.000000 0.018055
2 -2 0.406402 0.104647 824.873108 -1.000000 -1.000000 0.012834
2 -2 0.258744 0.229590 952.752014 -1.000000 -1.000000 0.015145
2 -2 0.519121 0.093099 842.360718 -1.000000 -1.000000 0.022779
-2 2 0.241808 0.212848 808.748474 -1.000000 -1.000000 0.014562
1 -1 0.417170 0.194510 891.604919 -1.000000 -1.000000 0.017644
1 -1 0.299271 0.141500 801.443115 -1.000000 -1.000000 0.022847
-2 2 0.175590 0.387870 1043.134033 -1.000000 -1.000000 0.017596
2 -2 0.216647 0.473664 975.247375 -1.000000 -1.000000 0.015314
1 -1 0.247831 0.245768 862.154907 -1.000000 -1.000000 0.021041
-2 2 0.155128 0.272392 801.488281 -1.000000 -1.000000 0.015637
-1 1 0.209812 0.201708 821.223083 -1.000000 -1.000000 0.014639
0 1 0.429403 0.438102 1013.440979 -1.000000 -1.000000 0.007040
2 -2 0.331743 0.167085 832.131287 -1.000000 -1.000000 0.014250
-2 2 0.153004 0.449663 1017.723999 -1.000000 -1.000000 0.014172
-2 2 0.172519 0.321304 927.147095 -1.000000 -1.000000 0.014826
0 0 0.274509 0.276642 856.253723 -1.000000 -1.000000 0.011057
2 -2 0.395044 0.123404 837.618713 -1.000000 -1.000000 0.014504
-1 1 0.283828 0.256180 1005.116028 -1.000000 -1.000000 0.015815
0 0 0.157413 0.389779 891.988708 -1.000000 -1.000000 0.027246
2 -2 0.543618 0.123003 1033.243042 -1.000000 -1.000000 0.014464
1 -1 0.242285 0.212394 871.110779 -1.000000 -1.000000 0.000973
0 0 0.183783 0.266716 856.610291 -1.000000 -1.000000 0.015378
2 0 0.346923 0.427468 869.830811 -1.000000 -1.000000 0.017782
0 2 0.149494 0.401928 808.210083 -1.000000 -1.000000 0.001544
0 2 0.298023 0.398731 995.086792 -1.000000 -1.000000 0.008897
-1 1 0.147852 0.463796 1015.929993 -1.000000 -1.000000 0.000898
0 0 0.180786 0.386120 1026.359009 -1.000000 -1.000000 0.015735
1 -1 0.246392 0.308502 1097.634033 -1.000000 -1.000000 0.011500
-1 1 0.120369 0.393164 860.217529 -1.000000 -1.000000 0.015781
-1 1 0.169740 0.432093 923.822021 -1.000000 -1.000000 0.002370
2 -2 0.145174 0.311080 837.895813 -1.000000 -1.000000 0.012928
-1 1 0.108796 0.444115 877.463989 -1.000000 -1.000000 0.014619
0 0 0.133358 0.314858 813.703674 -1.000000 -1.000000 0.015369
2 2 0.300046 0.268462 806.219788 -1.000000 -1.000000 0.015674
2 -2 0.258721 0.227943 849.936584 -1.000000 -1.000000 0.018177
2 -2 0.254116 0.237949 905.423401 -1.000000 -1.000000 0.011365
0 0 0.295701 0.334050 830.881714 -1.000000 -1.000000 0.015148
2 -2 0.289643 0.238577 806.929077 -1.000000 -1.000000 0.020150
2 0 0.461379 0.280481 869.552002 -1.000000 -1.000000 0.016058
-2 2 0.279938 0.355150 974.200195 -1.000000 -1.000000 0.014295
1 -1 0.391355 0.218087 975.989502 -1.000000 -1.000000 0.006725
-2 0 0.301526 0.269722 870.703125 -1.000000 -1.000000 0.009215
-2 2 0.177003 0.359640 827.334473 -1.000000 -1.000000 0.007093
0 0 0.346237 0.323250 854.419678 -1.000000 -1.000000 0.001123
2 -2 0.539631 0.216892 934.249023 -1.000000 -1.000000 0.019467
0 5 0.206482 0.298549 894.961121 -1.000000 -1.000000 0.024148
2 -2 0.229621 0.196649 835.200989 -1.000000 -1.000000 0.023572
0 0 0.236625 0.264014 941.409790 -1.000000 -1.000000 0.003131
-1 1 0.242653 0.195031 846.329773 -1.000000 -1.000000 0.012712
0 0 0.409822 0.149237 920.092407 -1.000000 -1.000000 0.023009
2 -2 0.312682 0.148392 813.830322 -1.000000 -1.000000 0.018853
2 -2 0.408734 0.135984 829.819885 -1.000000 -1.000000 0.005698
-1 1 0.126063 0.405973 805.176575 -1.000000 -1.000000 0.014262
2 -2 0.314708 0.156571 867.763184 -1.000000 -1.000000 0.014155
-2 2 0.145971 0.279443 800.383423 -1.000000 -1.000000 0.010262
2 0 0.481575 0.290735 1364.680054 -1.000000 -1.000000 0.017522
-2 2 0.179042 0.333986 956.000427 -1.000000 -1.000000 0.016801
-2 2 0.140316 0.536117 1025.087036 -1.000000 -1.000000 0.014393
2 1 0.544243 0.138993 810.786316 -1.000000 -1.000000 0.013906
-1 1 0.120589 0.554548 858.305725 -1.000000 -1.000000 0.017649
-2 2 0.112796 0.513087 921.009521 -1.000000 -1.000000 0.015844
1 -1 0.354498 0.128194 806.168884 -1.000000 -1.000000 0.004889
2 -2 0.286745 0.198087 952.366211 -1.000000 -1.000000 0.013119
0 0 0.163675 0.264174 811.654785 -1.000000 -1.000000 0.015029
-1 1 0.197408 0.393010 881.501892 -1.000000 -1.000000 0.020111
2 -2 0.165786 0.367293 961.872192 -1.000000 -1.000000 0.016853
0 0 0.210469 0.238928 828.242920 -1.000000 -1.000000 0.016563
0 0 0.247748 0.387741 867.310913 -1.000000 -1.000000 0.001648
-2 2 0.201888 0.239070 802.661926 -1.000000 -1.000000 0.015744
0 2 0.309672 0.461096 810.852295 -1.000000 -1.000000 0.015925
-2 2 0.200916 0.376165 1000.776001 -1.000000 -1.000000 0.012796
0 0 0.157552 0.327155 900.937195 -1.000000 -1.000000 0.015548
1 -1 0.505006 0.119412 901.701111 -1.000000 -1.000000 0.016607
-1 1 0.266173 0.200452 836.054321 -1.000000 -1.000000 0.001450
1 -1 0.352175 0.206149 1072.968994 -1.000000 -1.000000 0.014520
2 -2 0.392400 0.106350 816.798706 -1.000000 -1.000000 0.014495
-1 1 0.338824 0.215885 1054.141968 -1.000000 -1.000000 0.013700
2 0 0.610280 0.138353 895.163208 -1.000000 -1.000000 0.010606
0 0 0.457929 0.162726 966.175171 -1.000000 -1.000000 0.020065
0 0 0.256593 0.183140 862.636292 -1.000000 -1.000000 0.019435
0 0 0.310453 0.237612 803.569580 -1.000000 -1.000000 0.014351
-2 2 0.081418 0.593015 851.853821 -1.000000 -1.000000 0.017529
-1 1 0.229685 0.194905 837.374512 -1.000000 -1.000000 0.014354
2 -2 0.650703 0.125144 1057.144043 -1.000000 -1.000000 0.006987
1 0 0.144220 0.559598 869.729980 -1.000000 -1.000000 0.012233
0 2 0.265820 0.241522 816.440186 -1.000000 -1.000000 0.017957
2 -2 0.257248 0.213473 825.729370 -1.000000 -1.000000 0.016057
2 -2 0.227980 0.207811 853.684204 -1.000000 -1.000000 0.013352
0 2 0.305433 0.533268 1359.735962 -1.000000 -1.000000 0.015616
2 0 0.347036 0.290171 1000.353027 -1.000000 -1.000000 0.018138
1 -1 0.416614 0.169207 810.413391 -1.000000 -1.000000 0.006756
2 -2 0.488664 0.126348 904.343506 -1.000000 -1.000000 0.001452
-1 1 0.262984 0.250556 883.186523 -1.000000 -1.000000 0.002812
2 -2 0.362309 0.134803 878.762695 -1.000000 -1.000000 0.014657
2 -2 0.522314 0.100618 912.272583 -1.000000 -1.000000 0.015928
-2 2 0.169143 0.406098 803.492798 -1.000000 -1.000000 0.022118
0 2 0.126009 0.606546 906.380981 -1.000000 -1.000000 0.024471
0 0 0.144472 0.336404 880.746521 -1.000000 -1.000000 0.007631
0 2 0.301973 0.411803 1001.309021 -1.000000 -1.000000 0.001651
0 0 0.271156 0.274451 1031.795044 -1.000000 -1.000000 0.015475
-2 2 0.100156 0.500039 893.995178 -1.000000 -1.000000 0.012535
2 0 0.173254 0.537109 803.754272 -1.000000 -1.000000 0.014003
0 2 0.329851 0.237446 979.215210 -1.000000 -1.000000 0.002096
-1 1 0.206799 0.327638 805.603516 -1.000000 -1.000000 0.006253
2 -2 0.190590 0.314484 914.023926 -1.000000 -1.000000 0.009850
2 -2 0.317580 0.297742 970.842712 -1.000000 -1.000000 0.003600
-2 2 0.214934 0.450975 1049.943970 -1.000000 -1.000000 0.017275
2 -2 0.384452 0.184370 825.976318 -1.000000 -1.000000 0.007054
-2 2 0.118046 0.378895 811.116821 -1.000000 -1.000000 0.016211
-1 1 0.271272 0.203202 856.912598 -1.000000 -1.000000 0.010396
1 -1 0.250987 0.302862 803.973511 -1.000000 -1.000000 0.014138
2 -2 0.321957 0.138872 840.350220 -1.000000 -1.000000 0.015873
-2 2 0.177471 0.320899 906.072815 -1.000000 -1.000000 0.015850
-2 2 0.144273 0.419820 967.850220 -1.000000 -1.000000 0.014351
2 -2 0.450725 0.275660 864.243896 -1.000000 -1.000000 0.014270
-2 2 0.229280 0.232350 871.198792 -1.000000 -1.000000 0.014238
1 0 0.488108 0.248836 1171.864990 -1.000000 -1.000000 0.015611
2 -2 0.151690 0.278201 814.469482 -1.000000 -1.000000 0.012520
2 -2 0.638444 0.083822 839.917419 -1.000000 -1.000000 0.020482
-1 1 0.122348 0.480407 808.653503 -1.000000 -1.000000 0.014898
-2 2 0.128913 0.536890 1034.284058 -1.000000 -1.000000 0.015479
-2 2 0.416595 0.117678 828.963806 -1.000000 -1.000000 0.010869
-2 2 0.072127 0.583531 812.036621 -1.000000 -1.000000 0.007937
2 -2 0.096814 0.493224 814.863770 -1.000000 -1.000000 0.013502
0 1 0.104644 0.580149 818.997986 -1.000000 -1.000000 0.027082
2 -2 0.385602 0.155356 912.422424 -1.000000 -1.000000 0.021098
2 -2 0.388160 0.351650 845.512207 -1.000000 -1.000000 0.015735
1 -1 0.210747 0.244365 896.501282 -1.000000 -1.000000 0.029883
0 1 0.297478 0.443276 879.572693 -1.000000 -1.000000 0.026914
1 -1 0.348714 0.184860 857.873413 -1.000000 -1.000000 0.013334
2 -2 0.360661 0.152281 823.644592 -1.000000 -1.000000 0.014139
0 0 0.363446 0.235549 1099.488037 -1.000000 -1.000000 0.000714
0 2 0.225322 0.415636 840.791016 -1.000000 -1.000000 0.016843
2 -2 0.243840 0.502914 1397.639038 -1.000000 -1.000000 0.018883
-2 2 0.147783 0.383858 852.676697 -1.000000 -1.000000 0.023734
2 2 0.484436 0.320597 842.050476 -1.000000 -1.000000 0.019998
2 -2 0.352707 0.217535 873.914490 -1.000000 -1.000000 0.012879
-2 2 0.136193 0.415271 804.140015 -1.000000 -1.000000 0.014283
0 0 0.379873 0.255261 1169.088989 -1.000000 -1.000000 0.007742
-2 2 0.108807 0.605180 912.904297 -1.000000 -1.000000 0.013682
2 -2 0.601516 0.085078 855.879517 -1.000000 -1.000000 0.016743
0 2 0.130936 0.627235 844.713074 -1.000000 -1.000000 0.014667
0 0 0.153095 0.303932 805.519104 -1.000000 -1.000000 0.015055
2 -2 0.407108 0.099805 806.095703 -1.000000 -1.000000 0.012976
-2 2 0.173460 0.279324 874.329590 -1.000000 -1.000000 0.010289
0 0 0.177187 0.237785 815.320984 -1.000000 -1.000000 0.015725
0 0 0.280710 0.190816 906.440308 -1.000000 -1.000000 0.013826
-2 2 0.300717 0.428475 1070.225952 -1.000000 -1.000000 0.014479
0 1 0.289218 0.316745 844.613892 -1.000000 -1.000000 0.014265
0 0 0.315836 0.250570 806.163025 -1.000000 -1.000000 0.008916
0 0 0.415030 0.176107 886.676086 -1.000000 -1.000000 0.017312
2 -2 0.287758 0.156266 832.234802 -1.000000 -1.000000 0.012195
-2 2 0.314912 0.196251 904.684204 -1.000000 -1.000000 0.019980
0 0 0.320151 0.341738 1052.796997 -1.000000 -1.000000 0.019853
0 2 0.187193 0.519656 922.672424 -1.000000 -1.000000 0.010462
1 -1 0.482594 0.118417 898.549622 -1.000000 -1.000000 0.018248
0 2 0.179524 0.795979 939.235229 -1.000000 -1.000000 0.009888
-1 1 0.236556 0.310971 1075.541016 -1.000000 -1.000000 0.010604
1 -1 0.191215 0.322103 883.809082 -1.000000 -1.000000 0.015917
-2 2 0.095113 0.584386 886.639893 -1.000000 -1.000000 0.023347
2 0 0.727357 0.115440 898.202881 -1.000000 -1.000000 0.009822
