-2 2 0.218948 0.287874 1004.125977 -1.000000 -1.000000 0.002025
-2 2 0.420464 0.212683 1086.052002 -1.000000 -1.000000 0.001759
0 0 0.289672 0.238194 1031.982056 -1.000000 -1.000000 0.001838
2 -2 0.457052 0.168371 1095.029053 -1.000000 -1.000000 0.002050
0 0 0.352530 0.275870 1056.661987 -1.000000 -1.000000 0.001572
2 -2 0.617641 0.202249 1013.848022 -1.000000 -1.000000 0.002128
-1 1 0.205928 0.645049 1323.805054 -1.000000 -1.000000 0.000896
-2 2 0.284053 0.271270 1049.024048 -1.000000 -1.000000 0.003198
-2 2 0.171030 0.456696 1115.354004 -1.000000 -1.000000 0.000174
-2 2 0.183740 0.443288 1116.541992 -1.000000 -1.000000 0.001394
1 -1 0.480734 0.316769 1227.907959 -1.000000 -1.000000 0.001920
2 -2 0.146752 0.537872 1122.979980 -1.000000 -1.000000 0.000949
-2 2 0.155742 0.508892 1006.328003 -1.000000 -1.000000 0.001460
-2 2 0.199586 0.366451 1025.998047 -1.000000 -1.000000 0.000781
-2 2 0.406021 0.173835 1050.642944 -1.000000 -1.000000 0.002199
1 -1 0.241751 0.268163 1015.507019 -1.000000 -1.000000 0.001466
-2 2 0.232696 0.391301 1026.850952 -1.000000 -1.000000 0.000910
1 -1 0.428096 0.206151 1164.978027 -1.000000 -1.000000 0.001460
2 -2 0.264899 0.291617 1111.587036 -1.000000 -1.000000 0.001832
-1 1 0.260779 0.444225 1357.125000 -1.000000 -1.000000 0.001646
2 -2 0.330465 0.322143 1140.491943 -1.000000 -1.000000 0.000431
-2 2 0.330897 0.235079 1020.028992 -1.000000 -1.000000 0.002041
2 -2 0.495959 0.150677 1064.713989 -1.000000 -1.000000 0.001517
0 0 0.096995 0.820346 1014.831970 -1.000000 -1.000000 0.000173
2 -2 0.387399 0.285324 1001.283997 -1.000000 -1.000000 0.002475
1 -1 0.523349 0.134866 1062.031006 -1.000000 -1.000000 0.001072
1 -1 0.529549 0.202691 1127.985962 -1.000000 -1.000000 0.002038
-1 1 0.213662 0.340632 1052.859009 -1.000000 -1.000000 0.001927
-2 2 0.305990 0.259681 1122.321045 -1.000000 -1.000000 0.001418
1 -1 0.440439 0.192043 1145.406006 -1.000000 -1.000000 0.002207
0 0 0.435253 0.230049 1145.865967 -1.000000 -1.000000 0.001558
-2 2 0.190477 0.430789 1121.864990 -1.000000 -1.000000 0.001678
-2 2 0.345125 0.185908 1013.161987 -1.000000 -1.000000 0.000779
-2 2 0.291011 0.280467 1070.793945 -1.000000 -1.000000 0.002888
-2 2 0.313990 0.451653 1228.801025 -1.000000 -1.000000 0.001429
-2 2 0.195536 0.373930 1042.086060 -1.000000 -1.000000 0.001481
2 -2 0.429050 0.204169 1133.586060 -1.000000 -1.000000 0.001600
1 -1 0.315849 0.257622 1046.482056 -1.000000 -1.000000 0.000897
2 -2 0.470871 0.190672 1185.994019 -1.000000 -1.000000 0.000101
-2 2 0.157840 0.618741 1228.128052 -1.000000 -1.000000 0.002563
-2 2 0.209134 0.384962 1119.233032 -1.000000 -1.000000 0.001584
2 -2 0.233679 0.380701 1186.482056 -1.000000 -1.000000 0.002362
-1 1 0.290490 0.387777 1134.562012 -1.000000 -1.000000 0.001454
-2 2 0.235562 0.282555 1013.046021 -1.000000 -1.000000 0.001126
-2 2 0.144212 0.580229 1049.760010 -1.000000 -1.000000 0.002643
2 -2 0.317888 0.333639 1121.031006 -1.000000 -1.000000 0.001467
-1 1 0.155605 0.464330 1069.213989 -1.000000 -1.000000 0.001552
2 -2 0.223917 0.342142 1048.545044 -1.000000 -1.000000 0.001432
-1 1 0.423237 0.152935 1000.174988 -1.000000 -1.000000 0.001597
2 -2 0.334092 0.276863 1074.376953 -1.000000 -1.000000 0.000073
2 -2 0.371849 0.303912 1060.760986 -1.000000 -1.000000 0.001491
2 -2 0.285967 0.280218 1111.287964 -1.000000 -1.000000 0.000580
2 -2 0.533821 0.140526 1055.042969 -1.000000 -1.000000 0.001409
2 0 0.341444 0.432671 1058.185059 -1.000000 -1.000000 0.003233
2 0 0.479946 0.251464 1004.638977 -1.000000 -1.000000 0.001501
-2 2 0.308315 0.229567 1032.780029 -1.000000 -1.000000 0.001732
0 0 0.153921 0.674018 1086.374023 -1.000000 -1.000000 0.001470
0 2 0.416762 0.219544 1197.822998 -1.000000 -1.000000 0.000749
-2 2 0.317427 0.209778 1009.190002 -1.000000 -1.000000 0.001485
0 0 0.290968 0.351106 1161.352051 -1.000000 -1.000000 0.000630
2 -2 0.359511 0.259814 1195.909058 -1.000000 -1.000000 0.001299
-1 1 0.257454 0.386590 1026.880981 -1.000000 -1.000000 0.000239
-2 2 0.206007 0.323509 1030.895996 -1.000000 -1.000000 0.001637
-2 2 0.422155 0.236372 1125.738037 -1.000000 -1.000000 0.001516
1 -1 0.212621 0.361968 1078.010986 -1.000000 -1.000000 0.001533
-1 0 0.333374 0.411873 1023.674988 -1.000000 -1.000000 0.002068
-1 1 0.186330 0.562261 1249.807983 -1.000000 -1.000000 0.001757
2 -2 0.526128 0.131704 1046.941040 -1.000000 -1.000000 0.001448
2 -2 0.593426 0.143255 1067.180054 -1.000000 -1.000000 0.000245
-2 2 0.484295 0.425608 1034.744019 -1.000000 -1.000000 0.002576
-2 2 0.199855 0.446492 1152.291016 -1.000000 -1.000000 0.000855
2 -2 0.156217 0.415317 1013.099976 -1.000000 -1.000000 0.001603
2 -2 0.297567 0.261296 1014.802979 -1.000000 -1.000000 0.001473
2 0 0.356806 0.369118 1111.060059 -1.000000 -1.000000 0.000156
1 -1 0.380726 0.245839 1175.514038 -1.000000 -1.000000 0.001221
3 0 0.435611 0.379497 1085.438965 -1.000000 -1.000000 0.002227
2 -2 0.227030 0.328514 1079.260986 -1.000000 -1.000000 0.001083
2 -2 0.362148 0.221594 1115.175049 -1.000000 -1.000000 0.001426
2 -2 0.359156 0.199954 1040.863037 -1.000000 -1.000000 0.001663
-2 2 0.140539 0.468489 1019.171021 -1.000000 -1.000000 0.001935
-2 2 0.513309 0.187118 1013.591980 -1.000000 -1.000000 0.001771
0 0 0.385406 0.228293 1063.489990 -1.000000 -1.000000 0.001516
2 -2 0.873337 0.081826 1032.269043 -1.000000 -1.000000 0.001739
2 -2 0.643052 0.278988 1257.051025 -1.000000 -1.000000 0.000734
-1 1 0.341336 0.216255 1021.513000 -1.000000 -1.000000 0.001436
0 0 0.292105 0.402190 1141.859009 -1.000000 -1.000000 0.001662
0 0 0.363136 0.208884 1014.583008 -1.000000 -1.000000 0.002284
-3 3 0.483841 0.130868 1001.466980 -1.000000 -1.000000 0.001417
1 -1 0.178943 0.380573 1023.098022 -1.000000 -1.000000 0.000971
0 0 0.543309 0.139090 1039.807983 -1.000000 -1.000000 0.001635
0 2 0.184009 0.528028 1068.654053 -1.000000 -1.000000 0.003225
-2 2 0.187154 0.626437 1345.827026 -1.000000 -1.000000 0.002217
2 -2 0.415920 0.158940 1023.056030 -1.000000 -1.000000 0.000065
2 -2 0.505965 0.131311 1018.500977 -1.000000 -1.000000 0.001697
1 0 0.472738 0.352566 1371.343018 -1.000000 -1.000000 0.001626
0 1 0.416632 0.285504 1121.817017 -1.000000 -1.000000 0.001791
2 -2 0.386911 0.281252 1209.136963 -1.000000 -1.000000 0.001608
0 0 0.341273 0.251229 1052.135986 -1.000000 -1.000000 0.001243
0 0 0.351588 0.262825 1174.162964 -1.000000 -1.000000 0.001643
-2 2 0.154213 0.531690 1026.421997 -1.000000 -1.000000 0.001675
2 -2 0.414714 0.441464 1255.732056 -1.000000 -1.000000 0.001217
-2 2 0.262513 0.474548 1285.593994 -1.000000 -1.000000 0.001662
1 -1 0.319438 0.250534 1131.102051 -1.000000 -1.000000 0.001578
-1 1 0.205092 0.482415 1092.029053 -1.000000 -1.000000 0.002166
0 0 0.206839 0.396449 1070.366943 -1.000000 -1.000000 0.001661
2 -2 0.466288 0.223794 1028.866943 -1.000000 -1.000000 0.000392
0 2 0.291834 0.343283 1021.741028 -1.000000 -1.000000 0.002499
-2 2 0.180913 0.448985 1119.477051 -1.000000 -1.000000 0.001222
2 -2 0.410821 0.187572 1060.203003 -1.000000 -1.000000 0.000106
2 -2 0.533592 0.226567 1226.010010 -1.000000 -1.000000 0.001920
-2 2 0.501866 0.192809 1027.536011 -1.000000 -1.000000 0.002095
2 0 0.811757 0.233642 1090.775024 -1.000000 -1.000000 0.000705
-2 2 0.168019 0.451250 1023.497009 -1.000000 -1.000000 0.001553
0 0 0.359455 0.196309 1035.376953 -1.000000 -1.000000 0.002113
1 -1 0.318341 0.273344 1114.855957 -1.000000 -1.000000 0.001342
2 -2 0.520385 0.134646 1001.307983 -1.000000 -1.000000 0.001366
-2 2 0.138892 0.629382 1117.056030 -1.000000 -1.000000 0.001519
-2 2 0.373191 0.410694 1232.258057 -1.000000 -1.000000 0.000938
-1 1 0.169111 0.451187 1085.819946 -1.000000 -1.000000 0.001607
-2 2 0.335666 0.285738 1035.094971 -1.000000 -1.000000 0.001406
-2 2 0.264391 0.284373 1095.896973 -1.000000 -1.000000 0.001550
-2 2 0.264303 0.311963 1129.598999 -1.000000 -1.000000 0.002104
2 -2 0.482417 0.226758 1253.925049 -1.000000 -1.000000 0.002050
0 0 0.422830 0.213263 1192.100952 -1.000000 -1.000000 0.001650
0 0 0.335928 0.227270 1100.120972 -1.000000 -1.000000 0.001685
1 -1 0.336928 0.259887 1183.071045 -1.000000 -1.000000 0.002483
-1 1 0.362621 0.348680 1006.750000 -1.000000 -1.000000 0.001658
2 -2 0.450993 0.193107 1044.046021 -1.000000 -1.000000 0.001717
-2 2 0.227601 0.353204 1035.125000 -1.000000 -1.000000 0.001502
-2 2 0.119139 0.537193 1009.239014 -1.000000 -1.000000 0.002490
0 0 0.322269 0.330065 1237.834961 -1.000000 -1.000000 0.002050
2 0 0.531267 0.500107 1054.193970 -1.000000 -1.000000 0.001311
0 0 0.330770 0.355659 1188.907959 -1.000000 -1.000000 0.002156
2 -2 0.291351 0.294689 1133.342041 -1.000000 -1.000000 0.001238
2 -2 0.319823 0.335019 1128.953003 -1.000000 -1.000000 0.001768
-2 2 0.160007 0.465168 1086.416992 -1.000000 -1.000000 0.001493
-1 1 0.271469 0.364607 1240.109985 -1.000000 -1.000000 0.001550
1 -1 0.456272 0.248349 1134.681030 -1.000000 -1.000000 0.002088
2 -2 0.523410 0.204886 1170.687988 -1.000000 -1.000000 0.000880
0 0 0.256012 0.334114 1041.702026 -1.000000 -1.000000 0.000402
1 -1 0.484048 0.174205 1129.566040 -1.000000 -1.000000 0.000199
2 -2 0.428558 0.232389 1074.435059 -1.000000 -1.000000 0.001991
-2 2 0.323003 0.264617 1073.451050 -1.000000 -1.000000 0.000076
1 0 0.341707 0.331366 1008.213989 -1.000000 -1.000000 0.001631
-2 2 0.237675 0.297931 1055.413940 -1.000000 -1.000000 0.002094
-2 2 0.097365 0.698376 1037.390015 -1.000000 -1.000000 0.000719
2 -2 0.530551 0.122188 1018.093994 -1.000000 -1.000000 0.000712
-2 2 0.149049 0.457976 1021.171021 -1.000000 -1.000000 0.002007
2 -2 0.281856 0.335518 1179.911011 -1.000000 -1.000000 0.001503
1 -1 0.308037 0.315091 1017.327026 -1.000000 -1.000000 0.001445
0 0 0.455165 0.149739 1044.130005 -1.000000 -1.000000 0.001520
2 -2 0.845711 0.264726 1285.001953 -1.000000 -1.000000 0.001814
1 -1 0.232958 0.365974 1165.663940 -1.000000 -1.000000 0.000177
0 1 0.407166 0.448449 1037.412964 -1.000000 -1.000000 0.000102
-2 2 0.210422 0.430945 1196.548950 -1.000000 -1.000000 0.001676
2 -2 0.222216 0.305287 1007.088013 -1.000000 -1.000000 0.001480
0 0 0.458670 0.183452 1155.392944 -1.000000 -1.000000 0.001354
-2 2 0.237879 0.291708 1052.864014 -1.000000 -1.000000 0.001891
1 -1 0.452311 0.249173 1199.838013 -1.000000 -1.000000 0.001890
-2 2 0.171418 0.748176 1113.323975 -1.000000 -1.000000 0.001500
-1 1 0.111321 0.643735 1042.996948 -1.000000 -1.000000 0.001764
2 -2 0.622671 0.107849 1032.206055 -1.000000 -1.000000 0.001429
1 -1 0.411029 0.205590 1123.837036 -1.000000 -1.000000 0.001256
-2 2 0.183151 0.592394 1295.584961 -1.000000 -1.000000 0.001566
2 -2 0.364379 0.279175 1141.482056 -1.000000 -1.000000 0.001455
-1 1 0.201657 0.484218 1237.071045 -1.000000 -1.000000 0.001141
2 0 0.749839 0.138084 1120.123047 -1.000000 -1.000000 0.002389
-2 2 0.213890 0.294761 1004.361023 -1.000000 -1.000000 0.001624
-2 2 0.287088 0.327077 1224.208008 -1.000000 -1.000000 0.000398
0 2 0.256377 0.378134 1005.398987 -1.000000 -1.000000 0.001443
2 -2 0.497686 0.159102 1111.980957 -1.000000 -1.000000 0.001057
-2 2 0.114853 0.790985 1202.693970 -1.000000 -1.000000 0.000571
2 -2 0.246560 0.353660 1054.913940 -1.000000 -1.000000 0.001664
-2 2 0.159350 0.399652 1007.966980 -1.000000 -1.000000 0.001687
-1 1 0.122809 0.604388 1089.727051 -1.000000 -1.000000 0.001653
0 0 0.254216 0.449088 1088.139038 -1.000000 -1.000000 0.001447
1 -1 0.449657 0.158777 1066.192993 -1.000000 -1.000000 0.001976
2 -2 0.206179 0.380548 1076.714966 -1.000000 -1.000000 0.001484
-2 2 0.348961 0.427740 1128.303955 -1.000000 -1.000000 0.001646
-2 2 0.457882 0.203906 1157.204956 -1.000000 -1.000000 0.001395
0 2 0.284013 0.490334 1227.620972 -1.000000 -1.000000 0.001899
-2 2 0.272644 0.330461 1176.515991 -1.000000 -1.000000 0.000609
1 -1 0.311640 0.212860 1027.402954 -1.000000 -1.000000 0.001701
-2 2 0.135085 0.502362 1026.133057 -1.000000 -1.000000 0.001603
2 0 0.560995 0.339251 1066.670044 -1.000000 -1.000000 0.001533
2 -2 0.200683 0.314327 1003.856018 -1.000000 -1.000000 0.001642
0 1 0.458847 0.289790 1003.234009 -1.000000 -1.000000 0.002117
1 -1 0.455918 0.238982 1135.095947 -1.000000 -1.000000 0.001734
-2 2 0.444084 0.151212 1018.784973 -1.000000 -1.000000 0.002440
-2 2 0.353415 0.332582 1028.277954 -1.000000 -1.000000 0.001629
-2 2 0.287038 0.303506 1082.137939 -1.000000 -1.000000 0.001052
-1 1 0.148502 0.495959 1073.019043 -1.000000 -1.000000 0.000085
2 -2 0.248642 0.274645 1026.347046 -1.000000 -1.000000 0.001375
-2 2 0.192429 0.330328 1006.465027 -1.000000 -1.000000 0.001703
2 2 0.576243 0.587796 1041.145020 -1.000000 -1.000000 0.001946
0 0 0.352343 0.183169 1000.338989 -1.000000 -1.000000 0.000717
1 -1 0.242213 0.270181 1005.364990 -1.000000 -1.000000 0.001840
