2 -2 0.526829 0.112518 972.524475 -1.000000 -1.000000 0.087807
1 -1 0.524727 0.084637 741.162903 -1.000000 -1.000000 0.081491
1 -1 0.352565 0.090411 701.796509 -1.000000 -1.000000 0.024774
-2 2 0.257364 0.269358 954.256226 -1.000000 -1.000000 0.066264
0 0 0.254985 0.270741 876.431213 -1.000000 -1.000000 0.101618
1 -1 0.229285 0.228785 815.596985 -1.000000 -1.000000 0.054751
0 1 0.379384 0.228828 1007.682983 -1.000000 -1.000000 0.045691
0 2 0.408779 0.126642 771.233887 -1.000000 -1.000000 0.093602
0 0 0.259835 0.148434 785.524170 -1.000000 -1.000000 0.073139
2 0 0.390125 0.185347 733.233521 -1.000000 -1.000000 0.064502
0 0 0.180988 0.280656 739.575989 -1.000000 -1.000000 0.037286
-2 2 0.080932 0.455015 760.918884 -1.000000 -1.000000 0.072930
0 0 0.226242 0.306300 753.858521 -1.000000 -1.000000 0.075060
2 0 0.611494 0.270328 1158.380005 -1.000000 -1.000000 0.009692
-2 2 0.233047 0.185343 725.724182 -1.000000 -1.000000 0.050921
2 0 0.207151 0.234993 792.799683 -1.000000 -1.000000 0.090835
-1 1 0.093826 0.406970 777.311890 -1.000000 -1.000000 0.045675
1 0 0.260545 0.155413 747.799683 -1.000000 -1.000000 0.027746
0 2 0.257683 0.319628 792.698486 -1.000000 -1.000000 0.049735
1 -1 0.172269 0.205741 708.141479 -1.000000 -1.000000 0.103599
0 0 0.486374 0.222044 775.232971 -1.000000 -1.000000 0.083784
2 -2 0.513122 0.071670 764.282410 -1.000000 -1.000000 0.065113
0 0 0.116386 0.479253 943.695923 -1.000000 -1.000000 0.084198
-1 1 0.135412 0.363016 713.318604 -1.000000 -1.000000 0.102300
2 -2 0.578374 0.074324 770.166809 -1.000000 -1.000000 0.009606
0 0 0.071779 0.566394 719.358887 -1.000000 -1.000000 0.031753
-2 2 0.462547 0.101633 772.484497 -1.000000 -1.000000 0.087869
2 -2 0.134177 0.322363 758.677490 -1.000000 -1.000000 0.110161
2 -2 0.441750 0.072648 716.464905 -1.000000 -1.000000 0.044928
-2 2 0.086509 0.400823 740.360291 -1.000000 -1.000000 0.109639
0 0 0.321675 0.307297 1172.047974 -1.000000 -1.000000 0.087849
-1 1 0.179996 0.364541 1002.827026 -1.000000 -1.000000 0.064233
2 -2 0.174769 0.402120 900.962097 -1.000000 -1.000000 0.054329
0 2 0.325995 0.497743 949.282410 -1.000000 -1.000000 0.073780
2 -2 0.179227 0.263352 858.815491 -1.000000 -1.000000 0.084467
2 -2 0.665418 0.048765 717.809509 -1.000000 -1.000000 0.061295
0 0 0.349240 0.292834 1122.645020 -1.000000 -1.000000 0.067798
-2 2 0.121994 0.318458 787.335999 -1.000000 -1.000000 0.062954
-2 2 0.278299 0.441028 1054.489990 -1.000000 -1.000000 0.018795
-2 2 0.123915 0.274674 719.543396 -1.000000 -1.000000 0.084556
2 -2 0.316007 0.124405 788.246521 -1.000000 -1.000000 0.057364
0 0 0.157924 0.297509 717.178101 -1.000000 -1.000000 0.019033
0 2 0.438096 0.424882 849.398682 -1.000000 -1.000000 0.002835
2 2 0.238380 0.279063 713.092102 -1.000000 -1.000000 0.096523
2 -2 0.383231 0.105628 762.560730 -1.000000 -1.000000 0.002602
-3 3 0.307505 0.160443 837.289917 -1.000000 -1.000000 0.095844
-2 2 0.328857 0.141529 836.065918 -1.000000 -1.000000 0.071003
2 0 0.653089 0.190558 775.578003 -1.000000 -1.000000 0.031759
1 -1 0.204148 0.163103 706.161804 -1.000000 -1.000000 0.003436
0 2 0.242108 0.427986 822.146606 -1.000000 -1.000000 0.088631
2 0 0.276153 0.361190 931.595520 -1.000000 -1.000000 0.084686
-1 1 0.096833 0.387040 719.377686 -1.000000 -1.000000 0.071126
-2 2 0.207580 0.337528 976.773987 -1.000000 -1.000000 0.069008
-2 2 0.167755 0.250762 740.312073 -1.000000 -1.000000 0.037389
0 0 0.397351 0.099219 793.312073 -1.000000 -1.000000 0.075107
-2 2 0.074217 0.518193 768.416077 -1.000000 -1.000000 0.031889
-2 2 0.102205 0.661430 835.663391 -1.000000 -1.000000 0.089388
0 0 0.243092 0.145018 704.794922 -1.000000 -1.000000 0.031983
-2 2 0.097536 0.421962 752.784424 -1.000000 -1.000000 0.080351
2 -2 0.461334 0.073931 706.068420 -1.000000 -1.000000 0.092968
-1 1 0.283718 0.236653 888.187317 -1.000000 -1.000000 0.104675
-2 2 0.144066 0.294418 821.818298 -1.000000 -1.000000 0.053864
-2 2 0.123708 0.281875 711.916321 -1.000000 -1.000000 0.065255
0 0 0.149683 0.240012 755.118896 -1.000000 -1.000000 0.013944
2 0 0.481935 0.143871 897.485291 -1.000000 -1.000000 0.107785
0 0 0.309911 0.229568 969.654114 -1.000000 -1.000000 0.070642
2 -2 0.302982 0.108369 724.511292 -1.000000 -1.000000 0.085691
1 -1 0.229104 0.199519 774.541626 -1.000000 -1.000000 0.024638
-1 1 0.111569 0.296606 706.059692 -1.000000 -1.000000 0.058689
0 0 0.212828 0.277584 761.487976 -1.000000 -1.000000 0.082273
0 2 0.184366 0.765085 853.616516 -1.000000 -1.000000 0.061919
2 0 0.271825 0.234063 739.902405 -1.000000 -1.000000 0.103920
1 -1 0.222090 0.264490 957.486511 -1.000000 -1.000000 0.063080
-2 2 0.123787 0.503201 854.185181 -1.000000 -1.000000 0.077936
-2 2 0.255630 0.188579 717.289429 -1.000000 -1.000000 0.091364
0 0 0.224351 0.257750 839.127808 -1.000000 -1.000000 0.070692
0 0 0.262175 0.252614 893.774902 -1.000000 -1.000000 0.024985
-2 2 0.109771 0.414073 793.087280 -1.000000 -1.000000 0.068042
1 -1 0.487566 0.095028 856.550415 -1.000000 -1.000000 0.081090
2 0 0.233978 0.217488 805.662170 -1.000000 -1.000000 0.063117
3 -3 0.440813 0.094657 729.793091 -1.000000 -1.000000 0.007162
-1 1 0.199939 0.323280 759.928894 -1.000000 -1.000000 0.070207
0 0 0.110851 0.465708 745.753174 -1.000000 -1.000000 0.057630
0 0 0.120072 0.302281 720.689270 -1.000000 -1.000000 0.134070
-2 2 0.123328 0.320966 723.386780 -1.000000 -1.000000 0.094421
2 -2 0.396741 0.078893 707.308228 -1.000000 -1.000000 0.068282
1 -1 0.148292 0.245499 728.319275 -1.000000 -1.000000 0.084761
1 -1 0.346404 0.140228 723.825317 -1.000000 -1.000000 0.072269
2 0 0.307662 0.144136 744.370117 -1.000000 -1.000000 0.081910
2 0 0.344780 0.564727 792.238708 -1.000000 -1.000000 0.002574
-1 1 0.263924 0.192234 737.281616 -1.000000 -1.000000 0.041872
-1 1 0.271001 0.163682 842.450317 -1.000000 -1.000000 0.042939
-2 2 0.051699 0.826017 746.458313 -1.000000 -1.000000 0.064637
0 0 0.222750 0.147175 702.173828 -1.000000 -1.000000 0.065740
-2 2 0.094940 0.436303 740.534729 -1.000000 -1.000000 0.002801
0 0 0.216653 0.162062 724.239929 -1.000000 -1.000000 0.125402
0 1 0.183044 0.299711 713.504028 -1.000000 -1.000000 0.063228
-2 2 0.183981 0.317689 703.145691 -1.000000 -1.000000 0.078500
0 2 0.097281 0.483130 728.915527 -1.000000 -1.000000 0.036865
1 -1 0.289797 0.118432 725.573975 -1.000000 -1.000000 0.063512
1 -1 0.352394 0.096042 735.230408 -1.000000 -1.000000 0.093225
0 0 0.124269 0.349347 748.502991 -1.000000 -1.000000 0.093010
-2 2 0.152511 0.429998 873.776794 -1.000000 -1.000000 0.057831
2 -2 0.191494 0.388271 729.668274 -1.000000 -1.000000 0.090626
-2 2 0.171739 0.416695 745.122070 -1.000000 -1.000000 0.063959
2 -2 0.606316 0.091478 941.963379 -1.000000 -1.000000 0.086032
0 2 0.472548 0.138453 791.936890 -1.000000 -1.000000 0.039077
-2 2 0.148319 0.336540 844.131775 -1.000000 -1.000000 0.076885
2 -2 0.103848 0.416337 810.200684 -1.000000 -1.000000 0.069512
0 0 0.222976 0.166162 708.520508 -1.000000 -1.000000 0.057635
2 -2 0.363974 0.113616 728.558777 -1.000000 -1.000000 0.066028
-2 2 0.192399 0.235570 763.559570 -1.000000 -1.000000 0.056427
-1 1 0.202206 0.222448 829.908203 -1.000000 -1.000000 0.069231
-1 1 0.261643 0.239847 997.710876 -1.000000 -1.000000 0.056706
2 -2 0.426050 0.224615 1232.121948 -1.000000 -1.000000 0.044348
1 -1 0.231735 0.149629 726.777710 -1.000000 -1.000000 0.007191
2 0 0.776711 0.284653 938.125000 -1.000000 -1.000000 0.093528
-2 2 0.147525 0.259286 750.869385 -1.000000 -1.000000 0.066909
-1 1 0.095770 0.395002 742.364807 -1.000000 -1.000000 0.112388
-2 2 0.069274 0.646483 842.041321 -1.000000 -1.000000 0.010477
0 2 0.376826 0.625205 827.893005 -1.000000 -1.000000 0.039248
2 -2 0.269662 0.207269 870.383972 -1.000000 -1.000000 0.043246
1 -2 0.237118 0.282953 700.079224 -1.000000 -1.000000 0.060486
0 0 0.306249 0.187117 846.843079 -1.000000 -1.000000 0.091022
-2 2 0.060382 0.588359 747.368530 -1.000000 -1.000000 0.094568
2 -2 0.288872 0.191295 937.979004 -1.000000 -1.000000 0.063852
-1 1 0.112488 0.393545 730.513611 -1.000000 -1.000000 0.071539
0 0 0.217939 0.263438 856.639221 -1.000000 -1.000000 0.069242
2 -2 0.144901 0.319518 852.186829 -1.000000 -1.000000 0.090325
0 2 0.246724 0.581981 781.835083 -1.000000 -1.000000 0.099428
1 -1 0.201269 0.172731 703.638611 -1.000000 -1.000000 0.033652
2 -2 0.271614 0.148096 733.527588 -1.000000 -1.000000 0.080522
-2 2 0.229488 0.277282 753.277405 -1.000000 -1.000000 0.057227
2 -2 0.157152 0.435784 1024.353027 -1.000000 -1.000000 0.062768
-2 2 0.234421 0.227632 714.764404 -1.000000 -1.000000 0.083403
0 0 0.254658 0.210149 709.427612 -1.000000 -1.000000 0.137008
2 0 0.309059 0.236014 807.824402 -1.000000 -1.000000 0.071217
-1 1 0.202277 0.210569 753.510315 -1.000000 -1.000000 0.005239
-1 1 0.175638 0.300857 809.979675 -1.000000 -1.000000 0.002814
-2 2 0.207283 0.274745 878.629883 -1.000000 -1.000000 0.051663
-2 2 0.176536 0.294793 743.456787 -1.000000 -1.000000 0.013528
2 -2 0.409924 0.077902 707.678406 -1.000000 -1.000000 0.044120
2 0 0.510821 0.238224 838.831909 -1.000000 -1.000000 0.092804
-2 2 0.226779 0.239921 765.032898 -1.000000 -1.000000 0.099319
-2 2 0.157866 0.287904 850.096130 -1.000000 -1.000000 0.051831
1 0 0.508345 0.176377 804.277405 -1.000000 -1.000000 0.085092
0 0 0.144658 0.483469 710.991211 -1.000000 -1.000000 0.104926
-2 2 0.189706 0.321463 700.543884 -1.000000 -1.000000 0.066454
1 0 0.323810 0.201637 854.314209 -1.000000 -1.000000 0.090553
-2 2 0.149508 0.370898 931.696594 -1.000000 -1.000000 0.049897
0 2 0.238114 0.328444 874.626587 -1.000000 -1.000000 0.069189
2 -2 0.259342 0.256498 766.384705 -1.000000 -1.000000 0.064407
2 -2 0.217824 0.172819 775.400574 -1.000000 -1.000000 0.070334
-1 1 0.111992 0.274357 701.017029 -1.000000 -1.000000 0.037261
1 -1 0.315366 0.130829 797.413879 -1.000000 -1.000000 0.064781
1 -1 0.365443 0.209097 755.108521 -1.000000 -1.000000 0.038985
1 0 0.502449 0.401791 909.419373 -1.000000 -1.000000 0.080114
-2 2 0.182961 0.307999 789.306274 -1.000000 -1.000000 0.007161
1 -1 0.375346 0.135138 900.388611 -1.000000 -1.000000 0.068072
2 0 0.444072 0.277552 784.262085 -1.000000 -1.000000 0.059237
2 -2 0.490484 0.086340 752.307190 -1.000000 -1.000000 0.089889
-2 2 0.101179 0.452665 737.625793 -1.000000 -1.000000 0.093400
1 -1 0.244469 0.219440 857.834778 -1.000000 -1.000000 0.076829
2 0 0.427194 0.122005 813.725891 -1.000000 -1.000000 0.030417
0 0 0.315558 0.177075 782.843689 -1.000000 -1.000000 0.054697
2 -2 0.328580 0.152321 872.002014 -1.000000 -1.000000 0.068032
-1 1 0.093553 0.408888 777.320007 -1.000000 -1.000000 0.066944
-1 1 0.129162 0.357007 725.452393 -1.000000 -1.000000 0.062898
-1 1 0.317971 0.244992 995.054688 -1.000000 -1.000000 0.065145
2 -2 0.399450 0.179568 875.635376 -1.000000 -1.000000 0.071794
2 -2 0.391188 0.147824 923.279785 -1.000000 -1.000000 0.024915
2 -2 0.269015 0.122928 727.239197 -1.000000 -1.000000 0.087787
0 0 0.257617 0.177882 789.027893 -1.000000 -1.000000 0.003117
2 -2 0.462175 0.099131 852.153198 -1.000000 -1.000000 0.025039
0 0 0.238372 0.197222 865.012207 -1.000000 -1.000000 0.072691
1 0 0.376963 0.298773 769.516724 -1.000000 -1.000000 0.005091
2 -2 0.628807 0.060725 708.960693 -1.000000 -1.000000 0.088136
0 0 0.140902 0.437862 939.001709 -1.000000 -1.000000 0.091893
0 2 0.343715 0.271978 723.756592 -1.000000 -1.000000 0.069240
1 -1 0.318699 0.125142 720.413086 -1.000000 -1.000000 0.003101
0 -4 0.177852 0.525721 845.804016 -1.000000 -1.000000 0.096128
2 -2 0.374955 0.158151 957.299622 -1.000000 -1.000000 0.072560
-2 2 0.172587 0.371869 845.448792 -1.000000 -1.000000 0.057699
0 0 0.166174 0.205476 730.475098 -1.000000 -1.000000 0.070855
1 -1 0.134352 0.270649 749.392090 -1.000000 -1.000000 0.029368
1 -1 0.172968 0.193433 727.286987 -1.000000 -1.000000 0.050839
1 -1 0.180187 0.281312 810.490417 -1.000000 -1.000000 0.062865
2 -2 0.134249 0.357852 821.944885 -1.000000 -1.000000 0.071369
0 2 0.137784 0.462761 736.569092 -1.000000 -1.000000 0.073647
-2 2 0.330245 0.273838 1094.026978 -1.000000 -1.000000 0.054813
-1 1 0.113851 0.322687 716.077881 -1.000000 -1.000000 0.091881
2 -2 0.234271 0.185305 723.477600 -1.000000 -1.000000 0.032175
-2 2 0.117744 0.285912 729.579529 -1.000000 -1.000000 0.067043
-1 1 0.092278 0.490435 821.221497 -1.000000 -1.000000 0.060969
0 2 0.226144 0.431006 783.511230 -1.000000 -1.000000 0.085193
2 -2 0.220069 0.165407 747.105408 -1.000000 -1.000000 0.131947
-2 2 0.059255 0.718953 709.322815 -1.000000 -1.000000 0.083282
-1 1 0.054532 0.575870 700.847717 -1.000000 -1.000000 0.064513
-2 2 0.110649 0.307049 735.538513 -1.000000 -1.000000 0.031297
0 0 0.454942 0.076622 707.612305 -1.000000 -1.000000 0.085308
-2 2 0.099488 0.418817 729.867981 -1.000000 -1.000000 0.013402
2 -2 0.220080 0.220732 857.736206 -1.000000 -1.000000 0.063137
0 0 0.212714 0.211210 847.841492 -1.000000 -1.000000 0.070805
2 -2 0.229194 0.209711 726.555481 -1.000000 -1.000000 0.038118
2 -2 0.228778 0.167951 717.541687 -1.000000 -1.000000 0.007189
2 -2 0.467111 0.131263 894.739075 -1.000000 -1.000000 0.087187
-2 2 0.229232 0.137949 711.280701 -1.000000 -1.000000 0.073810
-1 1 0.204625 0.305133 754.161194 -1.000000 -1.000000 0.071297
-2 2 0.279501 0.186527 861.114380 -1.000000 -1.000000 0.058592
2 -2 0.277955 0.185930 760.032715 -1.000000 -1.000000 0.108735
-1 1 0.106991 0.389330 776.746704 -1.000000 -1.000000 0.063071
0 0 0.416935 0.195949 761.409912 -1.000000 -1.000000 0.029896
-1 1 0.104343 0.389663 780.520081 -1.000000 -1.000000 0.083756
0 0 0.416788 0.309991 1328.463989 -1.000000 -1.000000 0.067751
2 -2 0.329239 0.111510 761.720520 -1.000000 -1.000000 0.073264
1 -1 0.107035 0.333624 723.149170 -1.000000 -1.000000 0.071012
2 2 0.546747 0.306307 761.456970 -1.000000 -1.000000 0.068896
-2 2 0.342525 0.142000 741.628174 -1.000000 -1.000000 0.083113
2 -2 0.163490 0.298510 808.184509 -1.000000 -1.000000 0.012980
0 2 0.214417 0.683853 727.405029 -1.000000 -1.000000 0.031399
-2 2 0.233313 0.146986 710.155701 -1.000000 -1.000000 0.063743
2 -2 0.343830 0.147875 834.328491 -1.000000 -1.000000 0.065279
2 1 0.394207 0.277025 863.647400 -1.000000 -1.000000 0.036553
2 -2 0.450703 0.272986 806.249329 -1.000000 -1.000000 0.069928
-2 2 0.176550 0.195879 735.895813 -1.000000 -1.000000 0.077274
-1 1 0.101794 0.573069 812.941528 -1.000000 -1.000000 0.026365
0 0 0.299126 0.431219 903.195984 -1.000000 -1.000000 0.081707
0 0 0.155774 0.220878 738.513306 -1.000000 -1.000000 0.062077
-2 2 0.155727 0.236595 767.600891 -1.000000 -1.000000 0.025270
1 -1 0.206324 0.155382 704.703125 -1.000000 -1.000000 0.062407
0 2 0.275073 0.337356 734.795898 -1.000000 -1.000000 0.088597
0 0 0.197896 0.322123 981.771484 -1.000000 -1.000000 0.068535
