2 -2 0.692791 0.170004 1370.244995 -1.000000 -1.000000 0.000119
2 -2 0.411599 0.270688 1311.998047 -1.000000 -1.000000 0.000061
2 -2 0.602571 0.181573 1309.520020 -1.000000 -1.000000 0.000031
-2 2 0.254894 0.661112 1319.123047 -1.000000 -1.000000 0.000114
-1 1 0.430236 0.280101 1331.308960 -1.000000 -1.000000 0.000115
0 1 0.456530 0.484701 1398.359985 -1.000000 -1.000000 0.000081
1 -1 0.669772 0.250620 1333.197998 -1.000000 -1.000000 0.000072
0 0 0.441961 0.365787 1316.823975 -1.000000 -1.000000 0.000074
-1 1 0.182353 0.722850 1359.879028 -1.000000 -1.000000 0.000102
-2 2 0.290296 0.376296 1317.052979 -1.000000 -1.000000 0.000010
-2 2 0.356839 0.315680 1342.067017 -1.000000 -1.000000 0.000055
2 -2 0.487959 0.278210 1341.053955 -1.000000 -1.000000 0.000088
2 -2 0.488896 0.257103 1300.854004 -1.000000 -1.000000 0.000119
1 -1 0.547004 0.260868 1306.196045 -1.000000 -1.000000 0.000103
2 -2 0.404273 0.403756 1325.399048 -1.000000 -1.000000 0.000112
2 -2 0.319647 0.371097 1353.988037 -1.000000 -1.000000 0.000044
1 -1 0.529057 0.319840 1488.572998 -1.000000 -1.000000 0.000095
2 -2 0.644898 0.232372 1440.723022 -1.000000 -1.000000 0.000007
-2 2 0.253508 0.720598 1543.532959 -1.000000 -1.000000 0.000000
2 -2 0.373299 0.387237 1477.093994 -1.000000 -1.000000 0.000082
-2 2 0.286332 0.635063 1409.687012 -1.000000 -1.000000 0.000130
0 0 0.421872 0.365125 1568.616943 -1.000000 -1.000000 0.000013
-2 2 0.361101 0.376628 1474.168945 -1.000000 -1.000000 0.000024
2 0 0.415238 0.550452 1556.218994 -1.000000 -1.000000 0.000140
-2 2 0.409087 0.359065 1321.314941 -1.000000 -1.000000 0.000125
-2 2 0.332200 0.671790 1648.560059 -1.000000 -1.000000 0.000000
2 -2 0.240248 0.479365 1354.970947 -1.000000 -1.000000 0.000082
2 -2 0.267983 0.586723 1563.762939 -1.000000 -1.000000 0.000078
-2 2 0.229004 0.538666 1342.802002 -1.000000 -1.000000 0.000091
-2 2 0.237379 0.581584 1389.530029 -1.000000 -1.000000 0.000090
1 -1 0.409502 0.302332 1406.719971 -1.000000 -1.000000 0.000012
2 -2 0.594586 0.189545 1318.287964 -1.000000 -1.000000 0.000013
-2 2 0.239013 0.462494 1314.490967 -1.000000 -1.000000 0.000113
0 2 0.239770 0.566228 1353.385986 -1.000000 -1.000000 0.000116
2 -2 0.176748 0.634809 1338.343994 -1.000000 -1.000000 0.000132
2 -2 0.400507 0.299612 1313.854004 -1.000000 -1.000000 0.000056
0 1 0.362875 0.476711 1527.853027 -1.000000 -1.000000 0.000134
2 -2 0.699260 0.188361 1389.191040 -1.000000 -1.000000 0.000080
1 -1 0.341372 0.320843 1311.973022 -1.000000 -1.000000 0.000072
-2 2 0.356553 0.338155 1325.318970 -1.000000 -1.000000 0.000090
-2 2 0.302707 0.495366 1331.602051 -1.000000 -1.000000 0.000087
-2 2 0.308366 0.359309 1313.792969 -1.000000 -1.000000 0.000087
-1 1 0.415929 0.397354 1612.457031 -1.000000 -1.000000 0.000096
2 -2 0.504979 0.264007 1459.803955 -1.000000 -1.000000 0.000083
-2 2 0.299694 0.357034 1301.405029 -1.000000 -1.000000 0.000119
2 -2 0.552951 0.348799 1316.755981 -1.000000 -1.000000 0.000096
-1 1 0.260586 0.569255 1326.042969 -1.000000 -1.000000 0.000089
-2 2 0.325020 0.458687 1485.214966 -1.000000 -1.000000 0.000117
-2 2 0.408692 0.427957 1504.055054 -1.000000 -1.000000 0.000057
2 -2 0.396003 0.425853 1484.905029 -1.000000 -1.000000 0.000104
2 0 0.476956 0.375253 1365.562988 -1.000000 -1.000000 0.000132
-2 2 0.216113 0.718791 1458.942993 -1.000000 -1.000000 0.000022
0 0 0.355772 0.337560 1368.608032 -1.000000 -1.000000 0.000112
-2 2 0.267242 0.439730 1370.838989 -1.000000 -1.000000 0.000089
1 -1 0.452834 0.343826 1485.350952 -1.000000 -1.000000 0.000071
2 -2 0.495309 0.253585 1306.015015 -1.000000 -1.000000 0.000113
-2 2 0.344419 0.479058 1596.694946 -1.000000 -1.000000 0.000075
0 2 0.313126 0.724340 1434.666992 -1.000000 -1.000000 0.000103
2 -2 0.511901 0.232856 1348.229980 -1.000000 -1.000000 0.000055
-2 2 0.185974 0.583399 1316.994019 -1.000000 -1.000000 0.000067
-1 1 0.208445 0.568182 1365.097046 -1.000000 -1.000000 0.000092
-1 1 0.303822 0.396897 1355.157959 -1.000000 -1.000000 0.000090
-2 2 0.203131 0.643887 1368.505005 -1.000000 -1.000000 0.000086
0 2 0.245204 0.844254 1301.891968 -1.000000 -1.000000 0.000078
2 -2 0.275924 0.417123 1318.546021 -1.000000 -1.000000 0.000088
-2 2 0.325741 0.636439 1808.437988 -1.000000 -1.000000 0.000000
2 2 0.514855 0.674057 1632.777954 -1.000000 -1.000000 0.000082
2 -2 0.420301 0.320512 1340.307983 -1.000000 -1.000000 0.000112
-2 2 0.227060 0.477611 1301.579956 -1.000000 -1.000000 0.000082
-2 2 0.414615 0.534119 1317.193970 -1.000000 -1.000000 0.000116
0 1 0.259104 0.664074 1460.552979 -1.000000 -1.000000 0.000026
2 -2 0.426768 0.296973 1423.541016 -1.000000 -1.000000 0.000074
2 -2 0.440711 0.298520 1438.262939 -1.000000 -1.000000 0.000100
2 -2 0.553540 0.198478 1315.798950 -1.000000 -1.000000 0.000055
-1 1 0.373481 0.350507 1338.145020 -1.000000 -1.000000 0.000087
2 -2 0.289231 0.396545 1316.390991 -1.000000 -1.000000 0.000087
2 -2 0.244701 0.447795 1320.646973 -1.000000 -1.000000 0.000085
-2 2 0.200728 0.566376 1334.155029 -1.000000 -1.000000 0.000072
-2 2 0.224913 0.586330 1450.212036 -1.000000 -1.000000 0.000089
2 -2 0.419764 0.453387 1742.839966 -1.000000 -1.000000 0.000047
2 -2 0.536555 0.202614 1311.030029 -1.000000 -1.000000 0.000057
2 -2 0.450577 0.485840 1562.391968 -1.000000 -1.000000 0.000082
-2 2 0.248033 0.510995 1403.951050 -1.000000 -1.000000 0.000077
2 -2 0.407807 0.516977 1788.906982 -1.000000 -1.000000 0.000084
-1 1 0.400237 0.279903 1315.805054 -1.000000 -1.000000 0.000038
-2 2 0.431605 0.578889 1595.637939 -1.000000 -1.000000 0.000000
-2 2 0.428609 0.349937 1510.098999 -1.000000 -1.000000 0.000118
1 -1 0.301558 0.475632 1483.604980 -1.000000 -1.000000 0.000048
2 -2 0.489349 0.254357 1407.071045 -1.000000 -1.000000 0.000087
-1 1 0.364416 0.318842 1351.358032 -1.000000 -1.000000 0.000078
2 -2 0.669062 0.206212 1484.659058 -1.000000 -1.000000 0.000081
-2 2 0.251807 0.708703 1345.119019 -1.000000 -1.000000 0.000118
2 -2 0.463599 0.294559 1402.180054 -1.000000 -1.000000 0.000103
-2 2 0.537469 0.362124 1558.405029 -1.000000 -1.000000 0.000163
2 -2 0.322698 0.364005 1366.340942 -1.000000 -1.000000 0.000047
2 -2 0.520042 0.246523 1429.339966 -1.000000 -1.000000 0.000099
2 -2 0.641465 0.210272 1412.909058 -1.000000 -1.000000 0.000079
-1 1 0.381235 0.408443 1576.479980 -1.000000 -1.000000 0.000118
0 0 0.474748 0.398121 1697.859009 -1.000000 -1.000000 0.000087
-2 2 0.268157 0.557931 1421.156006 -1.000000 -1.000000 0.000072
2 -2 0.324949 0.375892 1396.609009 -1.000000 -1.000000 0.000089
2 0 0.638373 0.265789 1311.461060 -1.000000 -1.000000 0.000116
-1 1 0.437517 0.306727 1365.271973 -1.000000 -1.000000 0.000067
-2 2 0.277494 0.390573 1310.046997 -1.000000 -1.000000 0.000099
2 -2 0.343264 0.466444 1372.024048 -1.000000 -1.000000 0.000131
2 -2 0.285222 0.473592 1469.798950 -1.000000 -1.000000 0.000090
-2 2 0.317276 0.466997 1420.696045 -1.000000 -1.000000 0.000090
1 -1 0.559082 0.223575 1413.878052 -1.000000 -1.000000 0.000015
2 -2 0.572839 0.203183 1317.847046 -1.000000 -1.000000 0.000024
2 -2 0.392758 0.358743 1435.535034 -1.000000 -1.000000 0.000075
1 -1 0.581481 0.192833 1336.933960 -1.000000 -1.000000 0.000062
1 -1 0.292782 0.370542 1314.732056 -1.000000 -1.000000 0.000032
-2 2 0.172554 0.620383 1301.114990 -1.000000 -1.000000 0.000079
2 -2 0.613793 0.179905 1325.162964 -1.000000 -1.000000 0.000079
-2 2 0.577287 0.420328 1664.371948 -1.000000 -1.000000 0.000000
-2 2 0.415873 0.306657 1369.714966 -1.000000 -1.000000 0.000073
-2 2 0.415420 0.311597 1427.176025 -1.000000 -1.000000 0.000011
0 0 0.589017 0.308340 1367.891968 -1.000000 -1.000000 0.000078
2 -2 0.461848 0.258651 1308.151978 -1.000000 -1.000000 0.000091
-1 1 0.522859 0.388031 1674.301025 -1.000000 -1.000000 0.000093
2 -2 0.581909 0.315311 1648.493042 -1.000000 -1.000000 0.000093
-2 2 0.507723 0.254933 1406.688965 -1.000000 -1.000000 0.000064
1 -1 0.382380 0.319678 1394.946045 -1.000000 -1.000000 0.000110
-2 2 0.423278 0.300663 1404.743042 -1.000000 -1.000000 0.000051
-2 2 0.161165 0.704399 1310.317017 -1.000000 -1.000000 0.000039
-2 2 0.350985 0.333689 1368.762939 -1.000000 -1.000000 0.000074
-1 1 0.346344 0.395140 1385.418945 -1.000000 -1.000000 0.000081
0 0 0.276416 0.493035 1404.985962 -1.000000 -1.000000 0.000079
-1 1 0.470739 0.269194 1423.192993 -1.000000 -1.000000 0.000081
1 -1 0.509942 0.274665 1353.262939 -1.000000 -1.000000 0.000133
0 0 0.301039 0.429102 1420.458008 -1.000000 -1.000000 0.000089
2 -2 0.562637 0.249360 1347.209961 -1.000000 -1.000000 0.000116
2 -2 0.483659 0.320272 1313.739990 -1.000000 -1.000000 0.000130
-2 2 0.418125 0.432214 1398.249023 -1.000000 -1.000000 0.000081
2 -2 0.425952 0.258680 1310.313965 -1.000000 -1.000000 0.000080
-2 2 0.187618 0.681655 1303.781006 -1.000000 -1.000000 0.000089
2 -2 0.499681 0.361553 1352.770020 -1.000000 -1.000000 0.000050
2 0 0.537051 0.311766 1316.866943 -1.000000 -1.000000 0.000122
-1 1 0.487605 0.345360 1589.524048 -1.000000 -1.000000 0.000100
0 2 0.384082 0.460784 1578.083984 -1.000000 -1.000000 0.000085
-2 2 0.274597 0.401078 1319.493042 -1.000000 -1.000000 0.000056
-1 1 0.252950 0.448240 1345.430054 -1.000000 -1.000000 0.000065
2 -2 0.686450 0.166534 1352.244019 -1.000000 -1.000000 0.000055
2 -2 0.375426 0.408285 1370.668945 -1.000000 -1.000000 0.000087
2 0 0.360686 0.507841 1548.895020 -1.000000 -1.000000 0.000066
0 2 0.254720 0.551517 1329.199951 -1.000000 -1.000000 0.000035
2 -2 0.413017 0.271714 1323.186035 -1.000000 -1.000000 0.000088
2 -2 0.589433 0.196378 1345.248047 -1.000000 -1.000000 0.000131
1 -1 0.439849 0.422956 1702.718994 -1.000000 -1.000000 0.000088
-2 2 0.374491 0.299730 1340.125977 -1.000000 -1.000000 0.000066
2 -2 0.275633 0.390128 1302.985962 -1.000000 -1.000000 0.000079
-2 2 0.382887 0.372126 1339.943970 -1.000000 -1.000000 0.000009
-2 2 0.479316 0.290560 1415.055054 -1.000000 -1.000000 0.000091
-2 2 0.432364 0.550075 1746.635986 -1.000000 -1.000000 0.000004
-2 2 0.290949 0.427635 1330.868042 -1.000000 -1.000000 0.000072
1 -1 0.365275 0.314958 1353.352051 -1.000000 -1.000000 0.000137
-2 2 0.233112 0.567400 1442.656982 -1.000000 -1.000000 0.000085
-1 1 0.278454 0.388543 1314.009033 -1.000000 -1.000000 0.000071
-2 2 0.351551 0.467078 1420.942017 -1.000000 -1.000000 0.000078
1 -1 0.456747 0.308827 1477.371948 -1.000000 -1.000000 0.000041
-2 2 0.252613 0.582562 1533.589966 -1.000000 -1.000000 0.000084
2 0 0.720802 0.243930 1487.730957 -1.000000 -1.000000 0.000065
2 0 0.544669 0.254006 1351.211060 -1.000000 -1.000000 0.000080
-2 2 0.283657 0.439649 1412.415039 -1.000000 -1.000000 0.000113
2 -2 0.447420 0.371236 1467.547974 -1.000000 -1.000000 0.000005
-1 1 0.340650 0.347191 1375.558960 -1.000000 -1.000000 0.000088
-2 2 0.426475 0.377189 1596.227051 -1.000000 -1.000000 0.000031
2 -2 0.436549 0.265819 1360.421997 -1.000000 -1.000000 0.000082
2 -2 0.402588 0.452136 1449.857056 -1.000000 -1.000000 0.000063
1 -1 0.660336 0.225375 1497.947021 -1.000000 -1.000000 0.000000
2 -2 0.587545 0.242902 1356.008057 -1.000000 -1.000000 0.000134
2 -2 0.656093 0.180405 1325.197998 -1.000000 -1.000000 0.000078
2 0 0.588307 0.346989 1447.473999 -1.000000 -1.000000 0.000050
-2 2 0.301274 0.543735 1584.946045 -1.000000 -1.000000 0.000110
-2 2 0.268038 0.408142 1321.577026 -1.000000 -1.000000 0.000024
0 1 0.334293 0.586687 1321.157959 -1.000000 -1.000000 0.000088
-2 2 0.180806 0.610010 1324.432983 -1.000000 -1.000000 0.000087
-1 1 0.290321 0.427680 1359.207031 -1.000000 -1.000000 0.000105
1 -1 0.373821 0.298423 1303.253052 -1.000000 -1.000000 0.000133
-2 2 0.283431 0.486461 1327.066040 -1.000000 -1.000000 0.000090
-2 2 0.239879 0.633282 1488.613037 -1.000000 -1.000000 0.000079
-2 2 0.253735 0.661755 1568.922974 -1.000000 -1.000000 0.000009
2 -2 0.459130 0.326899 1520.496948 -1.000000 -1.000000 0.000082
-2 2 0.163517 0.652457 1306.041016 -1.000000 -1.000000 0.000073
0 0 0.385145 0.332657 1339.443970 -1.000000 -1.000000 0.000090
