2 -2 0.161651 0.406800 1022.348022 -1.000000 -1.000000 0.002922
-1 1 0.161979 0.229274 767.566772 -1.000000 -1.000000 0.045718
-1 1 0.235859 0.397986 951.931519 -1.000000 -1.000000 0.040047
-2 2 0.251630 0.176388 827.226379 -1.000000 -1.000000 0.044211
0 0 0.487983 0.197818 763.166199 -1.000000 -1.000000 0.015995
0 0 0.541071 0.076842 753.678528 -1.000000 -1.000000 0.047102
0 0 0.195770 0.263307 776.337280 -1.000000 -1.000000 0.040390
-2 2 0.144402 0.350076 820.110474 -1.000000 -1.000000 0.044459
2 -2 0.541123 0.070222 757.281982 -1.000000 -1.000000 0.033389
1 -1 0.187045 0.288502 791.671570 -1.000000 -1.000000 0.038400
2 -2 0.270274 0.267077 1050.536011 -1.000000 -1.000000 0.042603
1 -1 0.321118 0.120410 768.361511 -1.000000 -1.000000 0.010823
2 -2 0.135488 0.300410 806.580688 -1.000000 -1.000000 0.037249
0 0 0.326888 0.362546 971.533203 -1.000000 -1.000000 0.032799
0 0 0.095043 0.482576 814.403381 -1.000000 -1.000000 0.059460
-2 2 0.089991 0.403509 751.863098 -1.000000 -1.000000 0.048947
-2 0 0.216326 0.348200 756.488525 -1.000000 -1.000000 0.019894
-2 2 0.146055 0.527135 783.661316 -1.000000 -1.000000 0.006581
-2 2 0.186905 0.248979 762.726318 -1.000000 -1.000000 0.002286
-1 1 0.245220 0.205224 777.365479 -1.000000 -1.000000 0.002387
1 -1 0.235661 0.168105 774.322815 -1.000000 -1.000000 0.050137
-2 2 0.322531 0.232269 1025.057007 -1.000000 -1.000000 0.084640
2 -2 0.408020 0.092555 769.357605 -1.000000 -1.000000 0.041788
1 -1 0.290036 0.148796 776.760376 -1.000000 -1.000000 0.056917
0 0 0.340318 0.202377 793.451477 -1.000000 -1.000000 0.055768
-2 2 0.136406 0.398186 930.343811 -1.000000 -1.000000 0.002648
-1 1 0.200142 0.368023 929.212708 -1.000000 -1.000000 0.002243
0 0 0.427952 0.247903 864.482300 -1.000000 -1.000000 0.060140
0 0 0.143007 0.340816 788.432007 -1.000000 -1.000000 0.076797
-2 2 0.252076 0.142338 750.116211 -1.000000 -1.000000 0.040875
1 -1 0.308788 0.132747 801.475891 -1.000000 -1.000000 0.032654
1 -1 0.240329 0.181261 808.061401 -1.000000 -1.000000 0.090183
-1 1 0.142044 0.312383 842.553101 -1.000000 -1.000000 0.029443
0 0 0.282924 0.198273 795.028870 -1.000000 -1.000000 0.045934
0 2 0.251894 0.336232 847.754517 -1.000000 -1.000000 0.028494
-2 2 0.157549 0.318984 878.928223 -1.000000 -1.000000 0.040875
-2 2 0.320648 0.566571 1306.326050 -1.000000 -1.000000 0.059380
1 -1 0.462655 0.088699 771.575073 -1.000000 -1.000000 0.007896
-2 2 0.134070 0.392141 916.967896 -1.000000 -1.000000 0.040574
-2 2 0.244545 0.220449 915.143921 -1.000000 -1.000000 0.004370
0 0 0.095858 0.527109 766.463196 -1.000000 -1.000000 0.055618
-2 2 0.151323 0.558427 862.870300 -1.000000 -1.000000 0.041870
1 -1 0.324067 0.130068 797.621094 -1.000000 -1.000000 0.006403
0 0 0.194324 0.359326 759.488403 -1.000000 -1.000000 0.033570
-1 1 0.130326 0.459491 889.344727 -1.000000 -1.000000 0.039652
1 -1 0.182492 0.324415 934.976318 -1.000000 -1.000000 0.042320
-1 1 0.231814 0.189026 835.358398 -1.000000 -1.000000 0.046832
0 0 0.144700 0.463225 897.303284 -1.000000 -1.000000 0.056517
2 -2 0.556309 0.103853 944.999878 -1.000000 -1.000000 0.051521
2 -2 0.264186 0.337205 934.595520 -1.000000 -1.000000 0.042273
2 -2 0.399226 0.190480 977.708191 -1.000000 -1.000000 0.060776
0 0 0.188478 0.265387 834.015503 -1.000000 -1.000000 0.021227
2 -2 0.314009 0.126774 762.512573 -1.000000 -1.000000 0.034232
2 -2 0.188327 0.190490 756.192200 -1.000000 -1.000000 0.038550
0 0 0.539220 0.100628 796.677002 -1.000000 -1.000000 0.016614
0 2 0.164927 0.578828 906.117004 -1.000000 -1.000000 0.047910
-2 2 0.118189 0.618538 819.926697 -1.000000 -1.000000 0.052022
-1 1 0.326027 0.286724 820.585388 -1.000000 -1.000000 0.044891
-2 2 0.301253 0.254647 860.867188 -1.000000 -1.000000 0.047259
1 -1 0.204694 0.227184 853.680481 -1.000000 -1.000000 0.056919
-2 2 0.224167 0.199515 777.640320 -1.000000 -1.000000 0.002061
0 0 0.104377 0.640055 958.493225 -1.000000 -1.000000 0.051755
1 -1 0.250815 0.191069 760.159119 -1.000000 -1.000000 0.044137
0 2 0.165592 0.481849 891.999084 -1.000000 -1.000000 0.042964
1 -1 0.327078 0.240871 994.278015 -1.000000 -1.000000 0.068995
2 0 0.258054 0.407101 783.856506 -1.000000 -1.000000 0.040204
0 0 0.187812 0.266601 878.447998 -1.000000 -1.000000 0.059175
-2 2 0.271861 0.348564 1177.288940 -1.000000 -1.000000 0.059758
-2 2 0.168393 0.287272 879.736023 -1.000000 -1.000000 0.030016
0 0 0.268515 0.243181 792.317078 -1.000000 -1.000000 0.051042
2 -2 0.253231 0.162221 796.458496 -1.000000 -1.000000 0.051027
-2 2 0.302986 0.370865 969.183899 -1.000000 -1.000000 0.006741
-1 1 0.162107 0.393158 913.660217 -1.000000 -1.000000 0.090082
2 -2 0.293271 0.251515 778.216919 -1.000000 -1.000000 0.089260
1 -1 0.440389 0.109205 825.640503 -1.000000 -1.000000 0.045012
-2 2 0.184824 0.337854 982.276672 -1.000000 -1.000000 0.037741
2 -2 0.473772 0.168470 953.638977 -1.000000 -1.000000 0.055557
1 -1 0.171384 0.300429 836.153320 -1.000000 -1.000000 0.038310
2 -2 0.335882 0.137011 768.103271 -1.000000 -1.000000 0.020691
2 -2 0.254357 0.194169 860.831787 -1.000000 -1.000000 0.019945
0 2 0.090801 0.608909 763.077881 -1.000000 -1.000000 0.034599
0 0 0.185688 0.357897 790.764282 -1.000000 -1.000000 0.030570
0 0 0.254448 0.515802 830.572083 -1.000000 -1.000000 0.060749
0 0 0.248583 0.361684 951.170715 -1.000000 -1.000000 0.025034
1 -1 0.532961 0.102386 881.968201 -1.000000 -1.000000 0.042333
2 -2 0.266105 0.166555 771.110596 -1.000000 -1.000000 0.041616
2 0 0.322209 0.135251 760.543030 -1.000000 -1.000000 0.038698
2 -2 0.153041 0.324823 878.890198 -1.000000 -1.000000 0.047777
1 0 0.362787 0.222229 824.302002 -1.000000 -1.000000 0.035099
1 -1 0.346595 0.125147 769.565796 -1.000000 -1.000000 0.048485
-1 1 0.358770 0.144146 862.776794 -1.000000 -1.000000 0.046388
2 -2 0.404759 0.100179 764.409790 -1.000000 -1.000000 0.042658
2 -2 0.288450 0.268394 1110.301025 -1.000000 -1.000000 0.057097
2 0 0.412910 0.332805 1029.693970 -1.000000 -1.000000 0.058969
-2 2 0.132583 0.436833 772.095886 -1.000000 -1.000000 0.042227
-3 3 0.132332 0.312614 784.740479 -1.000000 -1.000000 0.054031
-2 2 0.085213 0.522001 814.955872 -1.000000 -1.000000 0.043681
0 0 0.206225 0.283185 820.098022 -1.000000 -1.000000 0.054975
-1 1 0.284011 0.161137 777.675598 -1.000000 -1.000000 0.045269
-2 2 0.109273 0.370748 798.835510 -1.000000 -1.000000 0.002137
0 0 0.158265 0.268188 803.099915 -1.000000 -1.000000 0.002975
-2 2 0.418836 0.112858 841.659729 -1.000000 -1.000000 0.049388
1 -1 0.201352 0.192140 760.998413 -1.000000 -1.000000 0.047157
-2 2 0.103372 0.387609 760.464417 -1.000000 -1.000000 0.053410
0 0 0.192612 0.313473 779.278198 -1.000000 -1.000000 0.038184
0 2 0.165545 0.664555 821.836487 -1.000000 -1.000000 0.028142
-1 1 0.198116 0.369268 1002.726013 -1.000000 -1.000000 0.079364
1 -1 0.304940 0.241812 782.684387 -1.000000 -1.000000 0.038817
2 -2 0.423905 0.126669 864.340027 -1.000000 -1.000000 0.038338
2 -2 0.206116 0.443954 887.909607 -1.000000 -1.000000 0.062238
0 1 0.202017 0.380654 911.757996 -1.000000 -1.000000 0.032994
-2 2 0.076442 0.737083 944.662292 -1.000000 -1.000000 0.068750
-1 1 0.215928 0.320569 851.373108 -1.000000 -1.000000 0.040601
-2 2 0.233928 0.226415 763.445312 -1.000000 -1.000000 0.062531
0 0 0.136856 0.489369 813.059021 -1.000000 -1.000000 0.037957
2 -2 0.226917 0.232368 909.412781 -1.000000 -1.000000 0.025109
0 0 0.112348 0.450989 799.324524 -1.000000 -1.000000 0.002674
-2 2 0.488435 0.078595 767.658020 -1.000000 -1.000000 0.038425
-1 1 0.266111 0.143939 775.993591 -1.000000 -1.000000 0.050835
1 -1 0.218196 0.175333 759.019287 -1.000000 -1.000000 0.040859
0 2 0.160703 0.375136 848.815430 -1.000000 -1.000000 0.053127
-2 2 0.140953 0.601411 973.981812 -1.000000 -1.000000 0.045218
1 0 0.579554 0.208382 932.072388 -1.000000 -1.000000 0.047272
-2 2 0.148555 0.309080 824.907104 -1.000000 -1.000000 0.035271
2 -2 0.193611 0.233020 779.460999 -1.000000 -1.000000 0.041231
-2 2 0.190681 0.289011 934.785095 -1.000000 -1.000000 0.040064
-2 2 0.106065 0.449016 819.058411 -1.000000 -1.000000 0.059547
0 0 0.301117 0.168938 763.045471 -1.000000 -1.000000 0.051436
0 0 0.291130 0.142894 768.199280 -1.000000 -1.000000 0.039699
0 2 0.224121 0.320946 859.779785 -1.000000 -1.000000 0.002372
2 -2 0.561789 0.204199 825.343811 -1.000000 -1.000000 0.043687
1 -1 0.292182 0.137866 776.538574 -1.000000 -1.000000 0.041500
-2 2 0.300214 0.204085 823.948608 -1.000000 -1.000000 0.007899
2 2 0.239089 0.301250 808.445679 -1.000000 -1.000000 0.049699
1 -1 0.426792 0.118415 894.091187 -1.000000 -1.000000 0.048306
-2 2 0.149143 0.290227 813.489197 -1.000000 -1.000000 0.045757
-2 2 0.066921 0.627266 810.611694 -1.000000 -1.000000 0.044988
-2 2 0.207800 0.264852 903.770081 -1.000000 -1.000000 0.040151
-2 2 0.223664 0.400883 934.163696 -1.000000 -1.000000 0.054247
2 0 0.328836 0.394506 780.744995 -1.000000 -1.000000 0.045375
2 -2 0.287098 0.276007 1025.458008 -1.000000 -1.000000 0.002565
1 -1 0.542350 0.129322 843.287170 -1.000000 -1.000000 0.015686
-2 2 0.186713 0.465689 1121.921021 -1.000000 -1.000000 0.037970
2 -2 0.287941 0.311222 817.886230 -1.000000 -1.000000 0.041702
2 -2 0.254823 0.155179 789.045898 -1.000000 -1.000000 0.047125
2 -2 0.163764 0.444213 1072.899048 -1.000000 -1.000000 0.045775
2 -2 0.545229 0.108961 832.123596 -1.000000 -1.000000 0.024751
0 0 0.399320 0.247822 813.785889 -1.000000 -1.000000 0.008454
-1 1 0.181595 0.297476 794.818420 -1.000000 -1.000000 0.005995
-2 2 0.098157 0.428486 792.438721 -1.000000 -1.000000 0.028507
-2 2 0.142623 0.506939 915.402893 -1.000000 -1.000000 0.042199
2 0 0.410186 0.240244 754.365417 -1.000000 -1.000000 0.052656
2 0 0.457776 0.474489 1081.034058 -1.000000 -1.000000 0.046044
-1 1 0.106624 0.385869 765.719910 -1.000000 -1.000000 0.038842
-2 2 0.089593 0.457605 800.340088 -1.000000 -1.000000 0.004547
2 -2 0.327866 0.111806 756.137024 -1.000000 -1.000000 0.032247
2 -2 0.425726 0.110089 809.376892 -1.000000 -1.000000 0.050125
2 0 0.446764 0.390077 773.916382 -1.000000 -1.000000 0.023533
0 0 0.166881 0.443367 804.042725 -1.000000 -1.000000 0.089439
-1 1 0.251802 0.214048 790.123108 -1.000000 -1.000000 0.055561
2 0 0.192387 0.271406 851.235229 -1.000000 -1.000000 0.024722
-2 2 0.234205 0.168468 753.352112 -1.000000 -1.000000 0.066096
