0 0 0.314204 0.311815 757.534607 -1.000000 -1.000000 0.087613
-2 2 0.125850 0.371292 852.691101 -1.000000 -1.000000 0.047953
0 1 0.138097 0.389445 798.296814 -1.000000 -1.000000 0.056798
-1 1 0.172745 0.281666 868.517029 -1.000000 -1.000000 0.095545
0 0 0.145837 0.380549 859.691772 -1.000000 -1.000000 0.042020
-1 1 0.147093 0.269923 767.201721 -1.000000 -1.000000 0.057687
-2 2 0.069122 0.444027 700.640076 -1.000000 -1.000000 0.074596
0 0 0.333300 0.123525 745.755005 -1.000000 -1.000000 0.055106
1 0 0.463884 0.584161 896.801086 -1.000000 -1.000000 0.051695
-1 1 0.153811 0.225334 717.868530 -1.000000 -1.000000 0.049316
1 -1 0.449130 0.094487 805.777710 -1.000000 -1.000000 0.039967
-2 2 0.093194 0.592679 860.314392 -1.000000 -1.000000 0.057426
1 -1 0.236744 0.300134 1001.043030 -1.000000 -1.000000 0.063212
0 0 0.421054 0.094886 734.775330 -1.000000 -1.000000 0.029287
-2 2 0.228723 0.215905 827.955017 -1.000000 -1.000000 0.053865
0 0 0.294455 0.233666 791.414978 -1.000000 -1.000000 0.005425
-2 2 0.157974 0.429180 787.375977 -1.000000 -1.000000 0.022904
0 2 0.209007 0.210089 703.464172 -1.000000 -1.000000 0.037665
1 -1 0.408090 0.098020 791.649780 -1.000000 -1.000000 0.031831
-1 1 0.237271 0.284867 848.831604 -1.000000 -1.000000 0.044542
1 -1 0.349844 0.434551 978.773193 -1.000000 -1.000000 0.053558
-2 2 0.081659 0.476030 761.001404 -1.000000 -1.000000 0.047075
0 2 0.185632 0.378881 993.814575 -1.000000 -1.000000 0.047276
0 0 0.109786 0.488915 836.035828 -1.000000 -1.000000 0.054993
1 -1 0.312362 0.154719 723.286926 -1.000000 -1.000000 0.069703
1 -1 0.234872 0.201423 853.908386 -1.000000 -1.000000 0.062445
0 0 0.191021 0.276138 718.019226 -1.000000 -1.000000 0.051248
2 -2 0.398142 0.102459 767.916809 -1.000000 -1.000000 0.045514
-2 2 0.230136 0.152881 701.013977 -1.000000 -1.000000 0.051605
0 2 0.124927 0.441234 835.096008 -1.000000 -1.000000 0.066893
0 2 0.364674 0.464922 727.978210 -1.000000 -1.000000 0.050616
2 -2 0.363210 0.276547 1027.886963 -1.000000 -1.000000 0.059438
0 -5 0.251856 0.212851 709.930725 -1.000000 -1.000000 0.055652
-1 1 0.153530 0.308096 728.248596 -1.000000 -1.000000 0.084434
-1 1 0.151627 0.242919 751.585510 -1.000000 -1.000000 0.070947
0 0 0.333182 0.176055 724.292786 -1.000000 -1.000000 0.053441
0 0 0.473585 0.151992 880.314514 -1.000000 -1.000000 0.050337
-2 2 0.114917 0.434853 800.268311 -1.000000 -1.000000 0.050261
-2 2 0.204778 0.331111 700.198608 -1.000000 -1.000000 0.052008
-2 2 0.074609 0.446925 729.146790 -1.000000 -1.000000 0.065879
-2 2 0.148890 0.419304 980.220398 -1.000000 -1.000000 0.062558
2 -2 0.430238 0.074054 708.249207 -1.000000 -1.000000 0.032956
1 -1 0.532074 0.088485 748.702209 -1.000000 -1.000000 0.083416
0 0 0.186848 0.304873 854.176392 -1.000000 -1.000000 0.050655
1 -1 0.476585 0.122639 879.582825 -1.000000 -1.000000 0.054955
1 -1 0.240880 0.155811 736.834900 -1.000000 -1.000000 0.056286
2 -2 0.159027 0.238123 778.104004 -1.000000 -1.000000 0.012246
1 -1 0.209026 0.203223 716.388428 -1.000000 -1.000000 0.002271
2 -2 0.391220 0.131723 705.285889 -1.000000 -1.000000 0.078908
-2 2 0.130297 0.349999 739.676697 -1.000000 -1.000000 0.053998
2 -2 0.632766 0.091839 887.205811 -1.000000 -1.000000 0.047157
1 -1 0.316747 0.277962 707.538513 -1.000000 -1.000000 0.065320
0 0 0.341701 0.214559 755.516724 -1.000000 -1.000000 0.050401
-2 2 0.271794 0.176410 773.448120 -1.000000 -1.000000 0.049859
0 0 0.115413 0.366029 726.758789 -1.000000 -1.000000 0.114676
-2 2 0.168268 0.298905 871.065125 -1.000000 -1.000000 0.112194
0 0 0.172725 0.179520 700.004700 -1.000000 -1.000000 0.057727
0 0 0.236680 0.254401 975.068909 -1.000000 -1.000000 0.052057
-1 1 0.151000 0.263296 710.014893 -1.000000 -1.000000 0.051771
0 2 0.233248 0.319990 808.708130 -1.000000 -1.000000 0.073273
0 0 0.407446 0.167181 939.522522 -1.000000 -1.000000 0.034403
-2 2 0.105648 0.440208 751.354126 -1.000000 -1.000000 0.086793
0 0 0.165300 0.279666 717.898987 -1.000000 -1.000000 0.051128
-2 2 0.184282 0.570345 1254.723022 -1.000000 -1.000000 0.086499
0 2 0.113704 0.795656 829.055603 -1.000000 -1.000000 0.002639
1 -1 0.381655 0.148565 778.952576 -1.000000 -1.000000 0.028548
2 -2 0.325784 0.132068 829.344116 -1.000000 -1.000000 0.048896
2 -2 0.513680 0.079831 710.642883 -1.000000 -1.000000 0.063993
0 0 0.544512 0.088206 756.312317 -1.000000 -1.000000 0.041892
2 -2 0.269401 0.189301 813.768982 -1.000000 -1.000000 0.050811
-2 2 0.103880 0.341182 731.368286 -1.000000 -1.000000 0.049249
2 -2 0.150857 0.264248 701.824097 -1.000000 -1.000000 0.010601
-2 2 0.056060 0.748522 764.094421 -1.000000 -1.000000 0.036245
2 -2 0.379562 0.156215 968.444519 -1.000000 -1.000000 0.038689
2 0 0.431821 0.421751 746.231995 -1.000000 -1.000000 0.069585
-2 2 0.154772 0.343577 717.638123 -1.000000 -1.000000 0.069250
-1 1 0.171427 0.188309 716.476318 -1.000000 -1.000000 0.048287
0 2 0.171010 0.328435 715.501709 -1.000000 -1.000000 0.066346
-2 2 0.418514 0.096781 727.565308 -1.000000 -1.000000 0.059830
1 -1 0.202332 0.186416 770.889221 -1.000000 -1.000000 0.054451
1 0 0.404684 0.271031 873.994324 -1.000000 -1.000000 0.063219
0 0 0.131722 0.470777 721.666870 -1.000000 -1.000000 0.042957
2 -2 0.418933 0.075610 711.783508 -1.000000 -1.000000 0.046746
2 0 0.461063 0.106482 711.440613 -1.000000 -1.000000 0.048426
2 -2 0.319338 0.209069 936.203308 -1.000000 -1.000000 0.069394
2 -2 0.381248 0.200057 748.186829 -1.000000 -1.000000 0.076048
0 0 0.211510 0.168302 729.730591 -1.000000 -1.000000 0.076117
0 0 0.355318 0.142045 816.529724 -1.000000 -1.000000 0.066348
-2 2 0.205310 0.203606 796.083374 -1.000000 -1.000000 0.002252
-2 2 0.195639 0.375546 735.502014 -1.000000 -1.000000 0.053336
-1 0 0.431447 0.351859 964.368530 -1.000000 -1.000000 0.047824
1 0 0.592662 0.158469 761.502319 -1.000000 -1.000000 0.045581
1 -1 0.385895 0.106942 766.377380 -1.000000 -1.000000 0.093255
-2 2 0.241740 0.185259 736.216003 -1.000000 -1.000000 0.049553
-2 2 0.211134 0.302958 887.429077 -1.000000 -1.000000 0.003164
0 2 0.147570 0.377579 780.802124 -1.000000 -1.000000 0.053217
2 -2 0.475505 0.068079 706.984192 -1.000000 -1.000000 0.070229
0 0 0.231678 0.176520 700.720215 -1.000000 -1.000000 0.050260
0 0 0.140111 0.336857 759.210571 -1.000000 -1.000000 0.063533
0 0 0.151357 0.333425 834.136230 -1.000000 -1.000000 0.022185
-2 2 0.109236 0.394307 708.774170 -1.000000 -1.000000 0.055415
0 2 0.197761 0.361984 797.398682 -1.000000 -1.000000 0.056464
-2 2 0.089945 0.500366 846.216370 -1.000000 -1.000000 0.056779
-1 1 0.209910 0.176315 762.617371 -1.000000 -1.000000 0.046163
-2 2 0.128631 0.320919 711.940796 -1.000000 -1.000000 0.049567
-1 1 0.099130 0.428392 729.441101 -1.000000 -1.000000 0.031574
-2 2 0.231715 0.138667 709.103088 -1.000000 -1.000000 0.030340
1 -1 0.316772 0.117140 724.268005 -1.000000 -1.000000 0.047461
-2 2 0.129005 0.282821 744.878296 -1.000000 -1.000000 0.050010
2 -2 0.170689 0.189992 710.775574 -1.000000 -1.000000 0.054541
-1 1 0.207769 0.338227 796.209229 -1.000000 -1.000000 0.064121
1 -1 0.291922 0.133046 785.886475 -1.000000 -1.000000 0.083153
0 2 0.133999 0.472233 747.702271 -1.000000 -1.000000 0.054243
-2 2 0.220639 0.168057 720.116821 -1.000000 -1.000000 0.044168
2 -2 0.522470 0.089376 826.269592 -1.000000 -1.000000 0.065862
-2 2 0.223356 0.149446 730.587219 -1.000000 -1.000000 0.056207
0 0 0.447676 0.085994 755.912781 -1.000000 -1.000000 0.005686
0 0 0.214401 0.287855 826.789795 -1.000000 -1.000000 0.019243
2 -2 0.453031 0.142479 811.749512 -1.000000 -1.000000 0.030256
-2 2 0.126726 0.370031 723.280396 -1.000000 -1.000000 0.064120
0 2 0.204576 0.280530 724.389282 -1.000000 -1.000000 0.019234
-2 2 0.167855 0.289141 875.533325 -1.000000 -1.000000 0.050558
-1 1 0.182599 0.279017 799.316711 -1.000000 -1.000000 0.024387
0 0 0.158503 0.376413 870.264404 -1.000000 -1.000000 0.053722
1 -1 0.537037 0.119387 1000.028015 -1.000000 -1.000000 0.056091
-1 1 0.114639 0.616833 702.603394 -1.000000 -1.000000 0.047624
-1 1 0.092961 0.368087 734.988586 -1.000000 -1.000000 0.054198
-2 2 0.594132 0.116248 1031.699951 -1.000000 -1.000000 0.041444
0 0 0.288126 0.222404 846.970093 -1.000000 -1.000000 0.053989
-2 2 0.241540 0.214932 713.351074 -1.000000 -1.000000 0.042184
-1 1 0.162605 0.308900 838.783203 -1.000000 -1.000000 0.041898
0 0 0.208401 0.363600 738.901428 -1.000000 -1.000000 0.052216
0 0 0.322292 0.363469 752.352722 -1.000000 -1.000000 0.047669
-1 1 0.320826 0.389126 927.169678 -1.000000 -1.000000 0.049987
-2 2 0.096283 0.385724 769.223328 -1.000000 -1.000000 0.049941
-2 2 0.166238 0.370419 970.004272 -1.000000 -1.000000 0.057703
0 0 0.236535 0.244981 713.559326 -1.000000 -1.000000 0.049756
-1 1 0.095128 0.509552 786.334595 -1.000000 -1.000000 0.073103
0 2 0.531461 0.255401 1134.651978 -1.000000 -1.000000 0.050863
2 -2 0.276060 0.221747 875.809204 -1.000000 -1.000000 0.053738
2 -2 0.148278 0.285643 731.888672 -1.000000 -1.000000 0.053152
0 0 0.203094 0.380985 880.348206 -1.000000 -1.000000 0.025204
0 1 0.157528 0.230049 703.694580 -1.000000 -1.000000 0.043660
-1 1 0.261792 0.125951 704.064026 -1.000000 -1.000000 0.053304
2 -2 0.366079 0.143695 763.168274 -1.000000 -1.000000 0.049235
0 1 0.420015 0.297899 805.340027 -1.000000 -1.000000 0.052554
1 -1 0.390388 0.123163 726.457520 -1.000000 -1.000000 0.076577
2 -2 0.270057 0.194564 900.598083 -1.000000 -1.000000 0.049802
2 -2 0.322683 0.121841 789.445679 -1.000000 -1.000000 0.072707
-2 2 0.111241 0.494180 932.984619 -1.000000 -1.000000 0.086010
0 0 0.232022 0.134488 701.299377 -1.000000 -1.000000 0.003235
2 -2 0.273334 0.132359 760.107422 -1.000000 -1.000000 0.048850
0 0 0.399748 0.121301 880.500916 -1.000000 -1.000000 0.012583
-1 1 0.093871 0.368975 744.373901 -1.000000 -1.000000 0.055540
0 2 0.291197 0.638508 1092.988037 -1.000000 -1.000000 0.014223
-1 1 0.095951 0.356237 725.675781 -1.000000 -1.000000 0.001769
0 0 0.322247 0.201166 963.492920 -1.000000 -1.000000 0.047481
-2 2 0.247307 0.143299 730.333130 -1.000000 -1.000000 0.054355
-2 2 0.205073 0.263455 736.129700 -1.000000 -1.000000 0.044631
