2 0 0.597749 0.313289 1568.387939 -1.000000 -1.000000 0.000185
-2 2 0.407519 0.393941 1450.524048 -1.000000 -1.000000 0.000120
2 -2 0.459697 0.292814 1426.599976 -1.000000 -1.000000 0.000179
-2 2 0.430541 0.351481 1444.989990 -1.000000 -1.000000 0.000225
2 -2 0.421773 0.431881 1485.807983 -1.000000 -1.000000 0.000168
0 0 0.605409 0.290714 1464.536011 -1.000000 -1.000000 0.000129
2 -2 0.373684 0.385939 1452.771973 -1.000000 -1.000000 0.000170
2 -2 0.550371 0.424257 1637.199951 -1.000000 -1.000000 0.000063
1 -1 0.498939 0.272338 1468.461060 -1.000000 -1.000000 0.000009
0 2 0.346218 0.628409 1473.135986 -1.000000 -1.000000 0.000008
1 -1 0.353733 0.445386 1568.046997 -1.000000 -1.000000 0.000144
-1 1 0.316040 0.578175 1525.806030 -1.000000 -1.000000 0.000209
-2 2 0.261853 0.496974 1417.762939 -1.000000 -1.000000 0.000120
2 -2 0.635478 0.347216 1754.729980 -1.000000 -1.000000 0.000141
-1 1 0.230572 0.555199 1402.389038 -1.000000 -1.000000 0.000106
-2 2 0.288026 0.539289 1506.348022 -1.000000 -1.000000 0.000200
2 -2 0.410534 0.321421 1451.387939 -1.000000 -1.000000 0.000166
0 0 0.363860 0.576515 1499.675049 -1.000000 -1.000000 0.000106
2 -2 0.692335 0.313948 1851.390015 -1.000000 -1.000000 0.000079
-2 2 0.401859 0.399995 1462.819946 -1.000000 -1.000000 0.000144
-2 2 0.236451 0.559763 1425.680054 -1.000000 -1.000000 0.000148
-2 2 0.242115 0.548668 1430.222046 -1.000000 -1.000000 0.000150
-2 2 0.442619 0.376808 1630.020996 -1.000000 -1.000000 0.000146
1 -1 0.468724 0.507265 1623.540039 -1.000000 -1.000000 0.000007
1 -1 0.451595 0.279546 1406.769043 -1.000000 -1.000000 0.000164
2 -2 0.525635 0.265720 1456.105957 -1.000000 -1.000000 0.000126
2 -2 0.653761 0.253174 1620.358032 -1.000000 -1.000000 0.000180
0 0 0.207721 0.601177 1408.542969 -1.000000 -1.000000 0.000134
1 -1 0.599609 0.270505 1608.494995 -1.000000 -1.000000 0.000145
-1 1 0.411019 0.408443 1623.387939 -1.000000 -1.000000 0.000186
2 -2 0.513108 0.245097 1415.313965 -1.000000 -1.000000 0.000121
2 -2 0.539843 0.283339 1472.116943 -1.000000 -1.000000 0.000144
2 -2 0.377589 0.354612 1455.755981 -1.000000 -1.000000 0.000125
-1 1 0.371080 0.378286 1473.582031 -1.000000 -1.000000 0.000262
2 -2 0.350867 0.394293 1439.993042 -1.000000 -1.000000 0.000141
2 -2 0.491799 0.333876 1593.930054 -1.000000 -1.000000 0.000065
2 -2 0.491253 0.337861 1412.387939 -1.000000 -1.000000 0.000131
2 -2 0.712801 0.216180 1564.246948 -1.000000 -1.000000 0.000011
1 -1 0.510847 0.244305 1411.563965 -1.000000 -1.000000 0.000063
-2 2 0.569429 0.293589 1624.072021 -1.000000 -1.000000 0.000011
0 0 0.528404 0.257303 1469.666016 -1.000000 -1.000000 0.000167
-1 1 0.227343 0.600350 1466.125977 -1.000000 -1.000000 0.000162
1 -1 0.600191 0.223867 1406.609985 -1.000000 -1.000000 0.000179
-2 2 0.443577 0.322598 1483.349976 -1.000000 -1.000000 0.000011
-2 2 0.432055 0.293010 1406.431030 -1.000000 -1.000000 0.000131
2 -2 0.588345 0.238094 1493.412964 -1.000000 -1.000000 0.000169
-2 2 0.351085 0.443698 1546.895996 -1.000000 -1.000000 0.000133
-2 2 0.299631 0.489989 1532.501953 -1.000000 -1.000000 0.000270
2 -2 0.527394 0.414455 1442.494995 -1.000000 -1.000000 0.000011
0 0 0.454637 0.313446 1449.439941 -1.000000 -1.000000 0.000037
-2 2 0.368100 0.568401 1690.147949 -1.000000 -1.000000 0.000077
-1 1 0.317011 0.488730 1452.646973 -1.000000 -1.000000 0.000127
2 -2 0.720788 0.228627 1610.266968 -1.000000 -1.000000 0.000135
2 -2 0.293583 0.479921 1445.428955 -1.000000 -1.000000 0.000164
-2 2 0.505645 0.253029 1430.699951 -1.000000 -1.000000 0.000134
-2 2 0.377042 0.344776 1427.786987 -1.000000 -1.000000 0.000108
1 0 0.602298 0.341551 1468.906982 -1.000000 -1.000000 0.000139
-2 2 0.289748 0.491808 1473.741943 -1.000000 -1.000000 0.000161
2 -2 0.448725 0.406199 1694.384033 -1.000000 -1.000000 0.000142
2 -2 0.435493 0.330966 1426.217041 -1.000000 -1.000000 0.000123
-2 2 0.478763 0.275360 1420.115967 -1.000000 -1.000000 0.000078
-2 2 0.291186 0.529830 1473.121948 -1.000000 -1.000000 0.000132
2 -2 0.547441 0.330543 1434.593994 -1.000000 -1.000000 0.000130
2 -2 0.398603 0.421726 1590.630005 -1.000000 -1.000000 0.000256
2 -2 0.556289 0.230922 1404.675049 -1.000000 -1.000000 0.000219
2 -2 0.327616 0.614899 1583.692017 -1.000000 -1.000000 0.000181
2 -2 0.533619 0.339524 1553.767944 -1.000000 -1.000000 0.000183
1 -1 0.466463 0.360460 1594.831055 -1.000000 -1.000000 0.000126
1 -1 0.430258 0.343859 1515.182983 -1.000000 -1.000000 0.000136
1 0 0.356807 0.515692 1569.532959 -1.000000 -1.000000 0.000144
2 -2 0.506844 0.306440 1432.625977 -1.000000 -1.000000 0.000130
2 -2 0.576959 0.496354 1401.212036 -1.000000 -1.000000 0.000132
2 -2 0.377843 0.397578 1417.817017 -1.000000 -1.000000 0.000071
-2 2 0.555797 0.517580 2070.145020 -1.000000 -1.000000 0.000130
-2 2 0.364479 0.395766 1518.688965 -1.000000 -1.000000 0.000194
2 0 0.276210 0.737761 1427.102051 -1.000000 -1.000000 0.000054
-2 2 0.248123 0.752825 1594.800049 -1.000000 -1.000000 0.000232
1 -1 0.479100 0.288532 1484.479980 -1.000000 -1.000000 0.000213
2 -2 0.466117 0.318330 1461.198975 -1.000000 -1.000000 0.000131
-2 2 0.250460 0.532831 1441.839966 -1.000000 -1.000000 0.000145
-2 2 0.332933 0.525280 1591.827026 -1.000000 -1.000000 0.000145
-2 2 0.229051 0.600075 1471.239014 -1.000000 -1.000000 0.000186
0 2 0.398406 0.601200 1581.667969 -1.000000 -1.000000 0.000119
-2 2 0.328473 0.383954 1416.543945 -1.000000 -1.000000 0.000079
-2 2 0.382118 0.541532 1645.145996 -1.000000 -1.000000 0.000127
2 -2 0.699396 0.342765 1742.907959 -1.000000 -1.000000 0.000140
-1 1 0.357682 0.448504 1584.590942 -1.000000 -1.000000 0.000129
2 -2 0.452883 0.301777 1451.286011 -1.000000 -1.000000 0.000123
2 -2 0.622725 0.239576 1410.197998 -1.000000 -1.000000 0.000148
-1 1 0.246529 0.640316 1401.604004 -1.000000 -1.000000 0.000126
-2 2 0.556065 0.246726 1480.868042 -1.000000 -1.000000 0.000226
-1 1 0.228118 0.699323 1595.953003 -1.000000 -1.000000 0.000129
2 -2 0.424018 0.369895 1462.480957 -1.000000 -1.000000 0.000106
