2 -2 0.364271 0.305097 1330.985962 -1.000000 -1.000000 0.000378
2 2 0.599117 0.423723 1309.558960 -1.000000 -1.000000 0.000470
-1 1 0.254043 0.465789 1307.265991 -1.000000 -1.000000 0.000477
1 -1 0.568658 0.204589 1334.718994 -1.000000 -1.000000 0.000037
1 -1 0.428038 0.289866 1395.088013 -1.000000 -1.000000 0.000485
-2 2 0.194843 0.699677 1401.593994 -1.000000 -1.000000 0.000210
2 -2 0.413090 0.461167 1357.744995 -1.000000 -1.000000 0.000164
-2 2 0.394437 0.319492 1397.762939 -1.000000 -1.000000 0.000456
2 -2 0.360156 0.302840 1306.619019 -1.000000 -1.000000 0.000342
1 -1 0.652201 0.185320 1390.453979 -1.000000 -1.000000 0.000297
-2 2 0.166092 0.741936 1322.203003 -1.000000 -1.000000 0.000308
-2 2 0.316726 0.422989 1377.974976 -1.000000 -1.000000 0.000349
2 -2 0.331635 0.362392 1326.469971 -1.000000 -1.000000 0.000309
-2 2 0.402655 0.358130 1426.886963 -1.000000 -1.000000 0.000390
-1 1 0.559429 0.201266 1337.689941 -1.000000 -1.000000 0.000403
2 -2 0.559344 0.201519 1342.907959 -1.000000 -1.000000 0.000398
-1 1 0.422711 0.468434 1679.587036 -1.000000 -1.000000 0.000276
1 -1 0.429547 0.268284 1351.313965 -1.000000 -1.000000 0.000391
2 -2 0.547762 0.317422 1600.215942 -1.000000 -1.000000 0.000327
2 -2 0.602170 0.291273 1584.706055 -1.000000 -1.000000 0.000483
2 -2 0.413131 0.318396 1330.456055 -1.000000 -1.000000 0.000351
-2 2 0.403352 0.432822 1664.475952 -1.000000 -1.000000 0.000509
-1 1 0.387483 0.407770 1449.680054 -1.000000 -1.000000 0.000465
1 -1 0.466166 0.248336 1358.875977 -1.000000 -1.000000 0.000105
-2 2 0.273196 0.453343 1333.196045 -1.000000 -1.000000 0.000388
-1 1 0.412162 0.295519 1357.687988 -1.000000 -1.000000 0.000573
2 0 0.413546 0.422345 1605.371948 -1.000000 -1.000000 0.000369
-2 2 0.322005 0.836139 1959.760010 -1.000000 -1.000000 0.000390
-2 2 0.235019 0.482418 1321.869019 -1.000000 -1.000000 0.000378
-2 2 0.185852 0.593426 1322.751953 -1.000000 -1.000000 0.000363
2 -2 0.370757 0.428527 1323.928955 -1.000000 -1.000000 0.000494
0 0 0.293642 0.501748 1302.241943 -1.000000 -1.000000 0.000106
-2 2 0.327507 0.382943 1413.365967 -1.000000 -1.000000 0.000498
-2 2 0.292664 0.445436 1422.401001 -1.000000 -1.000000 0.000264
-2 2 0.442356 0.369304 1468.607056 -1.000000 -1.000000 0.000312
-2 2 0.211796 0.654165 1472.572021 -1.000000 -1.000000 0.000381
2 -2 0.374674 0.424568 1568.020996 -1.000000 -1.000000 0.000356
-2 2 0.264050 0.463437 1309.087036 -1.000000 -1.000000 0.000208
2 -2 0.464820 0.392270 1336.295044 -1.000000 -1.000000 0.000357
-2 2 0.360643 0.634406 1398.220947 -1.000000 -1.000000 0.000336
-1 1 0.265162 0.490416 1436.057007 -1.000000 -1.000000 0.000291
2 -2 0.674616 0.221494 1545.447021 -1.000000 -1.000000 0.000333
-1 1 0.373416 0.443474 1353.046997 -1.000000 -1.000000 0.000430
-2 2 0.382557 0.415053 1570.592041 -1.000000 -1.000000 0.000442
-2 2 0.216495 0.490475 1302.332031 -1.000000 -1.000000 0.000241
1 0 0.529994 0.285645 1346.618042 -1.000000 -1.000000 0.000376
-2 2 0.259145 0.450862 1327.108032 -1.000000 -1.000000 0.000615
1 -1 0.369639 0.394797 1449.608032 -1.000000 -1.000000 0.000508
2 -2 0.414145 0.262496 1310.052979 -1.000000 -1.000000 0.000409
2 -2 0.516684 0.331299 1416.672974 -1.000000 -1.000000 0.000521
2 -2 0.441839 0.281627 1395.706055 -1.000000 -1.000000 0.000378
1 -1 0.580326 0.398388 1305.446045 -1.000000 -1.000000 0.000365
2 -2 0.455440 0.298763 1475.484009 -1.000000 -1.000000 0.000177
1 -1 0.261640 0.559672 1405.970947 -1.000000 -1.000000 0.000387
2 -2 0.744747 0.153963 1353.931030 -1.000000 -1.000000 0.000547
-2 2 0.650880 0.405995 1401.509033 -1.000000 -1.000000 0.000377
2 -2 0.533871 0.219273 1316.589966 -1.000000 -1.000000 0.000736
-2 2 0.327648 0.479826 1520.409058 -1.000000 -1.000000 0.000086
0 0 0.415954 0.307868 1326.454956 -1.000000 -1.000000 0.000395
2 -2 0.530637 0.232249 1346.663940 -1.000000 -1.000000 0.000382
2 -2 0.341369 0.398677 1332.197021 -1.000000 -1.000000 0.000387
-1 1 0.304405 0.362926 1305.531006 -1.000000 -1.000000 0.000242
-2 2 0.310304 0.413383 1374.092041 -1.000000 -1.000000 0.000397
1 -1 0.401340 0.344482 1447.947021 -1.000000 -1.000000 0.000449
-2 2 0.324032 0.443188 1482.265991 -1.000000 -1.000000 0.000674
1 -1 0.356683 0.421038 1452.793945 -1.000000 -1.000000 0.000390
2 -2 0.459321 0.339994 1384.640991 -1.000000 -1.000000 0.000535
2 -2 0.411422 0.323398 1454.696045 -1.000000 -1.000000 0.000017
-2 2 0.240444 0.616838 1356.885010 -1.000000 -1.000000 0.000391
-2 2 0.475214 0.398195 1487.910034 -1.000000 -1.000000 0.000276
-2 2 0.310665 0.376989 1351.024048 -1.000000 -1.000000 0.000395
-1 1 0.439568 0.277965 1342.336060 -1.000000 -1.000000 0.000454
2 -2 0.430598 0.307820 1350.248047 -1.000000 -1.000000 0.000448
-2 2 0.219400 0.588227 1371.749023 -1.000000 -1.000000 0.000370
2 -2 0.416461 0.280889 1354.333984 -1.000000 -1.000000 0.000496
2 -2 0.450168 0.271714 1324.962036 -1.000000 -1.000000 0.000600
2 -2 0.500959 0.249523 1386.811035 -1.000000 -1.000000 0.000579
2 -2 0.463599 0.277958 1430.751953 -1.000000 -1.000000 0.000421
1 -1 0.470777 0.311431 1417.322998 -1.000000 -1.000000 0.000077
2 -2 0.443180 0.248963 1301.275024 -1.000000 -1.000000 0.000355
-2 2 0.280022 0.447916 1396.211060 -1.000000 -1.000000 0.000570
2 -2 0.426328 0.267069 1340.260986 -1.000000 -1.000000 0.000356
-2 2 0.254748 0.501158 1426.619019 -1.000000 -1.000000 0.000152
0 0 0.332932 0.446698 1366.068970 -1.000000 -1.000000 0.000347
2 -2 0.565395 0.262557 1315.328979 -1.000000 -1.000000 0.000025
-1 1 0.265839 0.406079 1307.958984 -1.000000 -1.000000 0.000389
2 -2 0.510708 0.363398 1633.144043 -1.000000 -1.000000 0.000394
2 -2 0.405530 0.324807 1446.232056 -1.000000 -1.000000 0.000334
