-2 2 0.242075 0.581872 1496.910034 -1.000000 -1.000000 0.000219
2 -2 0.527868 0.404588 1646.581055 -1.000000 -1.000000 0.000000
2 -2 0.699064 0.168947 1374.102051 -1.000000 -1.000000 0.000353
2 -2 0.488674 0.258391 1267.004028 -1.000000 -1.000000 0.000227
-1 1 0.432841 0.288042 1407.083008 -1.000000 -1.000000 0.000229
1 -1 0.448973 0.239770 1300.053955 -1.000000 -1.000000 0.000219
2 -2 0.520683 0.218389 1304.675049 -1.000000 -1.000000 0.000205
-2 2 0.224733 0.423036 1206.288940 -1.000000 -1.000000 0.000240
1 -1 0.441697 0.279706 1258.328979 -1.000000 -1.000000 0.000293
2 -2 0.652024 0.301598 1588.588989 -1.000000 -1.000000 0.000450
-2 2 0.293587 0.470875 1350.509033 -1.000000 -1.000000 0.000211
-2 2 0.277414 0.354116 1244.088013 -1.000000 -1.000000 0.000291
-2 2 0.370796 0.316637 1309.526001 -1.000000 -1.000000 0.000171
-1 1 0.285447 0.326105 1204.399048 -1.000000 -1.000000 0.000268
-2 2 0.216345 0.468939 1273.996948 -1.000000 -1.000000 0.000272
0 0 0.248112 0.492024 1251.614990 -1.000000 -1.000000 0.000204
-2 2 0.585458 0.278585 1210.276978 -1.000000 -1.000000 0.000046
-1 1 0.285179 0.414801 1235.146973 -1.000000 -1.000000 0.000184
0 0 0.260048 0.400570 1212.171021 -1.000000 -1.000000 0.000025
2 -2 0.614327 0.282730 1600.928955 -1.000000 -1.000000 0.000233
2 -2 0.269291 0.531115 1331.010986 -1.000000 -1.000000 0.000292
-1 1 0.364834 0.286738 1264.274048 -1.000000 -1.000000 0.000194
-2 2 0.296750 0.327600 1220.878052 -1.000000 -1.000000 0.000011
0 0 0.296329 0.395807 1343.349976 -1.000000 -1.000000 0.000226
-2 2 0.431922 0.368206 1594.876953 -1.000000 -1.000000 0.000123
-2 2 0.443456 0.388033 1472.892944 -1.000000 -1.000000 0.000000
1 -1 0.670722 0.187432 1313.692993 -1.000000 -1.000000 0.000280
1 -1 0.365864 0.279497 1277.623047 -1.000000 -1.000000 0.000033
-1 1 0.255767 0.455692 1234.889038 -1.000000 -1.000000 0.000199
2 -2 0.461093 0.319096 1322.390015 -1.000000 -1.000000 0.000174
2 0 0.377018 0.362830 1215.253052 -1.000000 -1.000000 0.000100
1 -1 0.229671 0.449373 1233.198975 -1.000000 -1.000000 0.000202
1 -1 0.343305 0.293025 1239.152954 -1.000000 -1.000000 0.000238
1 0 0.362834 0.349963 1201.776001 -1.000000 -1.000000 0.000078
2 -2 0.445497 0.244708 1246.623047 -1.000000 -1.000000 0.000226
0 0 0.290195 0.365687 1204.662964 -1.000000 -1.000000 0.000209
-2 2 0.253919 0.548095 1471.759033 -1.000000 -1.000000 0.000000
1 -1 0.405378 0.291697 1255.824951 -1.000000 -1.000000 0.000209
-2 2 0.328449 0.686901 1809.061035 -1.000000 -1.000000 0.000217
2 -2 0.470266 0.432311 1272.079956 -1.000000 -1.000000 0.000345
2 -2 0.435534 0.307771 1440.738037 -1.000000 -1.000000 0.000078
2 -2 0.458906 0.284916 1446.366943 -1.000000 -1.000000 0.000268
-2 2 0.448944 0.310992 1361.535034 -1.000000 -1.000000 0.000092
-2 2 0.263356 0.513915 1316.046997 -1.000000 -1.000000 0.000225
0 0 0.453852 0.404394 1680.546997 -1.000000 -1.000000 0.000288
2 -2 0.504810 0.206078 1289.470947 -1.000000 -1.000000 0.000229
-2 2 0.414184 0.289304 1379.339966 -1.000000 -1.000000 0.000187
-2 2 0.247972 0.637413 1277.947021 -1.000000 -1.000000 0.000124
0 0 0.525851 0.174993 1210.126953 -1.000000 -1.000000 0.000102
-2 2 0.231395 0.431200 1215.188965 -1.000000 -1.000000 0.000255
-2 2 0.269726 0.480854 1281.066040 -1.000000 -1.000000 0.000201
-1 1 0.467589 0.329445 1423.640015 -1.000000 -1.000000 0.000237
2 -2 0.498473 0.229259 1275.536011 -1.000000 -1.000000 0.000224
1 2 0.316692 0.529202 1213.776001 -1.000000 -1.000000 0.000181
1 -1 0.380699 0.240822 1210.792969 -1.000000 -1.000000 0.000183
-2 2 0.215883 0.440902 1225.177979 -1.000000 -1.000000 0.000227
2 -2 0.772216 0.155837 1370.965942 -1.000000 -1.000000 0.000104
-2 2 0.204451 0.489340 1244.812012 -1.000000 -1.000000 0.000135
2 -2 0.453887 0.201310 1206.287964 -1.000000 -1.000000 0.000060
0 1 0.452397 0.482435 1328.209961 -1.000000 -1.000000 0.000300
2 -2 0.560644 0.175868 1247.698975 -1.000000 -1.000000 0.000311
2 -2 0.464329 0.405110 1249.824951 -1.000000 -1.000000 0.000197
2 -2 0.456121 0.203748 1210.995972 -1.000000 -1.000000 0.000348
0 0 0.487334 0.294749 1410.665039 -1.000000 -1.000000 0.000282
0 0 0.379933 0.360681 1389.057983 -1.000000 -1.000000 0.000232
2 -2 0.611380 0.226255 1318.438965 -1.000000 -1.000000 0.000258
-1 1 0.197568 0.478044 1229.277954 -1.000000 -1.000000 0.000180
-1 1 0.340075 0.397760 1470.963013 -1.000000 -1.000000 0.000227
2 0 0.436273 0.397649 1200.094971 -1.000000 -1.000000 0.000215
-2 2 0.307331 0.386479 1324.139038 -1.000000 -1.000000 0.000218
-2 2 0.201442 0.557334 1230.120972 -1.000000 -1.000000 0.000196
-2 2 0.295419 0.613069 1500.871948 -1.000000 -1.000000 0.000217
-2 2 0.177151 0.620148 1321.274048 -1.000000 -1.000000 0.000212
2 2 0.549486 0.385391 1204.422974 -1.000000 -1.000000 0.000240
2 -2 0.375722 0.272712 1251.516968 -1.000000 -1.000000 0.000225
-2 2 0.317925 0.379766 1387.733032 -1.000000 -1.000000 0.000034
-2 2 0.366955 0.383491 1477.774048 -1.000000 -1.000000 0.000191
2 -2 0.399681 0.271868 1281.494995 -1.000000 -1.000000 0.000227
2 -2 0.349080 0.516775 1203.108032 -1.000000 -1.000000 0.000214
-2 2 0.196967 0.477262 1208.365967 -1.000000 -1.000000 0.000201
4 -4 0.274184 0.412873 1247.526978 -1.000000 -1.000000 0.000017
1 -1 0.403569 0.440585 1569.776978 -1.000000 -1.000000 0.000232
1 -1 0.299200 0.488745 1381.998047 -1.000000 -1.000000 0.000184
1 -1 0.282502 0.345942 1209.229004 -1.000000 -1.000000 0.000356
2 1 0.449179 0.584453 1350.209961 -1.000000 -1.000000 0.000211
2 -2 0.543314 0.190289 1254.089966 -1.000000 -1.000000 0.000200
2 -2 0.355993 0.267016 1203.239014 -1.000000 -1.000000 0.000216
-1 1 0.244784 0.423542 1221.375977 -1.000000 -1.000000 0.000265
-2 2 0.192807 0.492864 1203.140015 -1.000000 -1.000000 0.000228
2 -2 0.639229 0.238820 1225.275024 -1.000000 -1.000000 0.000263
2 2 0.413597 0.406005 1221.581055 -1.000000 -1.000000 0.000044
-2 2 0.275203 0.594602 1616.249023 -1.000000 -1.000000 0.000061
2 -2 0.433062 0.320521 1287.041992 -1.000000 -1.000000 0.000223
-2 2 0.390845 0.303838 1272.140015 -1.000000 -1.000000 0.000287
1 -1 0.459956 0.214623 1231.140015 -1.000000 -1.000000 0.000093
-1 1 0.246786 0.464015 1297.431030 -1.000000 -1.000000 0.000201
-1 1 0.246687 0.400076 1246.250000 -1.000000 -1.000000 0.000011
2 -2 0.469187 0.285694 1459.552002 -1.000000 -1.000000 0.000198
-2 2 0.223209 0.457664 1258.862061 -1.000000 -1.000000 0.000192
-1 1 0.173491 0.587739 1230.225952 -1.000000 -1.000000 0.000184
1 -1 0.486818 0.196322 1216.185059 -1.000000 -1.000000 0.000129
0 2 0.208512 0.755166 1226.311035 -1.000000 -1.000000 0.000141
1 -1 0.285003 0.340469 1242.406982 -1.000000 -1.000000 0.000297
2 -2 0.375933 0.354997 1206.020020 -1.000000 -1.000000 0.000207
-2 2 0.252328 0.468971 1308.869019 -1.000000 -1.000000 0.000234
2 -2 0.601687 0.159306 1222.055054 -1.000000 -1.000000 0.000212
2 -2 0.502827 0.226593 1292.463013 -1.000000 -1.000000 0.000187
2 -2 0.512293 0.216180 1218.541016 -1.000000 -1.000000 0.000248
2 -2 0.309004 0.337822 1291.994995 -1.000000 -1.000000 0.000187
-2 2 0.256220 0.453750 1328.031982 -1.000000 -1.000000 0.000167
-2 2 0.292609 0.336930 1228.394043 -1.000000 -1.000000 0.000352
2 0 0.453674 0.427389 1519.541992 -1.000000 -1.000000 0.000197
-2 2 0.269801 0.416615 1297.552979 -1.000000 -1.000000 0.000164
2 -2 0.393988 0.281368 1202.488037 -1.000000 -1.000000 0.000257
2 -2 0.557846 0.286858 1354.779053 -1.000000 -1.000000 0.000262
2 -2 0.525726 0.223840 1211.157959 -1.000000 -1.000000 0.000237
0 0 0.266369 0.602130 1235.285034 -1.000000 -1.000000 0.000281
-2 2 0.163794 0.665457 1220.590942 -1.000000 -1.000000 0.000344
2 -2 0.536001 0.221620 1361.504028 -1.000000 -1.000000 0.000215
-1 1 0.192935 0.749999 1507.952026 -1.000000 -1.000000 0.000000
-1 1 0.326613 0.373780 1397.353027 -1.000000 -1.000000 0.000315
-2 2 0.266460 0.425891 1209.849976 -1.000000 -1.000000 0.000078
2 2 0.554834 0.430649 1419.567017 -1.000000 -1.000000 0.000145
0 0 0.208110 0.518491 1313.152954 -1.000000 -1.000000 0.000227
2 -2 0.302912 0.448397 1299.472046 -1.000000 -1.000000 0.000045
0 0 0.241318 0.424877 1257.452026 -1.000000 -1.000000 0.000200
1 -1 0.546387 0.211440 1202.909058 -1.000000 -1.000000 0.000235
2 -2 0.492926 0.297857 1517.121948 -1.000000 -1.000000 0.000167
2 -2 0.397435 0.308739 1201.999023 -1.000000 -1.000000 0.000237
-1 1 0.366062 0.275781 1251.588013 -1.000000 -1.000000 0.000242
2 -2 0.429183 0.222668 1233.682007 -1.000000 -1.000000 0.000225
0 0 0.285857 0.408355 1301.425049 -1.000000 -1.000000 0.000302
2 -2 0.291466 0.495117 1491.067993 -1.000000 -1.000000 0.000298
2 -2 0.479029 0.291377 1286.911987 -1.000000 -1.000000 0.000203
-2 2 0.184278 0.569460 1265.126953 -1.000000 -1.000000 0.000194
-2 2 0.278591 0.386612 1303.130005 -1.000000 -1.000000 0.000203
2 -2 0.452286 0.420720 1245.671997 -1.000000 -1.000000 0.000146
0 0 0.467788 0.225101 1241.482056 -1.000000 -1.000000 0.000120
-2 2 0.443538 0.288547 1326.823975 -1.000000 -1.000000 0.000217
2 -2 0.564091 0.444822 1643.927979 -1.000000 -1.000000 0.000000
1 -1 0.454634 0.242433 1260.343018 -1.000000 -1.000000 0.000265
-2 2 0.357457 0.330368 1371.816040 -1.000000 -1.000000 0.000229
-2 2 0.273809 0.350752 1211.980957 -1.000000 -1.000000 0.000058
-1 1 0.261861 0.369975 1224.604980 -1.000000 -1.000000 0.000299
0 0 0.332555 0.339620 1294.869995 -1.000000 -1.000000 0.000232
0 2 0.226612 0.657796 1212.401978 -1.000000 -1.000000 0.000259
2 -2 0.350337 0.464460 1283.631958 -1.000000 -1.000000 0.000265
-2 2 0.178095 0.669457 1261.719971 -1.000000 -1.000000 0.000062
2 0 0.366413 0.299387 1210.400024 -1.000000 -1.000000 0.000200
-1 1 0.219447 0.714184 1287.635986 -1.000000 -1.000000 0.000148
-1 1 0.444678 0.349693 1321.483032 -1.000000 -1.000000 0.000426
2 -2 0.497722 0.330358 1365.974976 -1.000000 -1.000000 0.000277
2 0 0.306002 0.474811 1275.114014 -1.000000 -1.000000 0.000198
2 -2 0.701387 0.187267 1277.720947 -1.000000 -1.000000 0.000204
-1 1 0.237480 0.407363 1236.691040 -1.000000 -1.000000 0.000312
2 -2 0.378601 0.338846 1307.166992 -1.000000 -1.000000 0.000255
-1 1 0.361264 0.425456 1231.744019 -1.000000 -1.000000 0.000233
1 -1 0.392749 0.357608 1453.319946 -1.000000 -1.000000 0.000209
1 -1 0.413176 0.232735 1224.312988 -1.000000 -1.000000 0.000219
2 -2 0.380581 0.297855 1338.201050 -1.000000 -1.000000 0.000229
2 -2 0.265949 0.355221 1203.191040 -1.000000 -1.000000 0.000140
0 0 0.391473 0.291186 1285.069946 -1.000000 -1.000000 0.000135
-2 2 0.247930 0.455912 1343.385986 -1.000000 -1.000000 0.000054
2 2 0.323386 0.875451 1642.333984 -1.000000 -1.000000 0.000000
2 -2 0.469710 0.290666 1351.826050 -1.000000 -1.000000 0.000214
1 -1 0.517306 0.277600 1240.661011 -1.000000 -1.000000 0.000130
2 -2 0.490594 0.228761 1337.405029 -1.000000 -1.000000 0.000068
-1 1 0.295130 0.367351 1299.812988 -1.000000 -1.000000 0.000236
0 2 0.258302 0.434204 1213.411011 -1.000000 -1.000000 0.000224
-1 1 0.187892 0.750718 1329.021973 -1.000000 -1.000000 0.000025
-1 1 0.273490 0.342216 1201.327026 -1.000000 -1.000000 0.000047
2 -2 0.538943 0.221460 1297.484009 -1.000000 -1.000000 0.000269
2 -2 0.260132 0.444375 1297.668945 -1.000000 -1.000000 0.000263
2 -2 0.323317 0.379907 1394.762939 -1.000000 -1.000000 0.000200
2 -2 0.461945 0.203439 1207.300049 -1.000000 -1.000000 0.000193
-2 2 0.278799 0.562940 1554.147949 -1.000000 -1.000000 0.000285
1 -1 0.423007 0.256771 1213.775024 -1.000000 -1.000000 0.000342
-1 1 0.269252 0.440408 1225.295044 -1.000000 -1.000000 0.000255
2 -2 0.482187 0.204218 1249.760986 -1.000000 -1.000000 0.000212
-1 1 0.308963 0.338683 1289.722046 -1.000000 -1.000000 0.000234
2 -2 0.444528 0.250910 1217.624023 -1.000000 -1.000000 0.000271
2 -2 0.413151 0.270078 1275.317993 -1.000000 -1.000000 0.000194
-2 2 0.341452 0.363070 1327.157959 -1.000000 -1.000000 0.000197
2 2 0.423848 0.718129 1218.857056 -1.000000 -1.000000 0.000219
-2 2 0.257110 0.513508 1205.188965 -1.000000 -1.000000 0.000139
2 -2 0.436303 0.234232 1230.895996 -1.000000 -1.000000 0.000220
0 1 0.437342 0.543216 1209.670044 -1.000000 -1.000000 0.000085
-2 2 0.325629 0.310791 1264.321045 -1.000000 -1.000000 0.000201
-2 2 0.365398 0.435096 1528.696045 -1.000000 -1.000000 0.000213
-1 1 0.227622 0.489947 1308.913940 -1.000000 -1.000000 0.000305
-2 2 0.469223 0.229077 1224.285034 -1.000000 -1.000000 0.000120
2 -2 0.401053 0.224935 1200.909058 -1.000000 -1.000000 0.000099
-2 2 0.192622 0.503781 1244.062988 -1.000000 -1.000000 0.000175
-1 1 0.259378 0.373914 1239.310059 -1.000000 -1.000000 0.000202
0 1 0.297268 0.551726 1291.072021 -1.000000 -1.000000 0.000026
-2 2 0.218626 0.650765 1223.172974 -1.000000 -1.000000 0.000165
-2 2 0.253144 0.546574 1447.014038 -1.000000 -1.000000 0.000143
0 2 0.296358 0.527921 1356.239990 -1.000000 -1.000000 0.000199
2 -2 0.322608 0.421137 1471.547974 -1.000000 -1.000000 0.000199
-1 1 0.628074 0.254028 1557.056030 -1.000000 -1.000000 0.000224
-2 2 0.329903 0.527303 1258.331055 -1.000000 -1.000000 0.000233
1 -1 0.366199 0.289368 1302.090942 -1.000000 -1.000000 0.000102
1 0 0.550988 0.415083 1270.271973 -1.000000 -1.000000 0.000190
-1 1 0.295312 0.333631 1227.224976 -1.000000 -1.000000 0.000221
0 0 0.450842 0.385444 1266.137939 -1.000000 -1.000000 0.000283
-1 1 0.237294 0.388368 1203.057983 -1.000000 -1.000000 0.000205
1 -1 0.316117 0.300042 1203.229980 -1.000000 -1.000000 0.000201
2 -2 0.368072 0.315593 1271.386963 -1.000000 -1.000000 0.000297
-2 2 0.246109 0.432556 1300.538940 -1.000000 -1.000000 0.000269
2 -2 0.509205 0.183420 1201.322998 -1.000000 -1.000000 0.000156
0 0 0.335480 0.439333 1412.265015 -1.000000 -1.000000 0.000202
-1 1 0.292569 0.391514 1352.661011 -1.000000 -1.000000 0.000146
2 -2 0.473566 0.249738 1322.748047 -1.000000 -1.000000 0.000292
