0 0 0.068297 0.391996 649.031982 -1.000000 -1.000000 0.913498
2 -2 0.175017 0.099505 505.608887 -1.000000 -1.000000 1.089327
2 -2 0.297079 0.080587 611.197815 -1.000000 -1.000000 0.742729
0 0 0.156096 0.283156 751.751404 -1.000000 -1.000000 0.849515
2 -2 0.495109 0.035620 531.188171 -1.000000 -1.000000 0.804242
2 0 0.367148 0.388218 605.093628 -1.000000 -1.000000 0.031420
-2 2 0.158389 0.180029 545.950684 -1.000000 -1.000000 0.798797
-1 1 0.120055 0.130695 501.030304 -1.000000 -1.000000 0.945190
0 0 0.130807 0.167091 549.939697 -1.000000 -1.000000 1.189599
2 -2 0.344131 0.052396 534.528687 -1.000000 -1.000000 0.095527
0 0 0.191681 0.165791 603.022583 -1.000000 -1.000000 0.808157
-2 2 0.096823 0.242607 558.518616 -1.000000 -1.000000 0.916991
0 0 0.125954 0.143869 516.918396 -1.000000 -1.000000 0.808301
0 0 0.152453 0.123249 509.202911 -1.000000 -1.000000 0.807933
0 0 0.113412 0.268964 646.445374 -1.000000 -1.000000 0.593548
0 0 0.107383 0.227711 506.889709 -1.000000 -1.000000 0.536522
0 0 0.386526 0.112941 746.247192 -1.000000 -1.000000 0.799079
2 0 0.259621 0.439206 513.895325 -1.000000 -1.000000 0.401454
2 -2 0.219198 0.137160 551.209412 -1.000000 -1.000000 0.830798
1 -1 0.297251 0.101193 693.697815 -1.000000 -1.000000 0.749179
2 -2 0.148996 0.187998 550.704285 -1.000000 -1.000000 0.400121
2 0 0.419552 0.102245 637.053101 -1.000000 -1.000000 1.039565
-1 1 0.073176 0.497666 544.537292 -1.000000 -1.000000 0.680536
2 -2 0.288815 0.107750 510.426697 -1.000000 -1.000000 0.821490
1 0 0.190926 0.226673 558.884888 -1.000000 -1.000000 0.315290
0 0 0.288820 0.134536 561.459290 -1.000000 -1.000000 0.523668
-2 2 0.066105 0.385693 516.293274 -1.000000 -1.000000 0.991593
1 -1 0.140066 0.138604 557.164307 -1.000000 -1.000000 1.066097
0 0 0.247486 0.115270 507.191406 -1.000000 -1.000000 1.368009
2 -2 0.454862 0.101546 550.737671 -1.000000 -1.000000 1.072536
1 -1 0.173892 0.170018 665.961121 -1.000000 -1.000000 0.038336
2 -2 0.262676 0.100522 635.297180 -1.000000 -1.000000 1.399084
1 -1 0.055021 0.406754 548.406189 -1.000000 -1.000000 1.061400
0 0 0.189603 0.116372 528.374023 -1.000000 -1.000000 0.644522
0 0 0.074121 0.264281 542.043396 -1.000000 -1.000000 0.204559
0 0 0.093527 0.562864 627.433716 -1.000000 -1.000000 0.827417
0 2 0.130175 0.208933 587.980896 -1.000000 -1.000000 0.713296
1 -1 0.282256 0.145086 542.549500 -1.000000 -1.000000 0.854573
1 -1 0.234554 0.160894 669.592590 -1.000000 -1.000000 0.869296
0 0 0.263622 0.103635 620.345520 -1.000000 -1.000000 0.814730
0 2 0.168770 0.221625 531.999084 -1.000000 -1.000000 0.804410
2 -2 0.433358 0.054097 589.289307 -1.000000 -1.000000 0.490097
0 2 0.216065 0.334281 581.813599 -1.000000 -1.000000 0.806791
0 0 0.107525 0.196654 527.872803 -1.000000 -1.000000 0.919018
0 0 0.226278 0.121832 564.748718 -1.000000 -1.000000 0.513261
0 0 0.099558 0.203787 530.853577 -1.000000 -1.000000 0.904095
0 0 0.406629 0.105155 713.875122 -1.000000 -1.000000 0.985808
0 0 0.044181 0.365627 503.522308 -1.000000 -1.000000 1.129144
0 2 0.050275 0.526554 520.752930 -1.000000 -1.000000 1.251738
0 0 0.126281 0.230355 612.575684 -1.000000 -1.000000 0.936253
-2 2 0.169387 0.274380 741.676880 -1.000000 -1.000000 1.051887
2 0 0.544177 0.100956 653.586426 -1.000000 -1.000000 1.080359
-3 3 0.193274 0.209856 769.884277 -1.000000 -1.000000 0.939821
-1 1 0.135913 0.149909 541.653625 -1.000000 -1.000000 0.971327
1 -1 0.132396 0.184818 507.742096 -1.000000 -1.000000 0.874175
0 0 0.172958 0.162825 588.696106 -1.000000 -1.000000 1.036745
0 0 0.307309 0.284525 587.509399 -1.000000 -1.000000 0.873451
2 -2 0.252944 0.124173 585.622925 -1.000000 -1.000000 0.151122
0 0 0.257118 0.103048 502.931793 -1.000000 -1.000000 0.968203
0 0 0.165883 0.221849 575.536316 -1.000000 -1.000000 0.750970
0 1 0.152342 0.389791 1190.984009 -1.000000 -1.000000 0.836036
0 0 0.277436 0.123491 714.881470 -1.000000 -1.000000 0.825650
1 -1 0.169167 0.144586 532.923096 -1.000000 -1.000000 0.829666
0 0 0.239404 0.113497 628.598022 -1.000000 -1.000000 1.154835
0 0 0.240376 0.081940 503.869507 -1.000000 -1.000000 0.141786
0 0 0.198566 0.115783 533.648987 -1.000000 -1.000000 1.187938
1 -1 0.161225 0.153176 591.830994 -1.000000 -1.000000 1.198299
-2 2 0.155174 0.547902 681.905090 -1.000000 -1.000000 0.866024
-2 2 0.099175 0.207736 541.855896 -1.000000 -1.000000 0.959303
0 0 0.203359 0.379201 552.112427 -1.000000 -1.000000 0.961298
1 2 0.265608 0.202273 612.846130 -1.000000 -1.000000 0.841086
2 -2 0.466662 0.072996 590.392090 -1.000000 -1.000000 0.917679
1 -1 0.108970 0.148093 506.601990 -1.000000 -1.000000 0.639591
-1 1 0.041069 0.481482 550.971313 -1.000000 -1.000000 1.006088
2 -2 0.253146 0.086234 507.173798 -1.000000 -1.000000 1.066185
2 0 0.251517 0.173344 514.035217 -1.000000 -1.000000 0.787537
0 0 0.330561 0.177918 610.937988 -1.000000 -1.000000 0.833599
0 0 0.080877 0.287549 571.182129 -1.000000 -1.000000 0.692029
1 -1 0.161768 0.121705 558.046814 -1.000000 -1.000000 1.044363
0 2 0.346718 0.263861 852.085510 -1.000000 -1.000000 1.340359
-1 1 0.068205 0.403092 564.040527 -1.000000 -1.000000 0.323271
0 0 0.282025 0.072593 561.101990 -1.000000 -1.000000 0.880165
2 -2 0.525724 0.085983 532.286011 -1.000000 -1.000000 0.918542
0 2 0.103879 0.209910 542.985413 -1.000000 -1.000000 0.801543
-2 2 0.148869 0.290771 527.887207 -1.000000 -1.000000 0.241470
2 -2 0.235749 0.136642 555.406921 -1.000000 -1.000000 1.185328
0 0 0.272610 0.118525 685.858582 -1.000000 -1.000000 1.042134
-2 2 0.282157 0.278386 766.217896 -1.000000 -1.000000 0.912215
0 0 0.173314 0.175725 547.861572 -1.000000 -1.000000 0.932072
-2 2 0.223380 0.105070 599.846191 -1.000000 -1.000000 1.132073
0 2 0.421525 0.295284 565.802429 -1.000000 -1.000000 0.818624
-1 1 0.143873 0.351660 573.487671 -1.000000 -1.000000 0.860027
0 0 0.357934 0.118025 798.078674 -1.000000 -1.000000 1.125648
-2 2 0.042701 0.414535 531.830017 -1.000000 -1.000000 0.814350
0 0 0.229671 0.119380 510.777710 -1.000000 -1.000000 1.153441
0 0 0.281945 0.203547 678.147400 -1.000000 -1.000000 1.421106
2 0 0.236894 0.202622 731.409973 -1.000000 -1.000000 0.890204
-1 1 0.103610 0.338338 682.495483 -1.000000 -1.000000 0.909363
2 -2 0.129083 0.178044 519.956970 -1.000000 -1.000000 0.823492
-2 2 0.059436 0.479928 511.221802 -1.000000 -1.000000 0.908063
0 -2 0.419477 0.114126 602.964294 -1.000000 -1.000000 0.850703
0 0 0.086842 0.320154 631.769287 -1.000000 -1.000000 0.491579
-1 1 0.136016 0.260227 668.637207 -1.000000 -1.000000 0.762837
2 0 0.371942 0.196328 547.503174 -1.000000 -1.000000 0.909485
0 0 0.197264 0.228783 711.010986 -1.000000 -1.000000 0.131281
0 1 0.256555 0.159649 540.361572 -1.000000 -1.000000 0.633823
-2 2 0.083021 0.226722 508.446014 -1.000000 -1.000000 1.354681
2 -2 0.145909 0.212512 611.734680 -1.000000 -1.000000 0.789108
-2 2 0.092068 0.422694 781.417297 -1.000000 -1.000000 0.952712
0 2 0.229992 0.322828 534.166992 -1.000000 -1.000000 1.721519
2 0 0.369648 0.098132 518.075684 -1.000000 -1.000000 0.868684
2 -2 0.191200 0.110178 577.749390 -1.000000 -1.000000 0.879971
3 -3 0.089025 0.277717 539.212097 -1.000000 -1.000000 0.446948
-2 2 0.125392 0.337922 542.573730 -1.000000 -1.000000 0.387523
-2 2 0.092136 0.265445 530.844971 -1.000000 -1.000000 1.720946
-2 2 0.194624 0.268227 583.528198 -1.000000 -1.000000 1.070789
1 -1 0.286995 0.066866 530.510315 -1.000000 -1.000000 0.852368
0 1 0.341522 0.220344 516.913513 -1.000000 -1.000000 1.067719
0 0 0.352840 0.082409 562.057007 -1.000000 -1.000000 0.407287
2 0 0.476769 0.118662 790.015076 -1.000000 -1.000000 1.150641
-2 2 0.083153 0.201049 512.041870 -1.000000 -1.000000 0.917977
2 0 0.446786 0.117459 523.446777 -1.000000 -1.000000 0.471498
-2 2 0.089628 0.326278 579.002014 -1.000000 -1.000000 0.890472
1 -1 0.222156 0.078778 528.253723 -1.000000 -1.000000 0.704486
-1 1 0.060728 0.452229 651.388306 -1.000000 -1.000000 1.100906
-2 2 0.354149 0.070415 626.105591 -1.000000 -1.000000 1.090569
1 -1 0.176403 0.098781 513.431091 -1.000000 -1.000000 0.900215
0 0 0.162482 0.238262 525.662720 -1.000000 -1.000000 0.801500
1 -1 0.093400 0.261990 539.858582 -1.000000 -1.000000 0.555630
1 -1 0.298259 0.139522 768.830505 -1.000000 -1.000000 0.820657
2 0 0.624027 0.112167 532.173279 -1.000000 -1.000000 0.837595
2 2 0.204735 0.408889 614.959778 -1.000000 -1.000000 1.039563
0 0 0.144183 0.282436 644.516113 -1.000000 -1.000000 0.387286
2 -2 0.070237 0.346600 576.884705 -1.000000 -1.000000 1.045293
2 -2 0.309500 0.057578 526.835083 -1.000000 -1.000000 0.935754
0 2 0.115114 0.479962 679.347717 -1.000000 -1.000000 0.241344
-1 1 0.171602 0.158744 653.478088 -1.000000 -1.000000 0.919762
0 1 0.301603 0.420639 674.793091 -1.000000 -1.000000 0.873001
0 0 0.099143 0.341446 597.810913 -1.000000 -1.000000 0.969835
0 0 0.185970 0.237441 517.643188 -1.000000 -1.000000 0.747755
-1 1 0.069988 0.251590 530.694580 -1.000000 -1.000000 0.782712
