-2 2 0.104006 0.211199 592.726929 -1.000000 -1.000000 0.467325
0 0 0.400622 0.124053 697.395081 -1.000000 -1.000000 0.484638
-1 1 0.166873 0.356609 594.028809 -1.000000 -1.000000 0.537956
2 -2 0.465003 0.091221 622.798523 -1.000000 -1.000000 0.472639
-2 2 0.254844 0.105888 569.674927 -1.000000 -1.000000 0.173547
-2 2 0.130953 0.227494 664.110596 -1.000000 -1.000000 1.019574
1 -1 0.421541 0.091407 625.297485 -1.000000 -1.000000 0.616472
2 -2 0.311822 0.193999 741.274719 -1.000000 -1.000000 0.162781
2 2 0.465823 0.301915 941.567993 -1.000000 -1.000000 0.803378
0 2 0.064971 0.399303 551.953430 -1.000000 -1.000000 0.455240
2 0 0.622143 0.074280 576.487793 -1.000000 -1.000000 0.350822
2 -2 0.289073 0.087812 630.807800 -1.000000 -1.000000 0.642858
1 -1 0.163738 0.190358 560.970398 -1.000000 -1.000000 0.435480
-1 1 0.204278 0.144379 646.351318 -1.000000 -1.000000 0.549095
2 -2 0.080756 0.259159 556.589783 -1.000000 -1.000000 0.377445
-2 2 0.060766 0.601959 570.028625 -1.000000 -1.000000 0.490740
2 -2 0.145485 0.172243 566.186890 -1.000000 -1.000000 0.668192
0 0 0.191331 0.202644 624.527527 -1.000000 -1.000000 0.180208
2 -2 0.205110 0.184865 702.423218 -1.000000 -1.000000 0.601474
-2 2 0.063944 0.449959 586.685425 -1.000000 -1.000000 1.043138
0 0 0.044926 0.437561 557.482910 -1.000000 -1.000000 0.500192
-2 2 0.044311 0.655093 605.454712 -1.000000 -1.000000 0.616187
2 0 0.456064 0.107048 583.955688 -1.000000 -1.000000 0.695052
2 0 0.380149 0.113848 718.425293 -1.000000 -1.000000 0.332450
2 -2 0.185391 0.181328 718.487488 -1.000000 -1.000000 0.794720
2 1 0.517365 0.199936 598.493408 -1.000000 -1.000000 0.640056
0 0 0.084915 0.301070 586.073120 -1.000000 -1.000000 0.538765
0 1 0.163406 0.210801 596.506470 -1.000000 -1.000000 0.281518
2 0 0.320616 0.098664 649.028625 -1.000000 -1.000000 0.338177
0 0 0.266536 0.168886 633.726624 -1.000000 -1.000000 0.442582
2 -2 0.164540 0.166046 637.225098 -1.000000 -1.000000 0.648687
1 0 0.371917 0.099059 699.609314 -1.000000 -1.000000 0.230688
-2 2 0.241892 0.242353 564.509216 -1.000000 -1.000000 0.616502
1 -1 0.456914 0.229752 1004.552002 -1.000000 -1.000000 0.496681
2 -1 0.310225 0.150269 552.100220 -1.000000 -1.000000 0.500456
-2 2 0.056875 0.476277 605.280396 -1.000000 -1.000000 0.492474
2 -2 0.142075 0.155840 579.802185 -1.000000 -1.000000 0.492048
1 -1 0.231912 0.088269 571.939209 -1.000000 -1.000000 0.605283
0 0 0.181491 0.229810 694.531799 -1.000000 -1.000000 0.290475
0 0 0.531168 0.062875 729.570984 -1.000000 -1.000000 0.081129
2 0 0.220517 0.212193 675.664124 -1.000000 -1.000000 0.477276
0 0 0.334873 0.080094 594.970825 -1.000000 -1.000000 0.340369
-1 1 0.301959 0.176707 772.196594 -1.000000 -1.000000 0.170391
-1 0 0.154578 0.191093 553.134827 -1.000000 -1.000000 0.457586
2 -2 0.382905 0.056049 551.507385 -1.000000 -1.000000 0.686717
1 -1 0.174818 0.136723 550.672974 -1.000000 -1.000000 0.925776
-1 1 0.079500 0.294042 584.295288 -1.000000 -1.000000 0.522501
0 0 0.310950 0.232350 742.430176 -1.000000 -1.000000 0.821104
0 1 0.113469 0.336095 559.500427 -1.000000 -1.000000 0.020989
0 0 0.123222 0.157410 553.604492 -1.000000 -1.000000 0.383420
-2 2 0.165064 0.260828 579.978577 -1.000000 -1.000000 0.109043
-2 2 0.154458 0.192797 690.245728 -1.000000 -1.000000 0.393492
-2 2 0.100025 0.205286 572.840393 -1.000000 -1.000000 0.615840
2 -2 0.503294 0.041541 565.614319 -1.000000 -1.000000 0.551795
2 -2 0.342851 0.075158 558.572998 -1.000000 -1.000000 0.624396
0 0 0.381452 0.097399 609.159729 -1.000000 -1.000000 0.507689
1 -1 0.266025 0.075477 559.480286 -1.000000 -1.000000 0.676762
-1 1 0.190214 0.337733 805.311707 -1.000000 -1.000000 0.094200
0 0 0.430846 0.143079 557.476990 -1.000000 -1.000000 0.022474
0 0 0.334111 0.095437 588.172424 -1.000000 -1.000000 0.465804
-2 2 0.193357 0.143231 581.604370 -1.000000 -1.000000 0.192385
0 0 0.070172 0.322250 573.026978 -1.000000 -1.000000 0.482682
0 0 0.144035 0.131878 550.786377 -1.000000 -1.000000 0.472933
2 -2 0.517926 0.108147 941.281616 -1.000000 -1.000000 0.628770
-2 2 0.115747 0.275180 697.093872 -1.000000 -1.000000 0.494865
2 0 0.460495 0.088929 588.563293 -1.000000 -1.000000 0.537677
2 -2 0.171951 0.131023 600.183228 -1.000000 -1.000000 0.903541
2 -2 0.639758 0.165442 1185.485962 -1.000000 -1.000000 0.657958
1 -1 0.302239 0.077010 599.836792 -1.000000 -1.000000 0.527058
0 0 0.177166 0.168581 556.844910 -1.000000 -1.000000 0.476309
2 -2 0.501234 0.273457 618.968628 -1.000000 -1.000000 0.790445
2 0 0.661152 0.101997 569.244080 -1.000000 -1.000000 0.637143
-2 2 0.043492 0.542839 614.605286 -1.000000 -1.000000 0.551602
0 0 0.092216 0.250078 582.516174 -1.000000 -1.000000 0.414270
0 0 0.082385 0.544343 587.376526 -1.000000 -1.000000 0.289444
1 0 0.316357 0.206306 830.878479 -1.000000 -1.000000 0.437067
2 -2 0.347285 0.070374 588.836670 -1.000000 -1.000000 0.439214
1 -1 0.492058 0.070015 612.336304 -1.000000 -1.000000 0.483857
0 0 0.152268 0.272816 689.309570 -1.000000 -1.000000 0.569347
-2 2 0.123758 0.331487 570.864807 -1.000000 -1.000000 0.544166
-1 1 0.364314 0.062133 592.956177 -1.000000 -1.000000 0.597232
2 -2 0.241853 0.134934 567.796997 -1.000000 -1.000000 0.485151
2 0 0.334164 0.117971 552.643799 -1.000000 -1.000000 0.820579
0 0 0.316152 0.192430 550.394470 -1.000000 -1.000000 0.237575
2 -2 0.154035 0.204275 708.708679 -1.000000 -1.000000 0.581097
1 2 0.221390 0.430427 595.833618 -1.000000 -1.000000 0.476882
2 -2 0.257507 0.105646 646.650085 -1.000000 -1.000000 0.487654
-1 1 0.111694 0.266043 564.857971 -1.000000 -1.000000 0.471310
0 2 0.333336 0.536969 572.770691 -1.000000 -1.000000 0.666798
1 -1 0.106340 0.228299 615.796570 -1.000000 -1.000000 0.343905
-1 1 0.206853 0.185019 778.612915 -1.000000 -1.000000 0.143719
-1 1 0.097755 0.362709 658.201782 -1.000000 -1.000000 0.184184
2 -2 0.280084 0.156688 726.441223 -1.000000 -1.000000 0.500366
1 0 0.250480 0.267571 675.691589 -1.000000 -1.000000 0.735330
-1 1 0.193600 0.126469 584.754028 -1.000000 -1.000000 0.491433
2 -2 0.082067 0.407220 682.328308 -1.000000 -1.000000 0.469670
2 -2 0.268115 0.083060 558.058594 -1.000000 -1.000000 0.276964
-3 3 0.248020 0.096499 558.467590 -1.000000 -1.000000 0.543921
0 0 0.140937 0.288259 790.397217 -1.000000 -1.000000 0.072141
2 -2 0.242418 0.220916 684.710083 -1.000000 -1.000000 0.574317
0 1 0.138610 0.238569 637.876404 -1.000000 -1.000000 0.428683
3 2 0.301283 0.312126 748.540894 -1.000000 -1.000000 0.553042
0 0 0.043383 0.514538 588.030823 -1.000000 -1.000000 0.436707
0 0 0.180322 0.207716 673.543396 -1.000000 -1.000000 0.457280
-2 2 0.241584 0.143323 576.618591 -1.000000 -1.000000 0.469768
1 -1 0.161139 0.139200 552.897278 -1.000000 -1.000000 0.689688
-1 2 0.246414 0.482769 598.587830 -1.000000 -1.000000 0.424028
-2 2 0.203278 0.216664 550.580078 -1.000000 -1.000000 0.481549
0 0 0.136214 0.159412 559.963013 -1.000000 -1.000000 0.326130
0 0 0.251285 0.122926 562.762512 -1.000000 -1.000000 0.389864
0 0 0.113630 0.261323 689.077393 -1.000000 -1.000000 0.486332
2 -2 0.275421 0.134130 757.365173 -1.000000 -1.000000 0.140716
0 0 0.319373 0.112037 585.143494 -1.000000 -1.000000 0.512738
1 -1 0.228618 0.099260 586.756592 -1.000000 -1.000000 0.472775
-1 1 0.209791 0.241759 774.484924 -1.000000 -1.000000 0.498399
0 0 0.182850 0.212915 734.925293 -1.000000 -1.000000 0.480945
2 0 0.445091 0.080660 615.927307 -1.000000 -1.000000 0.182682
-1 1 0.156230 0.319434 883.996887 -1.000000 -1.000000 0.051962
0 0 0.198078 0.188944 562.164001 -1.000000 -1.000000 0.581053
2 0 0.513872 0.167428 550.112427 -1.000000 -1.000000 0.206980
1 -1 0.185798 0.130067 552.073120 -1.000000 -1.000000 0.469329
1 0 0.133558 0.203059 557.984985 -1.000000 -1.000000 0.494490
0 2 0.066481 0.727127 836.441589 -1.000000 -1.000000 0.694143
2 -2 0.253655 0.091462 559.535217 -1.000000 -1.000000 0.533708
-1 1 0.076957 0.306268 613.874695 -1.000000 -1.000000 0.483810
0 1 0.130144 0.483918 586.877319 -1.000000 -1.000000 0.564551
0 0 0.180361 0.147877 601.395508 -1.000000 -1.000000 0.098248
0 -2 0.102976 0.330609 566.281006 -1.000000 -1.000000 0.535171
-2 2 0.080656 0.324621 600.108521 -1.000000 -1.000000 0.315684
-2 2 0.346484 0.132738 623.739502 -1.000000 -1.000000 0.697709
-2 2 0.045846 0.585861 589.892273 -1.000000 -1.000000 0.594944
0 0 0.265500 0.218610 693.532471 -1.000000 -1.000000 0.619662
1 -1 0.250894 0.124027 616.186890 -1.000000 -1.000000 0.478552
1 -1 0.285079 0.114317 579.037292 -1.000000 -1.000000 0.671814
-2 2 0.181523 0.292321 682.355225 -1.000000 -1.000000 0.700586
2 0 0.120647 0.510616 756.767517 -1.000000 -1.000000 0.855823
1 -1 0.158650 0.272691 692.821777 -1.000000 -1.000000 0.807916
-1 1 0.358159 0.100592 661.789429 -1.000000 -1.000000 0.377422
2 -2 0.211884 0.160154 569.333008 -1.000000 -1.000000 0.275166
-1 0 0.131023 0.263556 624.873901 -1.000000 -1.000000 0.480476
0 0 0.349883 0.073166 550.045898 -1.000000 -1.000000 0.488277
2 -2 0.425843 0.059075 614.635376 -1.000000 -1.000000 0.526413
-2 2 0.154202 0.442780 1004.830994 -1.000000 -1.000000 0.506476
0 0 0.195167 0.111597 590.064392 -1.000000 -1.000000 0.536253
2 0 0.677266 0.108410 656.050415 -1.000000 -1.000000 0.506295
1 -1 0.102705 0.285144 665.746704 -1.000000 -1.000000 0.446425
0 0 0.142826 0.203444 551.038330 -1.000000 -1.000000 0.462153
-2 2 0.075106 0.325328 613.551880 -1.000000 -1.000000 0.800380
0 0 0.336697 0.479933 1361.468018 -1.000000 -1.000000 0.161188
1 0 0.160328 0.418776 569.862183 -1.000000 -1.000000 0.624368
0 2 0.197523 0.382120 675.265930 -1.000000 -1.000000 0.282895
2 -2 0.256611 0.081981 565.405029 -1.000000 -1.000000 0.552057
0 0 0.193521 0.138443 653.561096 -1.000000 -1.000000 0.544851
0 0 0.312829 0.130615 624.201782 -1.000000 -1.000000 0.489122
2 0 0.737083 0.128033 659.314087 -1.000000 -1.000000 0.223954
-1 1 0.285754 0.071362 570.872192 -1.000000 -1.000000 0.483958
0 0 0.377279 0.331246 784.563782 -1.000000 -1.000000 0.136106
-1 1 0.120438 0.234252 625.355713 -1.000000 -1.000000 0.412408
0 0 0.410259 0.066741 572.199219 -1.000000 -1.000000 0.509307
1 -1 0.259107 0.116863 625.255371 -1.000000 -1.000000 0.504505
0 0 0.258190 0.151561 639.124512 -1.000000 -1.000000 0.522069
-1 1 0.179569 0.214732 603.252380 -1.000000 -1.000000 0.628233
0 0 0.324566 0.091354 557.466980 -1.000000 -1.000000 0.182912
0 0 0.298048 0.146016 670.792419 -1.000000 -1.000000 0.789088
0 1 0.117671 0.503987 635.106018 -1.000000 -1.000000 0.651976
0 0 0.147534 0.320851 576.363586 -1.000000 -1.000000 0.386575
2 -2 0.344282 0.111096 759.458130 -1.000000 -1.000000 0.561935
0 0 0.169425 0.265377 573.241089 -1.000000 -1.000000 0.040913
0 2 0.324199 0.278890 1012.567993 -1.000000 -1.000000 0.524446
-2 2 0.275931 0.455450 1098.413940 -1.000000 -1.000000 0.613127
-2 2 0.068018 0.317405 575.177795 -1.000000 -1.000000 0.630748
2 -2 0.251484 0.097330 613.628296 -1.000000 -1.000000 0.808160
0 0 0.288483 0.168162 770.059692 -1.000000 -1.000000 0.532663
2 -2 0.302957 0.079500 550.114014 -1.000000 -1.000000 0.611962
-2 2 0.194091 0.262100 747.551514 -1.000000 -1.000000 0.187052
0 0 0.518626 0.141405 557.982483 -1.000000 -1.000000 0.660303
1 -1 0.155668 0.249240 664.844482 -1.000000 -1.000000 0.682904
-2 2 0.188849 0.145572 653.164612 -1.000000 -1.000000 0.672968
-1 1 0.396828 0.218522 677.455200 -1.000000 -1.000000 0.794358
-2 2 0.180171 0.173035 700.477173 -1.000000 -1.000000 0.107436
-2 2 0.053959 0.513574 639.072571 -1.000000 -1.000000 0.236094
-1 0 0.270650 0.312760 634.984802 -1.000000 -1.000000 0.492918
2 -2 0.173671 0.123759 572.222900 -1.000000 -1.000000 0.142825
-1 1 0.119336 0.172972 574.494202 -1.000000 -1.000000 0.023452
2 0 0.178486 0.460060 660.200073 -1.000000 -1.000000 0.530960
0 0 0.320333 0.137568 637.577515 -1.000000 -1.000000 0.484978
0 -3 0.346070 0.389768 999.084900 -1.000000 -1.000000 0.610693
1 1 0.453684 0.372806 631.598389 -1.000000 -1.000000 0.546247
-2 2 0.098055 0.204516 562.322510 -1.000000 -1.000000 0.097811
-2 2 0.056473 0.425615 605.246826 -1.000000 -1.000000 0.327404
2 -2 0.201187 0.128386 638.862915 -1.000000 -1.000000 0.515197
0 0 0.092392 0.218966 563.252930 -1.000000 -1.000000 0.648450
2 -2 0.310198 0.105664 660.401001 -1.000000 -1.000000 0.642399
0 0 0.117709 0.247890 636.329712 -1.000000 -1.000000 0.296271
2 -2 0.425835 0.077383 718.515808 -1.000000 -1.000000 0.604516
3 0 0.187672 0.172295 577.604370 -1.000000 -1.000000 0.506684
2 0 0.809722 0.083879 631.435913 -1.000000 -1.000000 0.625335
0 1 0.199768 0.235009 599.813599 -1.000000 -1.000000 0.498340
-1 1 0.202849 0.161753 677.719482 -1.000000 -1.000000 0.712122
0 0 0.135069 0.331338 812.951477 -1.000000 -1.000000 0.450816
1 -1 0.161412 0.323711 801.038086 -1.000000 -1.000000 0.668336
-2 2 0.366805 0.075831 622.561279 -1.000000 -1.000000 0.710916
