-1 1 0.183820 0.403924 1029.213013 -1.000000 -1.000000 0.033402
0 2 0.195205 0.458633 772.429688 -1.000000 -1.000000 0.041838
0 0 0.375248 0.114890 768.948975 -1.000000 -1.000000 0.025126
1 0 0.249208 0.434992 840.318481 -1.000000 -1.000000 0.038358
0 0 0.268375 0.175762 815.533630 -1.000000 -1.000000 0.015188
0 0 0.162003 0.288220 783.458984 -1.000000 -1.000000 0.002905
-2 2 0.094759 0.403558 766.581177 -1.000000 -1.000000 0.025111
2 -2 0.287010 0.289282 994.868530 -1.000000 -1.000000 0.016046
2 0 0.176242 0.279289 820.912720 -1.000000 -1.000000 0.041336
2 0 0.236389 0.230818 810.035889 -1.000000 -1.000000 0.024160
1 -1 0.376267 0.107143 787.982910 -1.000000 -1.000000 0.024591
-2 2 0.354181 0.104220 755.997620 -1.000000 -1.000000 0.032500
1 -1 0.255241 0.253011 796.416992 -1.000000 -1.000000 0.024757
0 2 0.216146 0.579045 790.325928 -1.000000 -1.000000 0.033590
-2 2 0.275485 0.157402 756.639771 -1.000000 -1.000000 0.030311
-2 2 0.116236 0.351778 783.336792 -1.000000 -1.000000 0.024576
-2 2 0.345750 0.206052 929.572327 -1.000000 -1.000000 0.029671
0 0 0.260514 0.261521 855.101379 -1.000000 -1.000000 0.025943
2 -2 0.322819 0.163078 914.502197 -1.000000 -1.000000 0.023909
0 2 0.258778 0.402057 874.956421 -1.000000 -1.000000 0.025431
-2 2 0.188276 0.290273 903.604370 -1.000000 -1.000000 0.034525
0 2 0.250778 0.442467 1103.810059 -1.000000 -1.000000 0.019133
0 0 0.130788 0.402852 783.932617 -1.000000 -1.000000 0.026286
-2 2 0.134285 0.357215 775.400879 -1.000000 -1.000000 0.039938
0 2 0.169712 0.419797 901.015686 -1.000000 -1.000000 0.009836
0 0 0.378258 0.230735 1053.797974 -1.000000 -1.000000 0.021166
-2 2 0.240371 0.240248 806.665894 -1.000000 -1.000000 0.015044
1 -1 0.346163 0.127346 812.881592 -1.000000 -1.000000 0.017738
0 0 0.226186 0.226343 900.857117 -1.000000 -1.000000 0.025140
0 0 0.152526 0.298758 788.334717 -1.000000 -1.000000 0.009369
2 -2 0.441911 0.200098 1133.395020 -1.000000 -1.000000 0.022536
-2 2 0.167606 0.230196 751.681274 -1.000000 -1.000000 0.042500
-2 2 0.135966 0.445480 818.244080 -1.000000 -1.000000 0.022610
2 -2 0.715405 0.054650 762.964294 -1.000000 -1.000000 0.033311
1 -1 0.292089 0.275112 750.981995 -1.000000 -1.000000 0.022648
-1 1 0.235510 0.192247 830.759277 -1.000000 -1.000000 0.031763
1 -1 0.237162 0.410073 997.279175 -1.000000 -1.000000 0.026709
2 -2 0.272417 0.148512 797.250671 -1.000000 -1.000000 0.012065
0 2 0.419786 0.219897 891.421204 -1.000000 -1.000000 0.023117
0 0 0.184917 0.410533 985.421082 -1.000000 -1.000000 0.023261
1 -1 0.284504 0.166499 755.935913 -1.000000 -1.000000 0.024075
2 -2 0.333320 0.143801 874.908203 -1.000000 -1.000000 0.035223
-1 1 0.191217 0.194853 771.340881 -1.000000 -1.000000 0.024576
-2 2 0.149633 0.368512 788.733215 -1.000000 -1.000000 0.026071
1 -1 0.235901 0.237164 860.044922 -1.000000 -1.000000 0.028061
0 1 0.219223 0.266448 791.819885 -1.000000 -1.000000 0.036916
2 2 0.333555 0.638022 872.998108 -1.000000 -1.000000 0.023751
0 0 0.335738 0.407781 951.552002 -1.000000 -1.000000 0.027013
0 0 0.231650 0.393560 1030.593994 -1.000000 -1.000000 0.021490
2 -2 0.186722 0.251873 853.148804 -1.000000 -1.000000 0.022503
-2 2 0.359877 0.205200 795.928894 -1.000000 -1.000000 0.001505
1 -1 0.135986 0.292415 795.523926 -1.000000 -1.000000 0.025688
1 -1 0.574937 0.084016 848.541321 -1.000000 -1.000000 0.027905
-2 2 0.409416 0.107514 817.282715 -1.000000 -1.000000 0.030450
0 0 0.181176 0.371101 824.729919 -1.000000 -1.000000 0.024849
-2 2 0.265151 0.233339 816.990601 -1.000000 -1.000000 0.006992
2 -2 0.315725 0.142906 751.471619 -1.000000 -1.000000 0.024066
1 -1 0.366809 0.149639 880.700500 -1.000000 -1.000000 0.001551
1 -1 0.367300 0.250135 1114.927002 -1.000000 -1.000000 0.026299
2 -2 0.226340 0.259421 946.317200 -1.000000 -1.000000 0.002540
-2 2 0.158224 0.293603 751.750122 -1.000000 -1.000000 0.027186
0 1 0.327784 0.202279 811.696594 -1.000000 -1.000000 0.023424
2 -2 0.244565 0.152134 769.604980 -1.000000 -1.000000 0.031371
0 0 0.215639 0.337563 782.820312 -1.000000 -1.000000 0.026466
0 0 0.267331 0.226042 907.339905 -1.000000 -1.000000 0.023856
0 1 0.213092 0.302540 891.754883 -1.000000 -1.000000 0.000866
2 0 0.521845 0.184692 1072.920044 -1.000000 -1.000000 0.022513
1 -1 0.314913 0.164144 821.419800 -1.000000 -1.000000 0.026895
-2 2 0.237895 0.399492 972.342590 -1.000000 -1.000000 0.007606
0 0 0.229384 0.306945 768.017578 -1.000000 -1.000000 0.004014
-2 2 0.314685 0.322909 1184.412964 -1.000000 -1.000000 0.027772
0 0 0.156160 0.359098 887.372375 -1.000000 -1.000000 0.035811
1 -1 0.314341 0.121385 773.521423 -1.000000 -1.000000 0.030980
-2 2 0.167968 0.369704 805.459595 -1.000000 -1.000000 0.040433
1 -1 0.304296 0.185730 870.032288 -1.000000 -1.000000 0.005369
0 2 0.168372 0.476325 764.768982 -1.000000 -1.000000 0.023540
0 0 0.273701 0.193877 886.385315 -1.000000 -1.000000 0.015523
-2 2 0.424748 0.326542 849.433472 -1.000000 -1.000000 0.018374
-2 2 0.156230 0.405548 873.646484 -1.000000 -1.000000 0.035850
1 0 0.351729 0.222945 789.308105 -1.000000 -1.000000 0.002636
-2 2 0.091930 0.518271 830.770325 -1.000000 -1.000000 0.030104
2 -2 0.401850 0.117135 770.307800 -1.000000 -1.000000 0.027390
-2 2 0.190449 0.369756 857.782410 -1.000000 -1.000000 0.029148
0 1 0.228329 0.280935 790.904602 -1.000000 -1.000000 0.024602
-1 1 0.334349 0.110433 765.514221 -1.000000 -1.000000 0.024494
2 -2 0.229128 0.341038 817.333130 -1.000000 -1.000000 0.026287
-1 1 0.203067 0.232653 847.950806 -1.000000 -1.000000 0.029708
0 3 0.437384 0.242597 831.423584 -1.000000 -1.000000 0.004863
2 -2 0.235739 0.236317 856.008423 -1.000000 -1.000000 0.014484
2 0 0.297211 0.292787 839.309082 -1.000000 -1.000000 0.019552
-2 2 0.319322 0.331894 916.126282 -1.000000 -1.000000 0.025153
-2 2 0.262767 0.375602 895.161072 -1.000000 -1.000000 0.008243
0 2 0.193117 0.502361 835.585510 -1.000000 -1.000000 0.024240
0 0 0.168912 0.273083 855.778870 -1.000000 -1.000000 0.025861
-2 2 0.173234 0.250098 758.292175 -1.000000 -1.000000 0.027392
2 0 0.376530 0.316902 770.998779 -1.000000 -1.000000 0.039634
0 2 0.406345 0.380418 785.796326 -1.000000 -1.000000 0.015840
-2 2 0.227608 0.206041 770.802429 -1.000000 -1.000000 0.016640
2 -2 0.623195 0.058394 754.601379 -1.000000 -1.000000 0.047796
0 0 0.211018 0.220050 861.848877 -1.000000 -1.000000 0.038392
2 -2 0.157116 0.243377 778.522522 -1.000000 -1.000000 0.025027
0 0 0.521801 0.108588 797.268311 -1.000000 -1.000000 0.034086
2 0 0.289210 0.340811 762.318298 -1.000000 -1.000000 0.028119
0 0 0.167466 0.450131 759.017700 -1.000000 -1.000000 0.027294
-2 2 0.184980 0.648685 784.601318 -1.000000 -1.000000 0.031293
-1 1 0.133635 0.333532 793.982971 -1.000000 -1.000000 0.023690
0 0 0.203342 0.397326 1136.767944 -1.000000 -1.000000 0.037332
0 0 0.232575 0.429492 897.187805 -1.000000 -1.000000 0.029607
2 2 0.355872 0.375450 874.228210 -1.000000 -1.000000 0.020189
-2 2 0.182329 0.202998 752.214905 -1.000000 -1.000000 0.024378
-1 1 0.115431 0.319652 760.811401 -1.000000 -1.000000 0.025644
2 0 0.492943 0.136300 830.031677 -1.000000 -1.000000 0.031626
-1 1 0.109012 0.563811 925.646301 -1.000000 -1.000000 0.001135
2 -2 0.535796 0.071241 780.565979 -1.000000 -1.000000 0.023045
2 -2 0.276478 0.157263 814.178589 -1.000000 -1.000000 0.030515
0 0 0.167746 0.213761 757.426697 -1.000000 -1.000000 0.001363
-2 0 0.372636 0.360208 1122.167969 -1.000000 -1.000000 0.027057
0 1 0.349990 0.283449 769.808105 -1.000000 -1.000000 0.024351
2 -2 0.407670 0.168711 857.272278 -1.000000 -1.000000 0.005585
-2 2 0.233612 0.197135 851.425110 -1.000000 -1.000000 0.024265
2 -2 0.307067 0.244720 836.271118 -1.000000 -1.000000 0.037052
2 -2 0.474915 0.154310 815.473206 -1.000000 -1.000000 0.023683
1 -1 0.143365 0.309221 835.997681 -1.000000 -1.000000 0.021673
2 -2 0.422266 0.112398 758.036011 -1.000000 -1.000000 0.029333
0 0 0.348153 0.171509 841.513916 -1.000000 -1.000000 0.007526
-2 2 0.150568 0.377804 763.186523 -1.000000 -1.000000 0.027196
-1 1 0.212244 0.331643 797.921021 -1.000000 -1.000000 0.028532
2 -2 0.479843 0.112252 873.930725 -1.000000 -1.000000 0.033008
0 0 0.172922 0.234686 805.780212 -1.000000 -1.000000 0.024003
2 -2 0.332575 0.123367 810.173828 -1.000000 -1.000000 0.024333
2 -2 0.112641 0.405870 854.115906 -1.000000 -1.000000 0.023563
-2 2 0.148807 0.432404 964.581421 -1.000000 -1.000000 0.014771
0 0 0.187026 0.308249 913.158691 -1.000000 -1.000000 0.001496
1 -1 0.279084 0.174779 872.988892 -1.000000 -1.000000 0.026767
-1 1 0.245284 0.259716 757.056030 -1.000000 -1.000000 0.001255
-2 2 0.192861 0.202302 762.146729 -1.000000 -1.000000 0.026152
-2 2 0.149669 0.507485 1069.170044 -1.000000 -1.000000 0.025087
-2 2 0.134154 0.505789 979.550110 -1.000000 -1.000000 0.042477
-1 1 0.294318 0.318228 948.470886 -1.000000 -1.000000 0.027438
0 0 0.185951 0.298986 876.811707 -1.000000 -1.000000 0.027610
0 0 0.114430 0.421911 795.982117 -1.000000 -1.000000 0.023868
2 2 0.449481 0.266180 760.083679 -1.000000 -1.000000 0.023944
-1 1 0.295462 0.151605 768.074585 -1.000000 -1.000000 0.037301
-1 1 0.223846 0.207378 857.214478 -1.000000 -1.000000 0.033438
-1 1 0.243240 0.272003 832.857727 -1.000000 -1.000000 0.023300
2 -2 0.289929 0.306228 880.458130 -1.000000 -1.000000 0.023515
2 -2 0.418837 0.169295 853.492493 -1.000000 -1.000000 0.005394
-1 1 0.285397 0.281567 1093.256958 -1.000000 -1.000000 0.030065
-2 2 0.208414 0.190872 791.665405 -1.000000 -1.000000 0.023412
-1 1 0.142859 0.312462 765.598816 -1.000000 -1.000000 0.023428
0 0 0.406897 0.230878 775.395691 -1.000000 -1.000000 0.041660
0 0 0.575849 0.063841 758.783203 -1.000000 -1.000000 0.023366
-2 2 0.081960 0.550870 846.754578 -1.000000 -1.000000 0.007183
1 -1 0.340781 0.121552 787.207520 -1.000000 -1.000000 0.027226
-1 1 0.060093 0.652674 772.900208 -1.000000 -1.000000 0.029182
0 0 0.231014 0.185475 824.991211 -1.000000 -1.000000 0.024248
2 -2 0.533158 0.070940 773.161804 -1.000000 -1.000000 0.035762
-1 1 0.193972 0.213539 780.365295 -1.000000 -1.000000 0.009369
-1 1 0.080464 0.461239 764.045715 -1.000000 -1.000000 0.025453
1 -1 0.257210 0.201899 755.079224 -1.000000 -1.000000 0.034695
1 -1 0.296578 0.150998 845.653503 -1.000000 -1.000000 0.027446
2 -2 0.278366 0.162969 781.890503 -1.000000 -1.000000 0.012000
-2 2 0.173200 0.271233 757.461426 -1.000000 -1.000000 0.023734
0 0 0.176319 0.593171 1284.427002 -1.000000 -1.000000 0.001843
2 -2 0.260256 0.168458 794.641418 -1.000000 -1.000000 0.024311
1 2 0.485744 0.193146 752.918274 -1.000000 -1.000000 0.027873
2 2 0.612184 0.223791 868.992126 -1.000000 -1.000000 0.023551
0 0 0.424942 0.158622 857.270996 -1.000000 -1.000000 0.026791
-1 1 0.483306 0.075028 760.648926 -1.000000 -1.000000 0.038635
2 -2 0.418094 0.131617 806.302185 -1.000000 -1.000000 0.031215
2 2 0.587280 0.191161 898.797913 -1.000000 -1.000000 0.006024
-2 2 0.128678 0.303258 766.585205 -1.000000 -1.000000 0.024700
-2 2 0.117096 0.600427 1042.051025 -1.000000 -1.000000 0.040552
-1 1 0.321205 0.218988 1053.734009 -1.000000 -1.000000 0.020649
-1 1 0.170862 0.284860 865.140198 -1.000000 -1.000000 0.023810
2 -2 0.475525 0.317369 1505.682983 -1.000000 -1.000000 0.000000
2 -2 0.456467 0.134088 870.282715 -1.000000 -1.000000 0.000967
1 -1 0.321192 0.127020 753.630798 -1.000000 -1.000000 0.029496
-2 2 0.134205 0.496804 830.286621 -1.000000 -1.000000 0.024811
-2 2 0.202207 0.493798 1025.488037 -1.000000 -1.000000 0.033763
1 -1 0.120772 0.321381 752.001770 -1.000000 -1.000000 0.021941
0 0 0.511121 0.142252 834.620300 -1.000000 -1.000000 0.022679
-2 2 0.074229 0.541030 799.234070 -1.000000 -1.000000 0.009382
2 -2 0.266674 0.177235 868.855591 -1.000000 -1.000000 0.029702
