2 -2 0.244739 0.242369 972.795227 -1.000000 -1.000000 0.000213
-2 2 0.292410 0.244848 989.504395 -1.000000 -1.000000 0.002838
-1 1 0.237183 0.476376 1210.782959 -1.000000 -1.000000 0.002692
-1 1 0.282720 0.244097 1050.114014 -1.000000 -1.000000 0.003323
-2 2 0.158489 0.542005 953.068420 -1.000000 -1.000000 0.002423
-1 1 0.201764 0.331336 1015.791992 -1.000000 -1.000000 0.002462
2 -2 0.397219 0.360711 1502.964966 -1.000000 -1.000000 0.000000
2 -2 0.556443 0.141058 1069.206055 -1.000000 -1.000000 0.002820
-2 2 0.223706 0.440679 1229.171021 -1.000000 -1.000000 0.002700
2 -2 0.413476 0.190222 976.939697 -1.000000 -1.000000 0.002728
2 -2 0.372279 0.168596 1001.278992 -1.000000 -1.000000 0.002007
2 -2 0.454989 0.162571 1038.941040 -1.000000 -1.000000 0.002399
2 -2 0.452250 0.180881 954.825928 -1.000000 -1.000000 0.000138
-2 2 0.328810 0.227258 1087.415039 -1.000000 -1.000000 0.002613
-2 2 0.119088 0.516258 990.526428 -1.000000 -1.000000 0.003602
1 -1 0.616043 0.105760 994.718018 -1.000000 -1.000000 0.004811
-2 2 0.448409 0.165389 1084.604980 -1.000000 -1.000000 0.002421
1 -1 0.235702 0.330408 1007.007996 -1.000000 -1.000000 0.002815
-2 2 0.332273 0.360456 1302.133057 -1.000000 -1.000000 0.002527
2 -2 0.622902 0.178172 1305.348022 -1.000000 -1.000000 0.002337
1 -1 0.344421 0.281806 1245.465942 -1.000000 -1.000000 0.000524
-1 1 0.240032 0.261375 999.574829 -1.000000 -1.000000 0.003130
-1 1 0.305203 0.335554 981.121399 -1.000000 -1.000000 0.002313
-2 2 0.292275 0.424064 983.819824 -1.000000 -1.000000 0.002603
2 -2 0.486876 0.237372 1350.406006 -1.000000 -1.000000 0.000278
2 -2 0.224242 0.276010 970.090393 -1.000000 -1.000000 0.002197
2 -2 0.315962 0.317102 1020.260010 -1.000000 -1.000000 0.002583
2 -2 0.223821 0.349927 1101.409058 -1.000000 -1.000000 0.002797
0 0 0.380419 0.242384 985.757996 -1.000000 -1.000000 0.005554
-2 2 0.127072 0.449191 951.927002 -1.000000 -1.000000 0.002708
2 -2 0.436684 0.154546 984.075684 -1.000000 -1.000000 0.002702
2 -2 0.451413 0.288511 1172.661011 -1.000000 -1.000000 0.000960
-1 1 0.292739 0.340521 1136.885986 -1.000000 -1.000000 0.002642
0 1 0.208141 0.526011 1038.160034 -1.000000 -1.000000 0.002579
0 0 0.297056 0.249000 994.679626 -1.000000 -1.000000 0.002422
2 -2 0.261914 0.266041 1015.565002 -1.000000 -1.000000 0.002420
2 0 0.389397 0.248762 983.735413 -1.000000 -1.000000 0.004532
-2 2 0.310676 0.234349 971.498474 -1.000000 -1.000000 0.002733
2 -2 0.403600 0.288036 1095.348999 -1.000000 -1.000000 0.002788
2 -2 0.670015 0.136430 1093.412964 -1.000000 -1.000000 0.002469
-2 2 0.239673 0.290863 964.665771 -1.000000 -1.000000 0.002250
2 -2 0.230863 0.313534 1030.858032 -1.000000 -1.000000 0.002404
-2 2 0.365589 0.288636 1015.929016 -1.000000 -1.000000 0.003740
2 -2 0.251295 0.318664 993.702026 -1.000000 -1.000000 0.000292
2 -2 0.419646 0.176543 1081.685059 -1.000000 -1.000000 0.000975
0 2 0.206766 0.636204 1039.873047 -1.000000 -1.000000 0.002596
-2 2 0.156510 0.560542 1042.711060 -1.000000 -1.000000 0.002422
-1 1 0.424630 0.363563 992.937927 -1.000000 -1.000000 0.000126
-2 2 0.314090 0.221785 997.654724 -1.000000 -1.000000 0.002713
2 -2 0.602726 0.183998 1038.651978 -1.000000 -1.000000 0.000115
2 -2 0.356657 0.187792 974.360413 -1.000000 -1.000000 0.002596
2 -2 0.168323 0.447434 1085.114990 -1.000000 -1.000000 0.004300
2 -2 0.268649 0.257536 1030.203003 -1.000000 -1.000000 0.003777
-1 1 0.355863 0.165919 969.682007 -1.000000 -1.000000 0.002467
0 0 0.308501 0.290959 1091.612061 -1.000000 -1.000000 0.002188
2 0 0.324872 0.284709 1108.964966 -1.000000 -1.000000 0.002510
-2 2 0.270903 0.211082 953.025513 -1.000000 -1.000000 0.003328
-2 2 0.146501 0.495131 986.824585 -1.000000 -1.000000 0.003788
-2 2 0.108051 0.607813 1024.358032 -1.000000 -1.000000 0.003318
-2 2 0.255932 0.481764 982.182007 -1.000000 -1.000000 0.002234
-1 1 0.366366 0.213008 1102.411011 -1.000000 -1.000000 0.000551
0 0 0.514835 0.157606 1055.087036 -1.000000 -1.000000 0.000164
0 0 0.336307 0.526097 1579.947021 -1.000000 -1.000000 0.000000
0 2 0.119775 0.543989 952.359497 -1.000000 -1.000000 0.000421
-2 2 0.508663 0.157811 1006.703003 -1.000000 -1.000000 0.004111
2 -2 0.379856 0.174008 1015.762024 -1.000000 -1.000000 0.002459
-2 2 0.423638 0.258605 1319.965942 -1.000000 -1.000000 0.003779
0 2 0.314444 0.305512 961.618103 -1.000000 -1.000000 0.002722
2 -2 0.278981 0.434718 1062.598022 -1.000000 -1.000000 0.001527
2 -2 0.465409 0.161887 1037.123047 -1.000000 -1.000000 0.004914
2 -2 0.317489 0.220242 998.261475 -1.000000 -1.000000 0.001558
1 -1 0.330604 0.249322 990.275330 -1.000000 -1.000000 0.002083
-2 2 0.197736 0.618188 1280.593018 -1.000000 -1.000000 0.002240
-2 2 0.410028 0.169149 1049.036987 -1.000000 -1.000000 0.003527
0 0 0.540421 0.110767 963.482605 -1.000000 -1.000000 0.001318
0 0 0.499474 0.325162 1306.879028 -1.000000 -1.000000 0.001442
2 0 0.255068 0.476579 984.570190 -1.000000 -1.000000 0.002320
2 2 0.301153 0.464696 1069.625977 -1.000000 -1.000000 0.003353
2 -2 0.247628 0.314729 968.613525 -1.000000 -1.000000 0.002260
0 0 0.312630 0.337301 1014.426025 -1.000000 -1.000000 0.003401
2 -2 0.266813 0.254594 1042.490967 -1.000000 -1.000000 0.003301
2 -2 0.384537 0.298120 1237.126953 -1.000000 -1.000000 0.002765
-2 2 0.144694 0.543144 1036.558960 -1.000000 -1.000000 0.002687
1 -1 0.333452 0.313798 1269.255981 -1.000000 -1.000000 0.000726
2 -2 0.636124 0.123242 1101.491943 -1.000000 -1.000000 0.002426
2 -2 0.506941 0.137385 972.904297 -1.000000 -1.000000 0.002456
2 -2 0.209013 0.345394 1035.383057 -1.000000 -1.000000 0.003366
-2 2 0.165921 0.448038 1015.307983 -1.000000 -1.000000 0.002743
0 0 0.357736 0.222463 977.693726 -1.000000 -1.000000 0.002473
2 -2 0.280032 0.306182 1105.465942 -1.000000 -1.000000 0.002674
1 0 0.479419 0.179821 1009.653992 -1.000000 -1.000000 0.002519
-2 2 0.310057 0.246762 1035.162964 -1.000000 -1.000000 0.002655
2 -2 0.721681 0.147410 1215.151978 -1.000000 -1.000000 0.001114
-2 2 0.150170 0.672367 1219.225952 -1.000000 -1.000000 0.003876
2 -2 0.475554 0.190840 1168.339966 -1.000000 -1.000000 0.003085
2 -2 0.287414 0.242494 957.245605 -1.000000 -1.000000 0.000292
0 0 0.243935 0.442656 957.194397 -1.000000 -1.000000 0.003186
0 2 0.235360 0.709769 1296.984009 -1.000000 -1.000000 0.003044
-1 1 0.306990 0.336354 1253.944946 -1.000000 -1.000000 0.001805
-2 2 0.465670 0.146277 1006.179016 -1.000000 -1.000000 0.001791
2 0 0.367736 0.233092 1010.229980 -1.000000 -1.000000 0.002871
-2 2 0.191216 0.319112 987.039490 -1.000000 -1.000000 0.001742
2 0 0.632110 0.160719 1029.540039 -1.000000 -1.000000 0.003246
-2 2 0.219240 0.483053 1189.064941 -1.000000 -1.000000 0.003476
2 -2 0.462550 0.191528 1184.775024 -1.000000 -1.000000 0.002720
-1 1 0.239373 0.257149 978.200623 -1.000000 -1.000000 0.002833
1 -1 0.527888 0.219666 1234.947998 -1.000000 -1.000000 0.002630
-1 1 0.258591 0.352290 1105.895996 -1.000000 -1.000000 0.002490
-1 1 0.185595 0.409708 1088.009033 -1.000000 -1.000000 0.000184
1 2 0.468696 0.237524 963.196716 -1.000000 -1.000000 0.003219
-1 1 0.194779 0.376803 1055.996948 -1.000000 -1.000000 0.002299
-2 2 0.196135 0.390291 1087.211060 -1.000000 -1.000000 0.001208
-2 2 0.218385 0.316584 983.594299 -1.000000 -1.000000 0.005464
0 2 0.320935 0.575214 1146.017944 -1.000000 -1.000000 0.000294
-2 2 0.083615 0.870972 1078.661987 -1.000000 -1.000000 0.000954
2 -2 0.473674 0.135368 1011.671021 -1.000000 -1.000000 0.002702
1 -1 0.236574 0.283059 986.999023 -1.000000 -1.000000 0.002463
0 1 0.379239 0.435620 953.368103 -1.000000 -1.000000 0.002558
2 0 0.366042 0.386049 1045.931030 -1.000000 -1.000000 0.003675
2 -2 0.301395 0.232349 1039.876953 -1.000000 -1.000000 0.000286
-2 2 0.190781 0.311292 968.915100 -1.000000 -1.000000 0.001172
0 0 0.315980 0.342708 1073.010986 -1.000000 -1.000000 0.000470
2 0 0.358771 0.191107 990.289307 -1.000000 -1.000000 0.002509
2 -2 0.486051 0.158547 950.760925 -1.000000 -1.000000 0.000464
-2 2 0.280023 0.446870 1338.171021 -1.000000 -1.000000 0.002643
2 -2 0.385657 0.220347 1118.915039 -1.000000 -1.000000 0.002624
0 1 0.417497 0.157348 995.409790 -1.000000 -1.000000 0.002786
0 0 0.294390 0.280501 1043.176025 -1.000000 -1.000000 0.003777
-2 2 0.193253 0.486487 972.213623 -1.000000 -1.000000 0.000116
0 0 0.296173 0.247353 1004.062012 -1.000000 -1.000000 0.003438
1 -1 0.384852 0.175006 951.904175 -1.000000 -1.000000 0.003623
2 -2 0.307646 0.205098 977.961182 -1.000000 -1.000000 0.000736
2 -2 0.254020 0.351020 1012.234985 -1.000000 -1.000000 0.002861
-2 2 0.242046 0.319834 1109.112061 -1.000000 -1.000000 0.000113
2 -2 0.516671 0.275514 973.382874 -1.000000 -1.000000 0.001222
1 -1 0.295381 0.222292 1021.762024 -1.000000 -1.000000 0.002380
-2 2 0.156225 0.510351 1128.112061 -1.000000 -1.000000 0.002730
2 -2 0.399804 0.158685 1007.375000 -1.000000 -1.000000 0.003142
-1 1 0.138350 0.627209 1128.818970 -1.000000 -1.000000 0.004112
1 -1 0.210751 0.288125 959.461182 -1.000000 -1.000000 0.000618
2 -2 0.205034 0.464981 1013.473022 -1.000000 -1.000000 0.002013
2 -2 0.503997 0.135893 968.383179 -1.000000 -1.000000 0.002693
2 -2 0.628434 0.175230 1309.432983 -1.000000 -1.000000 0.002277
-1 1 0.331150 0.251280 1130.886963 -1.000000 -1.000000 0.005800
1 -1 0.318395 0.319399 1245.718994 -1.000000 -1.000000 0.003661
0 0 0.771901 0.137763 969.468018 -1.000000 -1.000000 0.000723
2 -2 0.259447 0.229769 957.458130 -1.000000 -1.000000 0.003690
1 -1 0.495372 0.152786 962.953125 -1.000000 -1.000000 0.003444
2 -2 0.495268 0.128298 986.942017 -1.000000 -1.000000 0.001674
2 -2 0.388414 0.234553 1142.891968 -1.000000 -1.000000 0.002737
-2 2 0.318531 0.299224 1001.880005 -1.000000 -1.000000 0.002572
-2 2 0.186199 0.360216 981.947815 -1.000000 -1.000000 0.001815
-2 2 0.367723 0.181818 1033.206055 -1.000000 -1.000000 0.001516
0 0 0.154090 0.464820 1062.166016 -1.000000 -1.000000 0.002428
0 0 0.260618 0.315278 1018.783997 -1.000000 -1.000000 0.001104
2 -2 0.497768 0.180171 1054.090942 -1.000000 -1.000000 0.002487
-2 2 0.546833 0.312452 1333.792969 -1.000000 -1.000000 0.002821
-1 1 0.115817 0.616781 1056.203979 -1.000000 -1.000000 0.002467
-2 2 0.121326 0.696568 1057.831055 -1.000000 -1.000000 0.002519
2 -2 0.595640 0.104719 988.235229 -1.000000 -1.000000 0.002673
-2 2 0.243910 0.242524 972.855408 -1.000000 -1.000000 0.002596
1 -1 0.450989 0.264618 1144.088013 -1.000000 -1.000000 0.001148
2 1 0.197590 0.531828 995.851318 -1.000000 -1.000000 0.002520
2 -2 0.357766 0.292141 1125.832031 -1.000000 -1.000000 0.003722
0 0 0.296883 0.243488 953.437622 -1.000000 -1.000000 0.000717
-2 2 0.150788 0.659560 1207.141968 -1.000000 -1.000000 0.002777
2 -2 0.639636 0.143714 1141.489990 -1.000000 -1.000000 0.003227
2 -2 0.399569 0.188205 975.693970 -1.000000 -1.000000 0.002544
-1 1 0.300732 0.425011 1266.418945 -1.000000 -1.000000 0.002490
0 0 0.409403 0.307534 1045.698975 -1.000000 -1.000000 0.002497
0 0 0.217929 0.351542 1011.138977 -1.000000 -1.000000 0.002082
-2 2 0.247805 0.430069 1185.261963 -1.000000 -1.000000 0.004171
-1 1 0.341898 0.284383 1075.166016 -1.000000 -1.000000 0.002458
0 2 0.362141 0.345459 989.964905 -1.000000 -1.000000 0.003049
1 -1 0.294843 0.233381 1046.079956 -1.000000 -1.000000 0.003274
2 -2 0.498734 0.244864 1396.104004 -1.000000 -1.000000 0.003714
2 -2 0.302807 0.417043 1124.281006 -1.000000 -1.000000 0.000155
-2 2 0.230903 0.373275 1105.135010 -1.000000 -1.000000 0.000131
2 -2 0.365860 0.186835 988.359497 -1.000000 -1.000000 0.001564
2 -2 0.583851 0.394040 984.800293 -1.000000 -1.000000 0.001513
2 -2 0.341663 0.208240 972.118103 -1.000000 -1.000000 0.001162
-1 1 0.202652 0.344806 959.497681 -1.000000 -1.000000 0.002516
0 1 0.422014 0.239013 1036.048950 -1.000000 -1.000000 0.001721
2 -2 0.129445 0.451116 961.741882 -1.000000 -1.000000 0.001519
-2 2 0.278339 0.255900 1054.066040 -1.000000 -1.000000 0.002774
-2 2 0.122344 0.503932 985.564392 -1.000000 -1.000000 0.002381
2 -2 0.518242 0.140338 1077.793945 -1.000000 -1.000000 0.002744
0 1 0.481100 0.407424 1003.606018 -1.000000 -1.000000 0.000729
1 -1 0.363014 0.171801 998.507080 -1.000000 -1.000000 0.003621
2 -2 0.377313 0.208727 1121.730957 -1.000000 -1.000000 0.002555
2 -2 0.364658 0.176478 999.493225 -1.000000 -1.000000 0.004265
1 -1 0.372323 0.220939 1118.202026 -1.000000 -1.000000 0.004833
0 0 0.175084 0.587077 1134.755005 -1.000000 -1.000000 0.000504
-2 2 0.121470 0.498959 978.455322 -1.000000 -1.000000 0.002406
2 -2 0.465009 0.204782 1082.777954 -1.000000 -1.000000 0.002744
-1 1 0.314628 0.230591 1018.343018 -1.000000 -1.000000 0.002556
2 -2 0.457846 0.237087 1262.383057 -1.000000 -1.000000 0.000529
-1 1 0.301802 0.374366 1267.284058 -1.000000 -1.000000 0.002548
-2 2 0.278844 0.356428 1100.631958 -1.000000 -1.000000 0.001222
-2 2 0.541245 0.167393 1041.850952 -1.000000 -1.000000 0.002233
0 2 0.434417 0.251185 1133.687012 -1.000000 -1.000000 0.000740
-2 2 0.294918 0.272089 1132.703003 -1.000000 -1.000000 0.002520
-2 2 0.207964 0.279079 959.942383 -1.000000 -1.000000 0.005428
2 0 0.391302 0.276681 987.895813 -1.000000 -1.000000 0.001182
2 -2 0.466244 0.177585 1124.234985 -1.000000 -1.000000 0.003115
-1 1 0.202715 0.377502 1041.937012 -1.000000 -1.000000 0.000130
2 -2 0.502117 0.165713 1073.870972 -1.000000 -1.000000 0.002552
2 0 0.288006 0.246473 1005.031006 -1.000000 -1.000000 0.002971
2 -2 0.595994 0.098317 959.326172 -1.000000 -1.000000 0.002594
-1 1 0.201640 0.306972 994.124329 -1.000000 -1.000000 0.002580
0 2 0.198412 0.418448 1014.216003 -1.000000 -1.000000 0.003578
0 0 0.187746 0.414942 1078.916992 -1.000000 -1.000000 0.002619
-2 2 0.157161 0.445989 1058.980957 -1.000000 -1.000000 0.000110
