1 -1 0.347330 0.109070 731.479797 -1.000000 -1.000000 0.519303
-2 2 0.060190 0.413896 562.768005 -1.000000 -1.000000 0.778289
0 0 0.134687 0.211542 570.790894 -1.000000 -1.000000 0.371235
-2 2 0.200177 0.129525 554.226990 -1.000000 -1.000000 0.401374
0 0 0.112652 0.199264 576.597595 -1.000000 -1.000000 0.528691
0 0 0.099879 0.226051 557.156372 -1.000000 -1.000000 0.328690
4 -4 0.311648 0.110434 625.776001 -1.000000 -1.000000 0.421653
1 0 0.524556 0.064371 633.963196 -1.000000 -1.000000 0.458443
0 0 0.148044 0.330469 727.406372 -1.000000 -1.000000 0.539855
1 -1 0.217953 0.232049 617.218811 -1.000000 -1.000000 0.649870
-2 2 0.122153 0.214491 567.860474 -1.000000 -1.000000 0.454348
2 2 0.528589 0.312257 568.787720 -1.000000 -1.000000 0.031540
0 0 0.172924 0.290840 679.911621 -1.000000 -1.000000 0.338924
2 -2 0.255305 0.293824 735.390076 -1.000000 -1.000000 0.442330
-1 1 0.107385 0.292506 607.586792 -1.000000 -1.000000 0.422253
0 0 0.139472 0.427229 902.766418 -1.000000 -1.000000 0.396783
-2 2 0.233445 0.100876 566.540710 -1.000000 -1.000000 0.487850
-2 2 0.247956 0.259518 558.341675 -1.000000 -1.000000 0.357000
-2 2 0.294614 0.108141 579.831909 -1.000000 -1.000000 0.305088
2 2 0.203415 0.520253 685.665771 -1.000000 -1.000000 0.262080
0 0 0.163315 0.296812 559.843994 -1.000000 -1.000000 0.296466
-2 2 0.199169 0.300323 717.673096 -1.000000 -1.000000 0.377315
2 1 0.172853 0.333102 592.740112 -1.000000 -1.000000 0.404258
2 0 0.448817 0.081832 606.255310 -1.000000 -1.000000 0.301820
-2 2 0.258827 0.363436 1009.896973 -1.000000 -1.000000 0.381863
1 -1 0.191632 0.254558 608.900024 -1.000000 -1.000000 0.332837
-2 2 0.180161 0.134178 610.922607 -1.000000 -1.000000 0.296786
1 -1 0.294440 0.083029 623.326172 -1.000000 -1.000000 0.031202
1 -1 0.163119 0.145047 615.250793 -1.000000 -1.000000 0.397784
0 2 0.251404 0.228559 814.141418 -1.000000 -1.000000 0.416613
-1 1 0.107732 0.323529 746.761230 -1.000000 -1.000000 0.111168
2 1 0.188584 0.417225 620.350098 -1.000000 -1.000000 0.410167
2 -2 0.184905 0.164298 669.133118 -1.000000 -1.000000 0.366177
-2 2 0.193584 0.143216 561.200989 -1.000000 -1.000000 0.457322
2 -2 0.442427 0.079906 612.760315 -1.000000 -1.000000 0.139074
-2 2 0.201051 0.185935 670.691528 -1.000000 -1.000000 0.235796
-1 1 0.087264 0.529100 637.169128 -1.000000 -1.000000 0.696334
1 0 0.368997 0.239950 573.016174 -1.000000 -1.000000 0.346555
2 -2 0.215942 0.090795 559.085510 -1.000000 -1.000000 0.356623
2 -2 0.355373 0.084321 639.942810 -1.000000 -1.000000 0.604879
2 -2 0.360621 0.141331 725.137817 -1.000000 -1.000000 0.444516
0 4 0.188678 0.202144 566.768616 -1.000000 -1.000000 0.388262
2 0 0.237657 0.124190 569.508972 -1.000000 -1.000000 0.417680
-2 2 0.130140 0.198942 570.390320 -1.000000 -1.000000 0.358474
0 1 0.367666 0.347643 805.476318 -1.000000 -1.000000 0.502204
1 -1 0.362857 0.175060 969.356506 -1.000000 -1.000000 0.409400
1 -1 0.336421 0.078258 571.766724 -1.000000 -1.000000 0.182737
0 0 0.118289 0.243140 582.039490 -1.000000 -1.000000 0.381280
0 0 0.331690 0.293092 730.129211 -1.000000 -1.000000 0.570368
2 -2 0.503531 0.053808 586.065491 -1.000000 -1.000000 0.023239
-2 2 0.354865 0.133683 739.025391 -1.000000 -1.000000 0.339296
0 2 0.101260 0.294411 617.402588 -1.000000 -1.000000 0.357715
2 -2 0.250540 0.080368 565.894287 -1.000000 -1.000000 0.107947
-2 2 0.061834 0.507007 583.541077 -1.000000 -1.000000 0.396522
0 0 0.424366 0.103760 631.012817 -1.000000 -1.000000 0.416636
1 -1 0.341296 0.086680 647.489075 -1.000000 -1.000000 0.320417
2 -2 0.315473 0.080997 601.580688 -1.000000 -1.000000 0.365464
2 0 0.487896 0.080273 629.045227 -1.000000 -1.000000 0.485514
0 2 0.164163 0.430932 652.694397 -1.000000 -1.000000 0.029796
-1 1 0.215831 0.104417 588.763306 -1.000000 -1.000000 0.020431
-2 2 0.114956 0.448224 578.461182 -1.000000 -1.000000 0.368477
1 0 0.159073 0.389252 621.041687 -1.000000 -1.000000 0.450343
-1 1 0.226862 0.137246 601.023315 -1.000000 -1.000000 0.369357
0 0 0.166911 0.204181 626.608582 -1.000000 -1.000000 0.405508
0 0 0.150949 0.356578 570.380188 -1.000000 -1.000000 0.018498
0 0 0.242983 0.156607 618.373291 -1.000000 -1.000000 0.304961
0 2 0.098087 0.412200 648.217224 -1.000000 -1.000000 0.493169
2 -2 0.322918 0.089861 629.337280 -1.000000 -1.000000 0.714394
-1 1 0.088851 0.265071 563.703979 -1.000000 -1.000000 0.476318
-2 2 0.359655 0.203686 635.668884 -1.000000 -1.000000 0.456944
-2 2 0.126540 0.327040 633.391174 -1.000000 -1.000000 0.030310
2 -2 0.472692 0.053497 624.322021 -1.000000 -1.000000 0.347552
-2 2 0.355637 0.217332 563.282104 -1.000000 -1.000000 0.512659
-2 2 0.134897 0.405893 780.966797 -1.000000 -1.000000 0.271637
2 -2 0.251802 0.079277 563.456909 -1.000000 -1.000000 0.499026
0 0 0.209107 0.194796 689.527771 -1.000000 -1.000000 0.107417
2 0 0.301295 0.075126 553.999573 -1.000000 -1.000000 0.380856
2 -2 0.209243 0.131632 628.286011 -1.000000 -1.000000 0.356013
-1 1 0.156329 0.210007 659.121277 -1.000000 -1.000000 0.355514
-2 2 0.112175 0.317181 612.477478 -1.000000 -1.000000 0.494663
0 0 0.132411 0.161167 564.246399 -1.000000 -1.000000 0.772278
0 0 0.355768 0.109073 641.606506 -1.000000 -1.000000 0.507000
0 0 0.108748 0.326831 586.169800 -1.000000 -1.000000 0.363532
2 -2 0.280096 0.144445 562.692810 -1.000000 -1.000000 0.357321
0 2 0.178378 0.327377 551.430420 -1.000000 -1.000000 0.795336
0 0 0.145280 0.185098 641.275879 -1.000000 -1.000000 0.371749
-2 2 0.183955 0.173542 697.570679 -1.000000 -1.000000 0.016192
0 2 0.247529 0.096727 557.020813 -1.000000 -1.000000 0.364717
-2 2 0.167038 0.437307 595.226624 -1.000000 -1.000000 0.374771
0 0 0.237097 0.298364 817.239929 -1.000000 -1.000000 0.354138
0 2 0.092831 0.428458 698.687500 -1.000000 -1.000000 0.131546
0 1 0.278732 0.323932 619.946594 -1.000000 -1.000000 0.336937
2 -2 0.216145 0.164531 624.971924 -1.000000 -1.000000 0.059092
2 -2 0.175771 0.287596 607.109985 -1.000000 -1.000000 0.220115
1 -1 0.240257 0.167615 609.554077 -1.000000 -1.000000 0.181482
0 1 0.116949 0.373701 619.943298 -1.000000 -1.000000 0.338558
0 0 0.108547 0.335626 552.874817 -1.000000 -1.000000 0.033492
-1 1 0.061654 0.393562 559.382812 -1.000000 -1.000000 0.345915
2 -2 0.119072 0.173788 564.665222 -1.000000 -1.000000 0.445023
4 -4 0.156743 0.138561 558.658813 -1.000000 -1.000000 0.349592
-1 1 0.130346 0.195065 550.677185 -1.000000 -1.000000 0.020660
-2 2 0.080897 0.357227 597.256226 -1.000000 -1.000000 0.374704
2 -2 0.485697 0.076407 650.245117 -1.000000 -1.000000 0.481624
0 0 0.196778 0.346699 572.189575 -1.000000 -1.000000 0.221417
2 -2 0.240066 0.182984 757.630798 -1.000000 -1.000000 0.483170
-1 1 0.235859 0.121333 647.112976 -1.000000 -1.000000 0.397219
0 0 0.064715 0.306176 563.030090 -1.000000 -1.000000 0.334405
1 -1 0.452132 0.140474 650.333801 -1.000000 -1.000000 0.464172
0 0 0.292053 0.191707 683.097290 -1.000000 -1.000000 0.108753
1 -1 0.200515 0.150899 600.515991 -1.000000 -1.000000 0.403071
0 2 0.344588 0.412655 647.622314 -1.000000 -1.000000 0.430979
0 0 0.069145 0.323870 597.123779 -1.000000 -1.000000 0.221967
1 -1 0.314612 0.219902 1004.153015 -1.000000 -1.000000 0.367096
2 -2 0.148069 0.160915 614.616272 -1.000000 -1.000000 0.457956
2 -2 0.167263 0.178316 608.172424 -1.000000 -1.000000 0.406428
0 1 0.076786 0.391497 638.487000 -1.000000 -1.000000 0.391756
-2 2 0.264403 0.134491 698.510803 -1.000000 -1.000000 0.342900
2 -2 0.158781 0.215146 739.288879 -1.000000 -1.000000 0.470751
2 -2 0.492832 0.057805 613.324585 -1.000000 -1.000000 0.472319
1 -1 0.261773 0.158164 786.020630 -1.000000 -1.000000 0.197730
0 0 0.203764 0.165732 626.782410 -1.000000 -1.000000 0.308155
0 0 0.165871 0.169666 612.014404 -1.000000 -1.000000 0.413697
0 2 0.168959 0.384697 558.638123 -1.000000 -1.000000 0.374745
0 2 0.208732 0.225244 726.088806 -1.000000 -1.000000 0.396032
2 0 0.232247 0.168387 562.675110 -1.000000 -1.000000 0.482185
-1 1 0.074159 0.407305 692.622498 -1.000000 -1.000000 0.604807
0 0 0.105698 0.397474 742.997925 -1.000000 -1.000000 0.390540
-2 2 0.163135 0.139304 559.969116 -1.000000 -1.000000 0.471085
0 2 0.378524 0.283428 822.760193 -1.000000 -1.000000 0.457853
-2 2 0.162462 0.216491 680.894897 -1.000000 -1.000000 0.336106
0 0 0.334602 0.316207 587.782593 -1.000000 -1.000000 0.631003
-2 2 0.315965 0.096092 658.658020 -1.000000 -1.000000 0.361095
0 0 0.346185 0.080013 665.723328 -1.000000 -1.000000 0.080805
