0 0 0.184519 0.084921 500.129791 -1.000000 -1.000000 0.172889
2 0 0.584697 0.084439 782.681213 -1.000000 -1.000000 1.702422
0 0 0.174834 0.178555 536.112671 -1.000000 -1.000000 1.483537
1 0 0.411079 0.165818 559.446777 -1.000000 -1.000000 1.188717
0 0 0.067589 0.322896 547.073608 -1.000000 -1.000000 0.571362
-2 2 0.135437 0.280257 702.906311 -1.000000 -1.000000 1.751445
2 0 0.377493 0.158914 592.103882 -1.000000 -1.000000 1.327345
2 -2 0.106287 0.165442 525.078186 -1.000000 -1.000000 1.274028
-1 1 0.071304 0.292689 546.320618 -1.000000 -1.000000 1.653882
-2 2 0.062974 0.476176 639.799927 -1.000000 -1.000000 0.383581
2 -2 0.124605 0.147831 502.180511 -1.000000 -1.000000 1.418590
2 -2 0.151268 0.123853 502.258789 -1.000000 -1.000000 1.853136
1 -1 0.265552 0.083566 573.449219 -1.000000 -1.000000 1.855461
-2 2 0.150937 0.438634 589.321289 -1.000000 -1.000000 1.850347
2 -2 0.256286 0.092433 532.130615 -1.000000 -1.000000 1.652319
0 0 0.090795 0.391743 560.270325 -1.000000 -1.000000 0.411480
1 -1 0.087348 0.216417 545.767883 -1.000000 -1.000000 1.314857
-2 2 0.043359 0.410351 532.209473 -1.000000 -1.000000 2.216330
2 0 0.476356 0.072644 557.987000 -1.000000 -1.000000 1.101033
0 0 0.054660 0.405422 540.168823 -1.000000 -1.000000 1.194575
1 -1 0.059983 0.278103 500.758301 -1.000000 -1.000000 1.499801
-1 1 0.199369 0.204870 730.427490 -1.000000 -1.000000 1.712256
0 2 0.205011 0.256658 612.265808 -1.000000 -1.000000 1.036395
0 0 0.158640 0.166616 533.450806 -1.000000 -1.000000 1.160847
3 -3 0.080759 0.264077 559.012024 -1.000000 -1.000000 1.308980
0 2 0.103881 0.512966 623.627991 -1.000000 -1.000000 1.543756
2 -2 0.154299 0.124092 514.567688 -1.000000 -1.000000 2.257713
-2 2 0.138755 0.135338 548.139526 -1.000000 -1.000000 0.926611
0 0 0.108710 0.181481 518.176086 -1.000000 -1.000000 1.586579
2 -2 0.631649 0.025861 506.241791 -1.000000 -1.000000 1.326619
-2 2 0.116677 0.299965 748.187073 -1.000000 -1.000000 1.328369
-2 2 0.372466 0.120966 550.200195 -1.000000 -1.000000 1.338614
2 -2 0.435571 0.074488 635.063110 -1.000000 -1.000000 1.338505
2 -2 0.318984 0.101179 688.967285 -1.000000 -1.000000 1.300047
0 0 0.075783 0.320192 549.246094 -1.000000 -1.000000 1.350693
1 0 0.275903 0.128353 687.741272 -1.000000 -1.000000 0.081994
0 0 0.108285 0.222977 565.819275 -1.000000 -1.000000 1.346283
-1 1 0.082858 0.265173 580.464111 -1.000000 -1.000000 1.515067
0 0 0.285004 0.062133 528.518616 -1.000000 -1.000000 1.334872
0 0 0.108634 0.158860 519.118591 -1.000000 -1.000000 1.402544
0 2 0.117952 0.629805 617.446594 -1.000000 -1.000000 2.226670
2 -2 0.384675 0.073677 626.437073 -1.000000 -1.000000 2.015479
0 0 0.220638 0.075270 503.134705 -1.000000 -1.000000 1.313039
-1 1 0.201741 0.401391 986.812683 -1.000000 -1.000000 1.267753
-2 2 0.092169 0.315461 576.567017 -1.000000 -1.000000 1.584668
0 0 0.392803 0.130250 564.223816 -1.000000 -1.000000 0.060167
0 0 0.177142 0.125664 505.071808 -1.000000 -1.000000 0.502508
-1 1 0.141259 0.244803 567.654297 -1.000000 -1.000000 1.759026
-1 1 0.090182 0.282879 618.622803 -1.000000 -1.000000 1.347214
0 0 0.201273 0.135820 511.974304 -1.000000 -1.000000 1.828673
0 0 0.634422 0.035286 516.356079 -1.000000 -1.000000 1.252526
0 2 0.211284 0.486201 734.540894 -1.000000 -1.000000 2.939418
0 0 0.178974 0.109228 535.081726 -1.000000 -1.000000 1.180594
0 0 0.156726 0.292194 618.538513 -1.000000 -1.000000 1.440873
-1 1 0.182439 0.091181 511.278687 -1.000000 -1.000000 1.280003
0 0 0.246648 0.122666 569.781494 -1.000000 -1.000000 0.631262
0 0 0.215507 0.233149 627.905029 -1.000000 -1.000000 1.719886
-2 2 0.186269 0.239461 842.754517 -1.000000 -1.000000 1.658586
-1 1 0.313164 0.111890 748.753723 -1.000000 -1.000000 1.748369
2 -2 0.180047 0.284224 656.461121 -1.000000 -1.000000 1.911698
2 -2 0.519169 0.051824 533.736328 -1.000000 -1.000000 1.279019
-2 2 0.250379 0.365665 535.054688 -1.000000 -1.000000 1.797562
-2 2 0.054554 0.595806 514.008423 -1.000000 -1.000000 1.844789
1 -1 0.143759 0.172945 607.367981 -1.000000 -1.000000 1.203037
0 0 0.202259 0.112520 540.574402 -1.000000 -1.000000 1.914479
2 0 0.199227 0.299293 585.993591 -1.000000 -1.000000 1.509225
-2 2 0.067348 0.294761 559.688599 -1.000000 -1.000000 1.656110
0 1 0.223961 0.452928 618.645691 -1.000000 -1.000000 1.927432
2 -2 0.343857 0.057188 526.643005 -1.000000 -1.000000 1.683309
1 -1 0.353561 0.075101 637.471680 -1.000000 -1.000000 2.236103
2 -2 0.248237 0.071480 503.956512 -1.000000 -1.000000 2.332090
-2 2 0.068664 0.399877 659.442627 -1.000000 -1.000000 2.214180
0 0 0.123576 0.317254 666.246216 -1.000000 -1.000000 1.712736
-1 1 0.046787 0.548238 571.385498 -1.000000 -1.000000 0.860540
1 -1 0.403914 0.137360 696.623108 -1.000000 -1.000000 1.061436
2 -2 0.265877 0.077868 520.275391 -1.000000 -1.000000 2.197747
0 1 0.090647 0.400937 528.000977 -1.000000 -1.000000 1.315339
2 -2 0.402570 0.039776 504.369812 -1.000000 -1.000000 1.294572
-2 2 0.053176 0.432337 587.773010 -1.000000 -1.000000 1.660763
0 2 0.046421 0.637004 508.844299 -1.000000 -1.000000 1.066051
-2 2 0.048601 0.353844 503.456085 -1.000000 -1.000000 0.507234
0 0 0.187747 0.094580 528.848999 -1.000000 -1.000000 1.429322
2 -2 0.243400 0.103993 635.497375 -1.000000 -1.000000 1.357380
-2 2 0.054669 0.370728 560.699097 -1.000000 -1.000000 1.827956
-2 2 0.098355 0.237813 557.752625 -1.000000 -1.000000 1.844688
0 0 0.306729 0.330846 513.008911 -1.000000 -1.000000 1.379187
0 0 0.329550 0.112098 574.593079 -1.000000 -1.000000 1.200914
-2 2 0.208930 0.100606 573.502319 -1.000000 -1.000000 1.360229
2 0 0.436027 0.098323 505.116302 -1.000000 -1.000000 1.414946
0 1 0.283362 0.139447 591.659302 -1.000000 -1.000000 1.442261
1 0 0.283578 0.103051 504.372009 -1.000000 -1.000000 1.447396
-2 2 0.056263 0.384951 531.771118 -1.000000 -1.000000 1.281870
-2 2 0.090278 0.241435 573.806274 -1.000000 -1.000000 2.545697
-2 2 0.061334 0.744547 762.178223 -1.000000 -1.000000 1.485525
1 2 0.184866 0.353132 520.406982 -1.000000 -1.000000 0.080133
0 0 0.265719 0.154290 588.334290 -1.000000 -1.000000 1.539853
-2 2 0.038165 0.468617 514.667786 -1.000000 -1.000000 1.885533
0 0 0.086962 0.271327 560.543518 -1.000000 -1.000000 1.300809
2 -2 0.384257 0.141265 927.298889 -1.000000 -1.000000 1.869106
1 0 0.156262 0.184857 594.394226 -1.000000 -1.000000 1.666390
0 0 0.041388 0.395510 500.916290 -1.000000 -1.000000 1.284422
1 -1 0.134821 0.122279 512.839294 -1.000000 -1.000000 1.769227
-2 2 0.097355 0.213887 563.070984 -1.000000 -1.000000 0.521113
0 0 0.260168 0.144561 616.141785 -1.000000 -1.000000 1.406022
1 -1 0.302660 0.086558 571.963318 -1.000000 -1.000000 1.158633
0 0 0.160530 0.144764 553.888672 -1.000000 -1.000000 1.441894
2 0 0.170190 0.201596 567.609680 -1.000000 -1.000000 1.729795
2 -2 0.218742 0.111068 558.372620 -1.000000 -1.000000 1.619032
0 0 0.137510 0.157487 563.109070 -1.000000 -1.000000 0.873744
0 0 0.209933 0.136140 533.721924 -1.000000 -1.000000 0.200707
2 0 0.666727 0.097195 503.869904 -1.000000 -1.000000 1.410505
2 -2 0.281442 0.063940 507.111298 -1.000000 -1.000000 0.773531
0 0 0.375260 0.170651 693.688477 -1.000000 -1.000000 2.162646
2 -2 0.542602 0.053814 539.377991 -1.000000 -1.000000 0.958113
0 0 0.059986 0.300641 528.262390 -1.000000 -1.000000 1.318665
0 0 0.243073 0.084003 568.469788 -1.000000 -1.000000 1.557128
-2 2 0.182314 0.203940 590.929993 -1.000000 -1.000000 0.600250
0 2 0.064195 0.559224 581.776123 -1.000000 -1.000000 1.711540
1 -1 0.109945 0.155770 519.982117 -1.000000 -1.000000 1.352958
2 0 0.332977 0.130713 609.248901 -1.000000 -1.000000 1.451048
2 2 0.199415 0.301663 531.572205 -1.000000 -1.000000 1.710521
0 0 0.135732 0.165461 508.277802 -1.000000 -1.000000 1.853975
0 0 0.168474 0.152895 516.523682 -1.000000 -1.000000 1.465496
-2 2 0.112906 0.195536 568.349792 -1.000000 -1.000000 1.492347
1 0 0.145914 0.194095 606.530090 -1.000000 -1.000000 0.497112
0 0 0.153055 0.123094 545.767883 -1.000000 -1.000000 1.336773
-2 2 0.063206 0.361840 584.588806 -1.000000 -1.000000 2.755611
0 -1 0.191731 0.259277 550.510803 -1.000000 -1.000000 1.570923
0 0 0.114862 0.153837 521.392883 -1.000000 -1.000000 0.640865
0 0 0.218753 0.154568 505.705292 -1.000000 -1.000000 1.643617
2 -2 0.448783 0.039282 507.807007 -1.000000 -1.000000 0.805495
-2 2 0.125267 0.399145 832.697998 -1.000000 -1.000000 1.497448
-1 1 0.079824 0.240577 550.974792 -1.000000 -1.000000 1.823379
0 0 0.189878 0.349736 796.816223 -1.000000 -1.000000 1.288388
0 0 0.144517 0.581580 742.370789 -1.000000 -1.000000 1.831381
0 0 0.163933 0.300137 613.499512 -1.000000 -1.000000 2.182571
2 -2 0.130366 0.132391 510.589600 -1.000000 -1.000000 1.918312
2 0 0.455866 0.109943 631.082092 -1.000000 -1.000000 0.401668
