0 0 0.130080 0.316743 734.050476 -1.000000 -1.000000 0.097076
-2 2 0.247150 0.121242 689.696472 -1.000000 -1.000000 0.168201
2 -2 0.067959 0.413595 666.391724 -1.000000 -1.000000 0.011499
2 -2 0.209315 0.267627 763.951294 -1.000000 -1.000000 0.005970
-1 1 0.287958 0.131649 728.289124 -1.000000 -1.000000 0.128345
1 0 0.236004 0.190296 682.689880 -1.000000 -1.000000 0.243177
0 0 0.199461 0.173507 668.646301 -1.000000 -1.000000 0.168016
0 0 0.332616 0.183738 902.518616 -1.000000 -1.000000 0.176558
2 0 0.389068 0.148333 674.189819 -1.000000 -1.000000 0.152645
-2 2 0.114289 0.368805 744.086670 -1.000000 -1.000000 0.096996
2 -2 0.366005 0.096741 654.721375 -1.000000 -1.000000 0.013605
1 0 0.214034 0.231723 691.316772 -1.000000 -1.000000 0.161760
-2 2 0.268384 0.216964 805.360229 -1.000000 -1.000000 0.119221
0 0 0.192333 0.457647 922.233704 -1.000000 -1.000000 0.167493
0 0 0.202658 0.134238 651.401611 -1.000000 -1.000000 0.080846
0 0 0.239002 0.323408 740.046570 -1.000000 -1.000000 0.109878
0 2 0.289300 0.270003 1019.664001 -1.000000 -1.000000 0.121926
0 0 0.138196 0.208510 658.443909 -1.000000 -1.000000 0.165930
1 -1 0.232464 0.216871 731.326904 -1.000000 -1.000000 0.075901
2 -2 0.446433 0.205824 1158.978027 -1.000000 -1.000000 0.113085
-2 2 0.109175 0.279822 674.428589 -1.000000 -1.000000 0.259842
-2 2 0.061890 0.493761 681.826111 -1.000000 -1.000000 0.153996
2 -2 0.325695 0.137532 733.525696 -1.000000 -1.000000 0.005837
0 0 0.124067 0.293927 698.760803 -1.000000 -1.000000 0.152831
2 -2 0.227876 0.141732 717.968506 -1.000000 -1.000000 0.117961
-1 1 0.149564 0.204114 681.463989 -1.000000 -1.000000 0.151898
2 -2 0.173448 0.218758 735.395386 -1.000000 -1.000000 0.157081
1 -1 0.201165 0.154406 704.942383 -1.000000 -1.000000 0.058353
-2 2 0.068300 0.625735 758.321106 -1.000000 -1.000000 0.137966
0 2 0.110302 0.491323 834.811707 -1.000000 -1.000000 0.155138
0 2 0.158882 0.406573 694.495483 -1.000000 -1.000000 0.122747
0 0 0.187478 0.286559 659.997375 -1.000000 -1.000000 0.135460
2 -2 0.320991 0.094095 694.108093 -1.000000 -1.000000 0.191778
0 0 0.244476 0.267439 677.746399 -1.000000 -1.000000 0.019545
2 -2 0.126125 0.244762 683.415222 -1.000000 -1.000000 0.131018
0 1 0.145583 0.428085 705.250977 -1.000000 -1.000000 0.112652
2 -2 0.675284 0.085212 714.416382 -1.000000 -1.000000 0.127369
2 -2 0.360266 0.173313 917.239014 -1.000000 -1.000000 0.122794
0 1 0.129259 0.474463 678.542603 -1.000000 -1.000000 0.132049
0 1 0.308723 0.165638 806.663391 -1.000000 -1.000000 0.131993
1 -1 0.311128 0.310330 740.961670 -1.000000 -1.000000 0.176170
2 0 0.318716 0.180493 709.485901 -1.000000 -1.000000 0.126500
-2 2 0.161814 0.294081 710.496399 -1.000000 -1.000000 0.259096
-2 2 0.063705 0.755736 873.776489 -1.000000 -1.000000 0.154899
0 0 0.173461 0.188182 717.156921 -1.000000 -1.000000 0.067122
-2 2 0.135082 0.211053 670.721130 -1.000000 -1.000000 0.176896
0 1 0.351005 0.214541 697.109680 -1.000000 -1.000000 0.148399
0 0 0.087744 0.472478 686.990417 -1.000000 -1.000000 0.143954
-2 2 0.129241 0.336908 787.301697 -1.000000 -1.000000 0.151224
-1 1 0.116613 0.391888 687.820312 -1.000000 -1.000000 0.168543
-2 2 0.148481 0.199164 682.772827 -1.000000 -1.000000 0.086059
-2 2 0.155037 0.280910 767.228271 -1.000000 -1.000000 0.150290
0 0 0.261813 0.108469 656.722412 -1.000000 -1.000000 0.138943
0 0 0.108902 0.260110 669.367615 -1.000000 -1.000000 0.252575
-2 2 0.137695 0.233436 715.421204 -1.000000 -1.000000 0.005968
0 0 0.398494 0.119083 800.692810 -1.000000 -1.000000 0.121483
-2 2 0.256599 0.141960 758.193726 -1.000000 -1.000000 0.138245
0 0 0.404307 0.084585 658.544495 -1.000000 -1.000000 0.125010
-1 1 0.159885 0.182440 658.767822 -1.000000 -1.000000 0.128247
2 -2 0.500618 0.074284 766.351318 -1.000000 -1.000000 0.163218
1 -1 0.292289 0.131822 679.755310 -1.000000 -1.000000 0.120899
0 0 0.394179 0.078681 704.088928 -1.000000 -1.000000 0.133495
0 0 0.203403 0.228692 777.726379 -1.000000 -1.000000 0.069384
0 0 0.166898 0.184050 667.032471 -1.000000 -1.000000 0.121263
-2 2 0.127880 0.411216 748.655701 -1.000000 -1.000000 0.156613
-3 3 0.291777 0.137972 669.146423 -1.000000 -1.000000 0.123105
-2 2 0.088205 0.411034 665.800720 -1.000000 -1.000000 0.120722
-2 2 0.257758 0.360983 839.446106 -1.000000 -1.000000 0.110215
2 -2 0.221652 0.132357 684.024902 -1.000000 -1.000000 0.009739
1 -1 0.222433 0.133440 667.987183 -1.000000 -1.000000 0.109870
1 -1 0.242788 0.142424 737.342529 -1.000000 -1.000000 0.128444
2 -2 0.225113 0.290514 691.528198 -1.000000 -1.000000 0.201167
2 -2 0.350464 0.133938 728.524292 -1.000000 -1.000000 0.119820
-1 1 0.198111 0.207449 667.997375 -1.000000 -1.000000 0.108273
-1 1 0.122464 0.406007 762.994629 -1.000000 -1.000000 0.124660
-1 1 0.257668 0.257101 992.391113 -1.000000 -1.000000 0.097278
0 0 0.060502 0.536258 686.567078 -1.000000 -1.000000 0.146550
2 -2 0.325804 0.096050 655.879211 -1.000000 -1.000000 0.115914
1 -1 0.408053 0.105873 759.497803 -1.000000 -1.000000 0.151069
-2 2 0.318730 0.108905 732.119080 -1.000000 -1.000000 0.122347
2 -2 0.589772 0.055856 666.834473 -1.000000 -1.000000 0.088020
-4 0 0.116412 0.395396 685.118896 -1.000000 -1.000000 0.169410
0 0 0.187642 0.233736 667.179688 -1.000000 -1.000000 0.135815
0 0 0.194107 0.176787 719.417297 -1.000000 -1.000000 0.121000
1 -1 0.214938 0.232733 840.195679 -1.000000 -1.000000 0.082687
2 -2 0.449398 0.115072 760.148499 -1.000000 -1.000000 0.010828
2 -2 0.352031 0.146865 737.045593 -1.000000 -1.000000 0.071842
0 0 0.195229 0.136049 651.780212 -1.000000 -1.000000 0.152101
-1 1 0.072612 0.458593 686.653381 -1.000000 -1.000000 0.144650
2 -2 0.293991 0.155063 698.472900 -1.000000 -1.000000 0.133372
0 0 0.190697 0.241231 857.751404 -1.000000 -1.000000 0.131159
2 -2 0.541320 0.061813 731.628906 -1.000000 -1.000000 0.106078
2 -2 0.423612 0.152357 939.935730 -1.000000 -1.000000 0.210395
1 -1 0.560614 0.058535 679.654114 -1.000000 -1.000000 0.127307
1 -1 0.607937 0.092358 802.157776 -1.000000 -1.000000 0.083819
2 -2 0.137788 0.289028 798.122986 -1.000000 -1.000000 0.135942
-2 2 0.133296 0.519254 1022.043030 -1.000000 -1.000000 0.119434
-2 2 0.182715 0.251265 675.991394 -1.000000 -1.000000 0.168989
0 -1 0.204544 0.494039 684.924622 -1.000000 -1.000000 0.114554
0 2 0.087699 0.612690 664.077271 -1.000000 -1.000000 0.232804
0 2 0.424689 0.271793 800.070679 -1.000000 -1.000000 0.168897
0 0 0.327938 0.187544 974.532227 -1.000000 -1.000000 0.134577
0 0 0.262427 0.168744 661.762878 -1.000000 -1.000000 0.136892
0 0 0.282013 0.249537 794.430420 -1.000000 -1.000000 0.160062
2 -2 0.319216 0.231846 739.498901 -1.000000 -1.000000 0.120317
-2 2 0.104936 0.629223 781.423584 -1.000000 -1.000000 0.129846
-1 1 0.262568 0.153268 750.529724 -1.000000 -1.000000 0.121612
-2 2 0.250750 0.127312 650.954407 -1.000000 -1.000000 0.119612
2 -2 0.339504 0.083682 665.838684 -1.000000 -1.000000 0.051211
-2 2 0.166054 0.492534 742.517822 -1.000000 -1.000000 0.159135
0 0 0.251575 0.268063 763.940674 -1.000000 -1.000000 0.255592
-2 2 0.295154 0.232321 721.636719 -1.000000 -1.000000 0.136566
-2 2 0.126045 0.223165 664.393188 -1.000000 -1.000000 0.086916
1 -1 0.276104 0.135838 719.911804 -1.000000 -1.000000 0.131856
0 2 0.161504 0.354144 736.960571 -1.000000 -1.000000 0.036199
-1 1 0.220823 0.140589 660.095825 -1.000000 -1.000000 0.026610
0 0 0.201390 0.220233 713.118896 -1.000000 -1.000000 0.005277
0 0 0.244013 0.132332 717.013794 -1.000000 -1.000000 0.007923
2 -2 0.593949 0.069117 804.811218 -1.000000 -1.000000 0.123891
2 0 0.461849 0.367702 898.340088 -1.000000 -1.000000 0.139847
1 -1 0.413171 0.095409 734.242310 -1.000000 -1.000000 0.160481
-2 2 0.274026 0.183427 896.008789 -1.000000 -1.000000 0.041191
0 0 0.216493 0.219490 778.307190 -1.000000 -1.000000 0.123872
0 0 0.384167 0.136168 797.958313 -1.000000 -1.000000 0.117415
0 0 0.151918 0.380020 734.420288 -1.000000 -1.000000 0.171675
2 -2 0.288952 0.100562 655.127502 -1.000000 -1.000000 0.117216
0 0 0.172827 0.235540 786.853516 -1.000000 -1.000000 0.105804
0 0 0.140107 0.335109 819.010925 -1.000000 -1.000000 0.091732
0 0 0.390596 0.146782 741.580078 -1.000000 -1.000000 0.163388
0 0 0.201632 0.270660 887.521179 -1.000000 -1.000000 0.133319
0 0 0.244068 0.120306 679.225220 -1.000000 -1.000000 0.058245
2 -2 0.241668 0.155225 685.442078 -1.000000 -1.000000 0.200235
0 2 0.110338 0.808047 978.858398 -1.000000 -1.000000 0.136624
2 -2 0.410403 0.082806 737.268616 -1.000000 -1.000000 0.122663
1 -1 0.200788 0.212412 775.937195 -1.000000 -1.000000 0.136834
0 0 0.074997 0.429001 670.313110 -1.000000 -1.000000 0.115434
2 -2 0.280215 0.133800 759.451172 -1.000000 -1.000000 0.197763
2 -2 0.199340 0.191631 745.319824 -1.000000 -1.000000 0.159298
2 -2 0.395638 0.114360 809.454773 -1.000000 -1.000000 0.147362
-1 1 0.282768 0.113709 717.097107 -1.000000 -1.000000 0.166402
1 -1 0.282048 0.110558 689.481323 -1.000000 -1.000000 0.169527
-2 2 0.330219 0.136625 654.470276 -1.000000 -1.000000 0.120268
-2 2 0.115020 0.247648 668.994019 -1.000000 -1.000000 0.118448
0 0 0.211798 0.168102 686.932922 -1.000000 -1.000000 0.165025
-2 2 0.185781 0.244413 780.764771 -1.000000 -1.000000 0.127603
-2 2 0.226141 0.375167 732.681519 -1.000000 -1.000000 0.173344
1 0 0.517199 0.185038 866.708496 -1.000000 -1.000000 0.154482
1 -1 0.249129 0.189965 672.483215 -1.000000 -1.000000 0.099096
1 -1 0.392931 0.091460 656.497681 -1.000000 -1.000000 0.223836
-2 2 0.249679 0.457460 713.421021 -1.000000 -1.000000 0.149954
0 0 0.170524 0.278526 778.119690 -1.000000 -1.000000 0.120565
0 0 0.494399 0.116899 863.880310 -1.000000 -1.000000 0.073348
2 -2 0.221227 0.151089 729.268921 -1.000000 -1.000000 0.135965
2 -2 0.225705 0.185745 669.071289 -1.000000 -1.000000 0.164602
2 -2 0.161252 0.215020 715.869019 -1.000000 -1.000000 0.093315
2 -2 0.143421 0.212575 678.690491 -1.000000 -1.000000 0.154763
0 0 0.200363 0.211961 698.657898 -1.000000 -1.000000 0.120139
0 0 0.161860 0.360001 770.669800 -1.000000 -1.000000 0.142635
1 1 0.443205 0.195254 792.145813 -1.000000 -1.000000 0.058185
0 0 0.284939 0.257212 676.586792 -1.000000 -1.000000 0.125579
0 0 0.107125 0.326767 719.534485 -1.000000 -1.000000 0.109967
-2 2 0.096023 0.453956 742.685730 -1.000000 -1.000000 0.154609
-1 1 0.173887 0.167418 681.698792 -1.000000 -1.000000 0.134928
-2 2 0.174231 0.222714 655.773071 -1.000000 -1.000000 0.121228
0 0 0.233970 0.475561 904.126892 -1.000000 -1.000000 0.026556
-1 1 0.171923 0.310787 707.208313 -1.000000 -1.000000 0.116410
-2 2 0.097101 0.287294 658.330383 -1.000000 -1.000000 0.108436
-1 1 0.151879 0.247664 747.034180 -1.000000 -1.000000 0.068760
1 -1 0.357110 0.137239 709.511780 -1.000000 -1.000000 0.135837
1 -1 0.132276 0.319236 694.615112 -1.000000 -1.000000 0.264897
-2 2 0.072158 0.454652 660.288696 -1.000000 -1.000000 0.073365
0 0 0.101722 0.349496 726.123230 -1.000000 -1.000000 0.031234
0 0 0.472896 0.176081 743.291382 -1.000000 -1.000000 0.004755
-2 2 0.080582 0.385105 694.873779 -1.000000 -1.000000 0.118866
-2 2 0.223213 0.332363 672.745178 -1.000000 -1.000000 0.018635
2 -2 0.548938 0.106111 861.613220 -1.000000 -1.000000 0.102323
0 -1 0.263074 0.105339 650.429504 -1.000000 -1.000000 0.139280
-2 2 0.287040 0.325716 1039.790039 -1.000000 -1.000000 0.162180
-2 2 0.159158 0.245933 791.146179 -1.000000 -1.000000 0.006700
2 -2 0.494856 0.134145 953.830322 -1.000000 -1.000000 0.112364
2 -2 0.300802 0.149275 835.562805 -1.000000 -1.000000 0.119967
0 2 0.218043 0.237092 684.171997 -1.000000 -1.000000 0.149246
2 0 0.657848 0.045390 655.073914 -1.000000 -1.000000 0.252998
2 -2 0.407494 0.159694 789.955688 -1.000000 -1.000000 0.109924
2 -2 0.203485 0.162273 650.046082 -1.000000 -1.000000 0.108365
0 2 0.194576 0.301457 661.999329 -1.000000 -1.000000 0.118879
1 0 0.359487 0.117095 678.971375 -1.000000 -1.000000 0.109078
-2 2 0.083065 0.366507 690.067810 -1.000000 -1.000000 0.115388
1 -1 0.354447 0.079742 670.221313 -1.000000 -1.000000 0.121690
2 -2 0.636741 0.124505 833.036499 -1.000000 -1.000000 0.163847
0 0 0.110809 0.452104 795.031616 -1.000000 -1.000000 0.263488
2 0 0.626235 0.240907 822.811584 -1.000000 -1.000000 0.125047
-1 1 0.188933 0.247277 835.131897 -1.000000 -1.000000 0.161646
-2 2 0.180917 0.289134 739.968201 -1.000000 -1.000000 0.203619
1 -1 0.258652 0.126159 710.788086 -1.000000 -1.000000 0.138860
-2 2 0.099305 0.284702 668.516907 -1.000000 -1.000000 0.103643
0 0 0.201144 0.219900 690.910217 -1.000000 -1.000000 0.152059
0 0 0.232883 0.137545 690.348389 -1.000000 -1.000000 0.135119
-2 2 0.134410 0.414267 837.229980 -1.000000 -1.000000 0.256492
0 0 0.209936 0.256561 741.474915 -1.000000 -1.000000 0.176671
2 0 0.632270 0.062556 656.016113 -1.000000 -1.000000 0.104568
0 2 0.136975 0.438572 681.341919 -1.000000 -1.000000 0.112383
2 -2 0.535305 0.070610 671.618774 -1.000000 -1.000000 0.111021
0 0 0.130203 0.281780 682.113220 -1.000000 -1.000000 0.072323
