0 2 0.174820 0.392346 915.445801 -1.000000 -1.000000 0.147834
1 -1 0.208664 0.152769 684.127014 -1.000000 -1.000000 0.346376
0 0 0.224485 0.278975 711.072205 -1.000000 -1.000000 0.237011
2 0 0.582362 0.258608 985.600281 -1.000000 -1.000000 0.275623
2 0 0.227644 0.242732 792.651978 -1.000000 -1.000000 0.155529
0 1 0.184758 0.435358 824.597473 -1.000000 -1.000000 0.350314
-2 2 0.165470 0.141656 604.142700 -1.000000 -1.000000 0.258998
-2 2 0.137873 0.206457 611.415771 -1.000000 -1.000000 0.010540
2 -2 0.456468 0.082010 677.087280 -1.000000 -1.000000 0.240321
1 -1 0.107424 0.231229 615.731323 -1.000000 -1.000000 0.267573
2 -2 0.417428 0.059137 627.994080 -1.000000 -1.000000 0.262315
-2 2 0.183843 0.161323 617.992126 -1.000000 -1.000000 0.325977
-1 1 0.111793 0.234424 628.411072 -1.000000 -1.000000 0.247124
2 2 0.283354 0.742894 888.475891 -1.000000 -1.000000 0.312413
0 0 0.134586 0.341082 613.984497 -1.000000 -1.000000 0.218272
1 0 0.432564 0.279906 609.216309 -1.000000 -1.000000 0.249002
-1 1 0.132068 0.216209 644.229797 -1.000000 -1.000000 0.216616
2 -2 0.226427 0.110480 623.629211 -1.000000 -1.000000 0.014090
2 -2 0.223966 0.181283 805.607300 -1.000000 -1.000000 0.289864
2 -2 0.112181 0.221271 617.933777 -1.000000 -1.000000 0.260425
2 -2 0.229393 0.127094 670.447205 -1.000000 -1.000000 0.242314
0 0 0.136768 0.267663 650.756104 -1.000000 -1.000000 0.269515
2 0 0.408945 0.226398 763.775391 -1.000000 -1.000000 0.289476
0 0 0.388732 0.134940 731.023315 -1.000000 -1.000000 0.264225
0 0 0.170906 0.314247 638.116821 -1.000000 -1.000000 0.231980
2 -2 0.223615 0.113992 619.326294 -1.000000 -1.000000 0.304208
2 -2 0.195573 0.136688 637.348389 -1.000000 -1.000000 0.213726
0 0 0.160617 0.157659 633.230225 -1.000000 -1.000000 0.233211
2 -2 0.335513 0.147760 608.198914 -1.000000 -1.000000 0.245768
0 2 0.167592 0.283955 627.550293 -1.000000 -1.000000 0.233132
1 -1 0.197755 0.134392 650.263184 -1.000000 -1.000000 0.011042
-1 1 0.088208 0.328205 671.486023 -1.000000 -1.000000 0.237059
2 -2 0.192792 0.182199 694.466370 -1.000000 -1.000000 0.262561
1 -1 0.192416 0.160416 615.185486 -1.000000 -1.000000 0.233418
0 0 0.157955 0.187785 661.649597 -1.000000 -1.000000 0.238297
2 0 0.279852 0.144630 629.645081 -1.000000 -1.000000 0.014459
-2 2 0.043368 0.540386 603.221375 -1.000000 -1.000000 0.268256
0 0 0.125850 0.392147 668.734619 -1.000000 -1.000000 0.195675
2 -2 0.400640 0.116386 692.391907 -1.000000 -1.000000 0.252959
2 0 0.376121 0.283661 692.635315 -1.000000 -1.000000 0.480574
2 -2 0.230403 0.124096 675.890198 -1.000000 -1.000000 0.265385
-2 2 0.099663 0.280745 667.000427 -1.000000 -1.000000 0.264158
1 0 0.305394 0.152536 697.068909 -1.000000 -1.000000 0.044104
2 -2 0.318828 0.096519 654.156982 -1.000000 -1.000000 0.255410
0 0 0.121386 0.457489 774.013306 -1.000000 -1.000000 0.340991
0 0 0.105224 0.485615 725.475281 -1.000000 -1.000000 0.027652
-2 2 0.150740 0.212227 696.533875 -1.000000 -1.000000 0.296559
1 -1 0.220149 0.182700 608.050781 -1.000000 -1.000000 0.280596
2 -2 0.285814 0.138952 763.504517 -1.000000 -1.000000 0.117268
2 -2 0.200364 0.250167 813.906311 -1.000000 -1.000000 0.237968
1 -1 0.354922 0.078594 667.102295 -1.000000 -1.000000 0.287803
0 0 0.492335 0.390119 609.365723 -1.000000 -1.000000 0.226186
0 0 0.312953 0.101796 602.579407 -1.000000 -1.000000 0.259550
-2 2 0.201112 0.158373 633.442627 -1.000000 -1.000000 0.220239
0 0 0.362237 0.120544 834.207092 -1.000000 -1.000000 0.255784
-2 2 0.227134 0.116404 648.000793 -1.000000 -1.000000 0.167667
0 0 0.231732 0.139279 675.223389 -1.000000 -1.000000 0.290158
2 -2 0.555087 0.061357 723.261780 -1.000000 -1.000000 0.194326
0 0 0.358969 0.104504 706.620300 -1.000000 -1.000000 0.093972
-2 2 0.104791 0.302966 682.904785 -1.000000 -1.000000 0.299775
0 0 0.227583 0.250822 655.095581 -1.000000 -1.000000 0.335266
0 0 0.362099 0.114490 624.346130 -1.000000 -1.000000 0.297166
2 0 0.408155 0.414333 703.405273 -1.000000 -1.000000 0.322699
0 0 0.197540 0.148363 627.690796 -1.000000 -1.000000 0.013966
0 0 0.067377 0.436147 682.023621 -1.000000 -1.000000 0.393045
2 -2 0.406628 0.096408 654.561584 -1.000000 -1.000000 0.035665
0 0 0.277742 0.096828 623.651306 -1.000000 -1.000000 0.308350
2 0 0.557426 0.328500 849.210999 -1.000000 -1.000000 0.468037
-1 1 0.171265 0.166511 665.837402 -1.000000 -1.000000 0.408930
2 0 0.747025 0.157471 716.494019 -1.000000 -1.000000 0.294766
-1 1 0.241678 0.181599 716.031799 -1.000000 -1.000000 0.246741
0 0 0.335286 0.096585 650.046509 -1.000000 -1.000000 0.234871
0 0 0.085046 0.298619 606.243774 -1.000000 -1.000000 0.312014
2 -2 0.243980 0.141160 700.327393 -1.000000 -1.000000 0.305311
0 1 0.340466 0.364010 799.150208 -1.000000 -1.000000 0.235321
2 -2 0.351608 0.067209 607.573975 -1.000000 -1.000000 0.080148
0 2 0.153500 0.461081 615.003723 -1.000000 -1.000000 0.279176
0 0 0.242853 0.246756 781.218201 -1.000000 -1.000000 0.265544
1 -1 0.099720 0.315340 681.703186 -1.000000 -1.000000 0.167198
2 -2 0.488230 0.135617 657.626526 -1.000000 -1.000000 0.227950
-2 2 0.338370 0.073498 612.687195 -1.000000 -1.000000 0.271814
1 -1 0.386359 0.122236 614.625183 -1.000000 -1.000000 0.121442
0 2 0.436064 0.341471 871.689087 -1.000000 -1.000000 0.253342
2 -2 0.277236 0.275987 847.314880 -1.000000 -1.000000 0.163850
1 -1 0.265755 0.150302 660.754883 -1.000000 -1.000000 0.202606
-2 2 0.171641 0.170949 670.730286 -1.000000 -1.000000 0.114013
0 0 0.206294 0.181137 733.353577 -1.000000 -1.000000 0.290538
2 0 0.295707 0.355761 915.315430 -1.000000 -1.000000 0.337660
0 -3 0.233829 0.168510 616.153992 -1.000000 -1.000000 0.415023
2 1 0.353132 0.338823 603.221191 -1.000000 -1.000000 0.176590
0 2 0.158503 0.613620 601.946716 -1.000000 -1.000000 0.261123
1 -1 0.329136 0.201567 890.864075 -1.000000 -1.000000 0.053661
-2 2 0.110871 0.283321 666.942627 -1.000000 -1.000000 0.011086
-2 2 0.084594 0.314831 638.103882 -1.000000 -1.000000 0.332247
2 -2 0.299802 0.175116 617.006714 -1.000000 -1.000000 0.132584
2 -2 0.475555 0.051024 615.545593 -1.000000 -1.000000 0.198105
1 -1 0.195106 0.133947 644.044617 -1.000000 -1.000000 0.244775
0 0 0.236478 0.267652 648.485596 -1.000000 -1.000000 0.342382
-1 1 0.284941 0.107825 698.061096 -1.000000 -1.000000 0.248679
0 1 0.098777 0.283489 600.797119 -1.000000 -1.000000 0.340493
2 0 0.335889 0.111530 618.777527 -1.000000 -1.000000 0.296982
0 0 0.093821 0.375798 627.069275 -1.000000 -1.000000 0.220367
0 0 0.447704 0.140393 676.783203 -1.000000 -1.000000 0.251725
-2 2 0.133290 0.274800 678.176208 -1.000000 -1.000000 0.262866
2 -2 0.218589 0.331676 730.611206 -1.000000 -1.000000 0.300105
0 1 0.254260 0.295598 671.206787 -1.000000 -1.000000 0.303866
-2 2 0.161199 0.224621 664.734985 -1.000000 -1.000000 0.252051
1 -1 0.184512 0.123177 602.128479 -1.000000 -1.000000 0.331467
2 -2 0.213392 0.156529 673.987000 -1.000000 -1.000000 0.306704
0 0 0.077435 0.363904 657.534790 -1.000000 -1.000000 0.236396
-1 1 0.137897 0.398340 727.463013 -1.000000 -1.000000 0.214560
-2 2 0.100523 0.230986 607.354004 -1.000000 -1.000000 0.264123
-2 2 0.296449 0.121635 699.350830 -1.000000 -1.000000 0.309835
0 0 0.261161 0.104512 649.733826 -1.000000 -1.000000 0.018717
0 0 0.185070 0.129382 617.265015 -1.000000 -1.000000 0.242662
-2 2 0.084731 0.447536 767.584106 -1.000000 -1.000000 0.266652
-2 2 0.242225 0.178558 730.964172 -1.000000 -1.000000 0.324258
1 2 0.574372 0.297670 625.399414 -1.000000 -1.000000 0.242018
2 -2 0.302255 0.116883 640.902283 -1.000000 -1.000000 0.304399
2 -2 0.172036 0.132576 601.475525 -1.000000 -1.000000 0.305664
-1 1 0.092280 0.258736 601.518127 -1.000000 -1.000000 0.113591
0 0 0.236063 0.147368 636.938782 -1.000000 -1.000000 0.016103
-1 1 0.304425 0.157473 851.519470 -1.000000 -1.000000 0.139161
-2 2 0.089398 0.308424 606.968506 -1.000000 -1.000000 0.078364
0 0 0.340227 0.128971 687.954712 -1.000000 -1.000000 0.148889
2 -2 0.386578 0.107823 612.525208 -1.000000 -1.000000 0.243154
2 -2 0.218698 0.125056 631.535278 -1.000000 -1.000000 0.315203
-2 2 0.057665 0.545468 612.760986 -1.000000 -1.000000 0.237527
1 -1 0.222122 0.117520 616.070129 -1.000000 -1.000000 0.323789
0 2 0.247433 0.403027 687.034790 -1.000000 -1.000000 0.239750
2 -2 0.124745 0.297421 767.354492 -1.000000 -1.000000 0.192539
1 2 0.239262 0.527180 782.428406 -1.000000 -1.000000 0.427254
0 0 0.384588 0.089734 739.830994 -1.000000 -1.000000 0.200871
-1 1 0.141187 0.259300 634.528809 -1.000000 -1.000000 0.052407
1 0 0.220666 0.459737 709.294922 -1.000000 -1.000000 0.286413
0 2 0.125138 0.434622 616.929016 -1.000000 -1.000000 0.316113
-1 1 0.194788 0.172345 729.569275 -1.000000 -1.000000 0.223109
-2 2 0.061034 0.383299 606.553284 -1.000000 -1.000000 0.213397
2 0 0.299818 0.152689 661.217285 -1.000000 -1.000000 0.253229
0 0 0.253138 0.133085 616.681885 -1.000000 -1.000000 0.334653
0 0 0.090121 0.346410 674.712830 -1.000000 -1.000000 0.261370
-1 1 0.182279 0.142045 641.171021 -1.000000 -1.000000 0.246653
-2 2 0.127541 0.330595 719.687195 -1.000000 -1.000000 0.264286
-1 1 0.172273 0.180063 640.354004 -1.000000 -1.000000 0.191684
-1 1 0.112843 0.283528 638.727417 -1.000000 -1.000000 0.113750
-2 2 0.115870 0.316278 689.018188 -1.000000 -1.000000 0.141991
0 2 0.356625 0.251148 635.004395 -1.000000 -1.000000 0.284326
-1 1 0.159653 0.396559 674.900696 -1.000000 -1.000000 0.334594
-2 2 0.106686 0.239242 634.992981 -1.000000 -1.000000 0.520802
-2 2 0.077363 0.375065 669.998779 -1.000000 -1.000000 0.185751
0 0 0.249846 0.107979 652.618774 -1.000000 -1.000000 0.313111
-1 1 0.098653 0.364165 756.141602 -1.000000 -1.000000 0.217112
2 -2 0.388912 0.087473 632.494812 -1.000000 -1.000000 0.270575
2 -2 0.237960 0.123156 669.882385 -1.000000 -1.000000 0.372707
1 -1 0.140027 0.219712 632.740906 -1.000000 -1.000000 0.228269
2 -2 0.541240 0.059219 626.232300 -1.000000 -1.000000 0.335523
1 -1 0.259712 0.360023 872.582703 -1.000000 -1.000000 0.069355
0 0 0.272463 0.146319 619.081909 -1.000000 -1.000000 0.069664
0 0 0.095229 0.328979 600.770203 -1.000000 -1.000000 0.011010
0 0 0.130813 0.294063 620.475708 -1.000000 -1.000000 0.241238
1 -1 0.232052 0.237289 742.630920 -1.000000 -1.000000 0.027857
-2 2 0.048897 0.520980 616.592407 -1.000000 -1.000000 0.357085
-2 2 0.090541 0.279090 612.293884 -1.000000 -1.000000 0.222517
0 0 0.223371 0.135789 618.785217 -1.000000 -1.000000 0.290003
-2 2 0.152945 0.209457 712.631592 -1.000000 -1.000000 0.277583
-1 1 0.090867 0.378779 717.889221 -1.000000 -1.000000 0.280484
-2 2 0.081830 0.319495 629.227722 -1.000000 -1.000000 0.311492
0 0 0.282169 0.102932 631.300903 -1.000000 -1.000000 0.304907
1 0 0.399665 0.239173 740.098022 -1.000000 -1.000000 0.352431
0 0 0.165292 0.140490 605.784180 -1.000000 -1.000000 0.230789
-1 1 0.098770 0.309086 690.982300 -1.000000 -1.000000 0.242421
-2 2 0.124566 0.303094 669.016602 -1.000000 -1.000000 0.263977
1 -1 0.378930 0.149505 949.784119 -1.000000 -1.000000 0.052473
-1 1 0.113598 0.388369 736.839600 -1.000000 -1.000000 0.054059
2 -2 0.230282 0.145498 731.661194 -1.000000 -1.000000 0.067230
0 -1 0.269525 0.176887 648.912292 -1.000000 -1.000000 0.331922
1 -1 0.362129 0.074994 657.128479 -1.000000 -1.000000 0.028362
0 1 0.298746 0.491860 613.849609 -1.000000 -1.000000 0.223876
1 -1 0.435131 0.107577 774.388977 -1.000000 -1.000000 0.299344
-2 2 0.201603 0.238229 745.383179 -1.000000 -1.000000 0.242259
-1 1 0.040124 0.640306 637.804688 -1.000000 -1.000000 0.262840
-2 2 0.264621 0.125577 616.491882 -1.000000 -1.000000 0.192576
-3 2 0.348807 0.474916 619.528992 -1.000000 -1.000000 0.051607
-2 2 0.103941 0.584690 648.883728 -1.000000 -1.000000 0.307556
2 0 0.142687 0.373499 600.689392 -1.000000 -1.000000 0.257977
0 2 0.196691 0.383165 695.973206 -1.000000 -1.000000 0.297775
0 0 0.237886 0.138703 640.404175 -1.000000 -1.000000 0.245654
-2 2 0.096135 0.293787 642.709717 -1.000000 -1.000000 0.291103
0 0 0.303210 0.102230 643.012024 -1.000000 -1.000000 0.078471
0 0 0.144845 0.181430 635.044128 -1.000000 -1.000000 0.235266
2 -2 0.289640 0.109819 670.571472 -1.000000 -1.000000 0.219360
2 -2 0.128773 0.416043 625.121826 -1.000000 -1.000000 0.295261
-1 1 0.214765 0.140931 663.057800 -1.000000 -1.000000 0.052722
0 0 0.247212 0.113604 602.874817 -1.000000 -1.000000 0.148872
