1 -1 0.328758 0.303602 1263.453979 -1.000000 -1.000000 0.000476
-2 2 0.281162 0.631518 1356.404053 -1.000000 -1.000000 0.000555
-2 2 0.177954 0.531794 1230.488037 -1.000000 -1.000000 0.000326
-2 2 0.246240 0.532752 1315.762939 -1.000000 -1.000000 0.000428
-2 2 0.259494 0.365601 1200.613037 -1.000000 -1.000000 0.000384
2 -2 0.357939 0.277736 1201.167969 -1.000000 -1.000000 0.000477
-2 2 0.398237 0.360506 1488.770020 -1.000000 -1.000000 0.000382
-2 2 0.314678 0.391703 1341.723999 -1.000000 -1.000000 0.000468
2 -2 0.528308 0.213504 1250.582031 -1.000000 -1.000000 0.000367
-1 1 0.193455 0.580857 1340.105957 -1.000000 -1.000000 0.000445
2 -2 0.307670 0.426075 1431.854980 -1.000000 -1.000000 0.000345
-2 2 0.155680 0.722987 1328.114990 -1.000000 -1.000000 0.000213
2 0 0.623765 0.286563 1411.680054 -1.000000 -1.000000 0.000456
-2 2 0.255497 0.479360 1341.641968 -1.000000 -1.000000 0.000470
2 0 0.615290 0.163734 1214.121948 -1.000000 -1.000000 0.000207
2 -2 0.223099 0.440514 1218.969971 -1.000000 -1.000000 0.000422
2 0 0.400819 0.593078 1208.714966 -1.000000 -1.000000 0.000322
1 -1 0.461616 0.203488 1225.907959 -1.000000 -1.000000 0.000503
-2 2 0.285740 0.338248 1243.410034 -1.000000 -1.000000 0.000585
2 -2 0.375370 0.257731 1242.634033 -1.000000 -1.000000 0.000390
-2 2 0.245549 0.544454 1460.629028 -1.000000 -1.000000 0.000127
0 2 0.310392 0.526226 1380.404053 -1.000000 -1.000000 0.000162
2 2 0.629857 0.438983 1557.917969 -1.000000 -1.000000 0.000468
2 -2 0.409494 0.239101 1231.155029 -1.000000 -1.000000 0.000337
2 -2 0.618173 0.231322 1345.363037 -1.000000 -1.000000 0.000339
2 -2 0.370038 0.262625 1241.921021 -1.000000 -1.000000 0.000369
-2 2 0.187168 0.529506 1256.636963 -1.000000 -1.000000 0.000495
1 -1 0.397328 0.293152 1244.401001 -1.000000 -1.000000 0.000345
0 0 0.497193 0.206728 1273.057983 -1.000000 -1.000000 0.000149
2 -2 0.258610 0.476358 1403.609985 -1.000000 -1.000000 0.000339
-2 2 0.251841 0.645480 1354.959961 -1.000000 -1.000000 0.000568
2 -2 0.324437 0.352477 1205.406982 -1.000000 -1.000000 0.000364
2 -2 0.443327 0.225915 1265.438965 -1.000000 -1.000000 0.000207
2 -2 0.374063 0.275396 1283.744995 -1.000000 -1.000000 0.000370
-2 2 0.332866 0.370035 1389.832031 -1.000000 -1.000000 0.000556
0 1 0.274991 0.591171 1257.858032 -1.000000 -1.000000 0.000302
1 -1 0.461690 0.278967 1277.642944 -1.000000 -1.000000 0.000165
1 -1 0.334253 0.352434 1327.260986 -1.000000 -1.000000 0.000074
2 -2 0.418893 0.238010 1210.578979 -1.000000 -1.000000 0.000443
1 -1 0.456817 0.343938 1584.911011 -1.000000 -1.000000 0.000436
-2 2 0.239723 0.391796 1219.073975 -1.000000 -1.000000 0.000353
2 -2 0.265184 0.464231 1387.380981 -1.000000 -1.000000 0.000340
1 -1 0.433414 0.249525 1304.406982 -1.000000 -1.000000 0.000086
-2 2 0.278914 0.443580 1355.626953 -1.000000 -1.000000 0.000366
-2 2 0.190884 0.538015 1207.834961 -1.000000 -1.000000 0.000328
2 -2 0.266425 0.465538 1217.854980 -1.000000 -1.000000 0.000346
2 -2 0.516908 0.380028 1202.714966 -1.000000 -1.000000 0.000728
2 -2 0.383824 0.336115 1423.943970 -1.000000 -1.000000 0.000345
2 -2 0.367037 0.372999 1276.758057 -1.000000 -1.000000 0.000441
-2 2 0.300098 0.474095 1251.144043 -1.000000 -1.000000 0.000419
-1 1 0.287677 0.411279 1232.717041 -1.000000 -1.000000 0.000331
2 -2 0.283358 0.340147 1241.761963 -1.000000 -1.000000 0.000417
2 -2 0.338129 0.354826 1318.985962 -1.000000 -1.000000 0.000027
2 -2 0.300753 0.383248 1311.292969 -1.000000 -1.000000 0.000307
0 0 0.509174 0.273808 1360.697998 -1.000000 -1.000000 0.000317
2 -2 0.688221 0.222910 1497.375000 -1.000000 -1.000000 0.000368
2 -2 0.590929 0.203860 1342.147949 -1.000000 -1.000000 0.000742
2 -2 0.390740 0.297189 1272.373047 -1.000000 -1.000000 0.000370
2 -2 0.360543 0.347891 1393.207031 -1.000000 -1.000000 0.000453
-1 1 0.165417 0.561959 1217.321045 -1.000000 -1.000000 0.000203
-1 1 0.247418 0.463711 1335.088989 -1.000000 -1.000000 0.000333
-1 1 0.259543 0.399900 1223.953003 -1.000000 -1.000000 0.000369
-1 1 0.300644 0.329944 1251.447021 -1.000000 -1.000000 0.000337
2 -2 0.291117 0.340750 1259.586060 -1.000000 -1.000000 0.000358
2 -2 0.581719 0.179563 1292.516968 -1.000000 -1.000000 0.000739
-2 2 0.207695 0.523763 1305.651001 -1.000000 -1.000000 0.000342
-2 2 0.240027 0.405133 1241.183960 -1.000000 -1.000000 0.000476
2 -2 0.348291 0.266416 1216.728027 -1.000000 -1.000000 0.000562
-2 2 0.256537 0.375489 1239.880981 -1.000000 -1.000000 0.000337
-1 1 0.278597 0.392442 1224.954956 -1.000000 -1.000000 0.000313
-1 1 0.169128 0.574008 1204.593018 -1.000000 -1.000000 0.000385
2 -2 0.405182 0.229007 1201.362061 -1.000000 -1.000000 0.000574
2 -2 0.733443 0.220030 1294.308960 -1.000000 -1.000000 0.000332
0 0 0.255029 0.505863 1319.875977 -1.000000 -1.000000 0.000305
1 -1 0.358825 0.277263 1259.088989 -1.000000 -1.000000 0.000405
-2 2 0.318482 0.316616 1248.968994 -1.000000 -1.000000 0.000652
-2 2 0.286088 0.622636 1406.614014 -1.000000 -1.000000 0.000015
0 0 0.392477 0.398808 1575.291992 -1.000000 -1.000000 0.000473
-1 1 0.268690 0.457742 1274.639038 -1.000000 -1.000000 0.000344
1 -1 0.554929 0.171790 1218.526978 -1.000000 -1.000000 0.000298
-1 1 0.456500 0.394966 1427.214966 -1.000000 -1.000000 0.000099
0 0 0.416099 0.403608 1270.600952 -1.000000 -1.000000 0.000347
-1 1 0.293378 0.363589 1281.714966 -1.000000 -1.000000 0.000302
0 2 0.576742 0.684609 1364.793945 -1.000000 -1.000000 0.000577
2 -2 0.479753 0.292786 1218.444946 -1.000000 -1.000000 0.000357
0 2 0.266677 0.493061 1240.755005 -1.000000 -1.000000 0.000492
2 -2 0.537358 0.200205 1268.598022 -1.000000 -1.000000 0.000334
-2 2 0.367062 0.455444 1215.989014 -1.000000 -1.000000 0.000653
0 2 0.301658 0.581377 1272.379028 -1.000000 -1.000000 0.000132
0 0 0.413038 0.314235 1434.239014 -1.000000 -1.000000 0.000335
-2 2 0.422125 0.316471 1372.292969 -1.000000 -1.000000 0.000069
-2 2 0.297156 0.335833 1257.770020 -1.000000 -1.000000 0.000542
0 1 0.520461 0.389148 1292.943970 -1.000000 -1.000000 0.000429
1 -1 0.461277 0.276276 1367.729980 -1.000000 -1.000000 0.000432
-2 2 0.163113 0.578879 1216.547974 -1.000000 -1.000000 0.000016
2 -2 0.583582 0.213416 1385.186035 -1.000000 -1.000000 0.000486
0 0 0.414215 0.258427 1238.207031 -1.000000 -1.000000 0.000441
-2 2 0.197688 0.477536 1224.213013 -1.000000 -1.000000 0.000070
1 -1 0.347603 0.386513 1442.215942 -1.000000 -1.000000 0.000028
1 -1 0.574878 0.282364 1247.026978 -1.000000 -1.000000 0.000368
0 1 0.294597 0.501901 1281.113037 -1.000000 -1.000000 0.000101
0 2 0.312379 0.404929 1299.090942 -1.000000 -1.000000 0.000359
0 2 0.423643 0.265445 1254.194946 -1.000000 -1.000000 0.000326
-2 2 0.291170 0.361948 1278.602051 -1.000000 -1.000000 0.000594
-2 2 0.182094 0.534249 1241.727051 -1.000000 -1.000000 0.000334
2 -2 0.423489 0.246616 1282.057983 -1.000000 -1.000000 0.000477
-1 1 0.322557 0.386446 1402.677002 -1.000000 -1.000000 0.000340
-2 2 0.159407 0.637446 1271.589966 -1.000000 -1.000000 0.000368
2 -2 0.287168 0.380625 1306.358032 -1.000000 -1.000000 0.000332
-1 1 0.213430 0.538340 1317.729980 -1.000000 -1.000000 0.000383
-1 1 0.306896 0.305791 1202.034058 -1.000000 -1.000000 0.000375
-1 1 0.196291 0.571839 1257.874023 -1.000000 -1.000000 0.000477
1 -1 0.385809 0.317791 1375.984985 -1.000000 -1.000000 0.000056
0 0 0.234192 0.607593 1453.621948 -1.000000 -1.000000 0.000126
2 -2 0.419406 0.234480 1253.891968 -1.000000 -1.000000 0.000373
-1 1 0.399337 0.326906 1328.675049 -1.000000 -1.000000 0.000161
2 -2 0.421318 0.326765 1209.281006 -1.000000 -1.000000 0.000378
-2 2 0.188884 0.591614 1336.197998 -1.000000 -1.000000 0.000164
-2 2 0.363680 0.324070 1244.082031 -1.000000 -1.000000 0.000165
2 -2 0.222232 0.458027 1275.923950 -1.000000 -1.000000 0.000736
-2 2 0.186335 0.787681 1357.532959 -1.000000 -1.000000 0.000334
-1 1 0.190869 0.539120 1220.558960 -1.000000 -1.000000 0.000195
1 -1 0.276801 0.352845 1201.519043 -1.000000 -1.000000 0.000348
-2 2 0.260914 0.473794 1325.140991 -1.000000 -1.000000 0.000345
-2 2 0.337030 0.291997 1238.887939 -1.000000 -1.000000 0.000475
2 -2 0.472964 0.233636 1312.416016 -1.000000 -1.000000 0.000377
2 -2 0.498669 0.397826 1611.635986 -1.000000 -1.000000 0.000485
2 -2 0.340859 0.313941 1308.135986 -1.000000 -1.000000 0.000426
2 -2 0.379643 0.344665 1392.392944 -1.000000 -1.000000 0.000482
-2 2 0.324114 0.378230 1255.530029 -1.000000 -1.000000 0.000128
-2 2 0.172163 0.532260 1209.514038 -1.000000 -1.000000 0.000015
-1 1 0.302906 0.583312 1205.998047 -1.000000 -1.000000 0.000432
-1 1 0.304547 0.479226 1269.171021 -1.000000 -1.000000 0.000066
1 -1 0.604128 0.155508 1217.427979 -1.000000 -1.000000 0.000280
-2 2 0.294719 0.316865 1213.451050 -1.000000 -1.000000 0.000565
-2 2 0.368198 0.386480 1202.859009 -1.000000 -1.000000 0.000325
2 -2 0.274205 0.473181 1225.056030 -1.000000 -1.000000 0.000582
0 3 0.544261 0.285793 1259.805054 -1.000000 -1.000000 0.000444
-2 2 0.257377 0.521179 1242.546021 -1.000000 -1.000000 0.000198
-2 2 0.457783 0.295498 1308.328979 -1.000000 -1.000000 0.000251
-2 2 0.219143 0.574767 1276.399048 -1.000000 -1.000000 0.000367
-2 2 0.239140 0.391763 1208.798950 -1.000000 -1.000000 0.000415
2 -2 0.430750 0.282682 1395.302979 -1.000000 -1.000000 0.000446
2 -2 0.329903 0.325254 1215.484009 -1.000000 -1.000000 0.000265
-2 2 0.334131 0.372359 1233.631958 -1.000000 -1.000000 0.000348
2 -2 0.332273 0.311213 1285.395020 -1.000000 -1.000000 0.000167
2 -2 0.517632 0.225110 1357.100952 -1.000000 -1.000000 0.000337
-2 2 0.253532 0.498995 1328.889038 -1.000000 -1.000000 0.000212
2 -2 0.509339 0.185277 1228.697998 -1.000000 -1.000000 0.000073
2 0 0.489696 0.259072 1329.541992 -1.000000 -1.000000 0.000299
2 -2 0.399752 0.270652 1295.791016 -1.000000 -1.000000 0.000019
-2 2 0.233965 0.448274 1201.837036 -1.000000 -1.000000 0.000487
-2 2 0.300865 0.408177 1292.163940 -1.000000 -1.000000 0.000424
2 -2 0.383840 0.246805 1228.494995 -1.000000 -1.000000 0.000378
2 -2 0.476996 0.231992 1302.557007 -1.000000 -1.000000 0.000366
-2 2 0.522219 0.258123 1426.918945 -1.000000 -1.000000 0.000331
-2 2 0.356929 0.478654 1554.147949 -1.000000 -1.000000 0.000366
-1 1 0.329817 0.290871 1202.327026 -1.000000 -1.000000 0.000326
-2 2 0.337236 0.371775 1416.034058 -1.000000 -1.000000 0.000373
2 -2 0.671643 0.224677 1545.683960 -1.000000 -1.000000 0.000021
-1 1 0.422577 0.273910 1248.813965 -1.000000 -1.000000 0.000253
1 -1 0.321227 0.426296 1388.364990 -1.000000 -1.000000 0.000332
0 0 0.298330 0.449731 1279.166016 -1.000000 -1.000000 0.000360
-1 1 0.297206 0.367509 1247.900024 -1.000000 -1.000000 0.000364
2 -2 0.664703 0.348939 1617.713013 -1.000000 -1.000000 0.000055
0 0 0.269855 0.359735 1221.485962 -1.000000 -1.000000 0.000464
-2 2 0.265759 0.400006 1276.592041 -1.000000 -1.000000 0.000028
-2 2 0.491187 0.253996 1407.185059 -1.000000 -1.000000 0.000637
2 -2 0.430013 0.291972 1302.259033 -1.000000 -1.000000 0.000416
1 -1 0.600208 0.238810 1341.477051 -1.000000 -1.000000 0.000365
-2 2 0.301170 0.514571 1258.078979 -1.000000 -1.000000 0.000090
-2 2 0.305161 0.381360 1364.553955 -1.000000 -1.000000 0.000362
1 1 0.427685 0.432062 1309.409058 -1.000000 -1.000000 0.000363
1 0 0.433077 0.380645 1282.538940 -1.000000 -1.000000 0.000288
-2 2 0.355627 0.445149 1445.870972 -1.000000 -1.000000 0.000490
1 -1 0.371100 0.277869 1281.895996 -1.000000 -1.000000 0.000334
0 0 0.286197 0.388449 1322.850952 -1.000000 -1.000000 0.000370
-2 2 0.213287 0.563411 1209.192017 -1.000000 -1.000000 0.000486
0 0 0.270355 0.335225 1203.812012 -1.000000 -1.000000 0.000366
2 -2 0.630447 0.199400 1416.488037 -1.000000 -1.000000 0.000233
-2 2 0.312051 0.412826 1432.508057 -1.000000 -1.000000 0.000398
-2 2 0.357318 0.551167 1265.222046 -1.000000 -1.000000 0.000334
-2 2 0.372573 0.364851 1235.358032 -1.000000 -1.000000 0.000459
2 -2 0.424161 0.408693 1420.859009 -1.000000 -1.000000 0.000510
2 -2 0.521459 0.198499 1285.931030 -1.000000 -1.000000 0.000330
-2 2 0.418708 0.282526 1230.547974 -1.000000 -1.000000 0.000720
-2 2 0.115490 0.865988 1263.083008 -1.000000 -1.000000 0.000483
2 -2 0.448072 0.422699 1590.671021 -1.000000 -1.000000 0.000310
-2 2 0.226595 0.486742 1311.864014 -1.000000 -1.000000 0.000471
1 -1 0.419231 0.249613 1284.061035 -1.000000 -1.000000 0.000253
2 2 0.788186 0.390669 1278.641968 -1.000000 -1.000000 0.000435
-2 2 0.264233 0.729472 1238.697021 -1.000000 -1.000000 0.000449
0 1 0.246775 0.435078 1261.005005 -1.000000 -1.000000 0.000264
1 -1 0.557377 0.239001 1448.176025 -1.000000 -1.000000 0.000334
-2 2 0.369841 0.373318 1481.913940 -1.000000 -1.000000 0.000497
2 -2 0.577333 0.179453 1210.338989 -1.000000 -1.000000 0.000429
-2 2 0.430712 0.306194 1222.972046 -1.000000 -1.000000 0.000218
-2 2 0.160166 0.776646 1248.537964 -1.000000 -1.000000 0.000272
-2 2 0.221711 0.429306 1231.323975 -1.000000 -1.000000 0.000422
2 0 0.689887 0.417598 1225.610962 -1.000000 -1.000000 0.000054
-1 1 0.242979 0.385979 1222.631958 -1.000000 -1.000000 0.000309
-2 2 0.186531 0.517667 1233.396973 -1.000000 -1.000000 0.000198
0 0 0.334079 0.447282 1339.060059 -1.000000 -1.000000 0.000319
-2 2 0.251285 0.470483 1235.829956 -1.000000 -1.000000 0.000330
2 -2 0.458433 0.228064 1211.489014 -1.000000 -1.000000 0.000296
0 0 0.316814 0.307457 1224.305054 -1.000000 -1.000000 0.000464
