0 2 0.258548 0.362712 976.714600 -1.000000 -1.000000 0.009670
-2 2 0.224533 0.352386 1092.322998 -1.000000 -1.000000 0.002980
0 0 0.203909 0.299310 975.111877 -1.000000 -1.000000 0.004648
2 -2 0.297064 0.270124 1028.927002 -1.000000 -1.000000 0.007567
-2 2 0.219833 0.726380 1479.105957 -1.000000 -1.000000 0.004517
1 -1 0.267914 0.256965 959.773315 -1.000000 -1.000000 0.006746
0 2 0.239580 0.330524 1022.838013 -1.000000 -1.000000 0.004602
-2 2 0.127721 0.582688 974.110779 -1.000000 -1.000000 0.007698
2 -2 0.525376 0.200983 1287.333008 -1.000000 -1.000000 0.004588
-2 2 0.206230 0.367628 986.461670 -1.000000 -1.000000 0.004310
-2 2 0.142338 0.410586 960.857178 -1.000000 -1.000000 0.004422
-2 2 0.195583 0.299951 966.052917 -1.000000 -1.000000 0.003650
0 0 0.230674 0.261049 968.526123 -1.000000 -1.000000 0.001313
0 2 0.122689 0.564834 967.241821 -1.000000 -1.000000 0.005531
2 -2 0.258188 0.329231 1074.448975 -1.000000 -1.000000 0.007566
1 -1 0.168084 0.364899 990.547729 -1.000000 -1.000000 0.004662
1 -1 0.287837 0.345761 1192.510010 -1.000000 -1.000000 0.004523
2 -2 0.320613 0.242806 1084.800049 -1.000000 -1.000000 0.004788
1 -1 0.421880 0.168874 1063.332031 -1.000000 -1.000000 0.002168
2 -2 0.335965 0.267473 1056.235962 -1.000000 -1.000000 0.001534
-2 2 0.122406 0.524000 1012.945007 -1.000000 -1.000000 0.005682
-2 2 0.294196 0.243766 1054.160034 -1.000000 -1.000000 0.006196
2 -2 0.148262 0.402053 975.949707 -1.000000 -1.000000 0.007083
0 2 0.403188 0.610243 1203.484009 -1.000000 -1.000000 0.006401
0 0 0.356342 0.299211 1086.321045 -1.000000 -1.000000 0.007334
0 0 0.153556 0.502056 1046.083984 -1.000000 -1.000000 0.004043
2 -2 0.492149 0.209722 1101.693970 -1.000000 -1.000000 0.005045
1 -1 0.241428 0.422446 966.725220 -1.000000 -1.000000 0.003655
0 2 0.278755 0.434826 980.874084 -1.000000 -1.000000 0.005018
-1 1 0.528961 0.237042 1111.092041 -1.000000 -1.000000 0.003294
1 -1 0.234613 0.342302 1009.853027 -1.000000 -1.000000 0.004102
-2 2 0.323466 0.212905 1007.755005 -1.000000 -1.000000 0.006436
-1 1 0.397144 0.204586 985.158325 -1.000000 -1.000000 0.002353
-2 2 0.113113 0.556220 975.781982 -1.000000 -1.000000 0.003800
1 -1 0.315452 0.207684 1023.693970 -1.000000 -1.000000 0.006391
2 -2 0.485315 0.152323 1084.952026 -1.000000 -1.000000 0.006198
2 -2 0.330060 0.316879 1108.985962 -1.000000 -1.000000 0.005082
-2 2 0.412785 0.259556 1269.516968 -1.000000 -1.000000 0.004086
2 -2 0.277458 0.271785 987.023376 -1.000000 -1.000000 0.007991
-1 1 0.216724 0.341051 982.583984 -1.000000 -1.000000 0.004495
2 -2 0.454723 0.173908 1119.719971 -1.000000 -1.000000 0.005054
-2 2 0.266593 0.278448 1065.652954 -1.000000 -1.000000 0.004542
1 -1 0.308372 0.264412 1130.332031 -1.000000 -1.000000 0.003661
-1 1 0.340404 0.229727 1114.041016 -1.000000 -1.000000 0.004579
-2 2 0.140482 0.556011 1095.501953 -1.000000 -1.000000 0.004675
0 0 0.403427 0.359052 1214.562012 -1.000000 -1.000000 0.004671
1 -1 0.336248 0.283057 1004.926025 -1.000000 -1.000000 0.004978
-1 1 0.329637 0.442473 1343.328003 -1.000000 -1.000000 0.006697
2 2 0.528215 0.489953 1100.171021 -1.000000 -1.000000 0.004615
-1 1 0.225379 0.259557 964.357788 -1.000000 -1.000000 0.007599
2 -2 0.376558 0.157730 968.171570 -1.000000 -1.000000 0.004750
0 0 0.274755 0.324157 970.339172 -1.000000 -1.000000 0.004877
-1 1 0.160094 0.387629 994.631470 -1.000000 -1.000000 0.003704
2 0 0.465782 0.647204 982.746887 -1.000000 -1.000000 0.006966
-1 1 0.293016 0.216514 993.800781 -1.000000 -1.000000 0.006730
-2 2 0.234704 0.422336 1256.980957 -1.000000 -1.000000 0.004652
1 -1 0.386401 0.166910 960.043884 -1.000000 -1.000000 0.004995
-1 1 0.219004 0.275482 981.112976 -1.000000 -1.000000 0.004043
-1 1 0.210410 0.279241 958.843872 -1.000000 -1.000000 0.004777
-3 3 0.147892 0.390592 959.551819 -1.000000 -1.000000 0.004558
2 -2 0.413045 0.275560 999.717224 -1.000000 -1.000000 0.005105
-2 2 0.221134 0.286653 997.054688 -1.000000 -1.000000 0.007458
0 2 0.474918 0.421733 1058.145996 -1.000000 -1.000000 0.006046
-1 1 0.277445 0.238623 971.578979 -1.000000 -1.000000 0.004431
1 -1 0.498888 0.185839 1102.639038 -1.000000 -1.000000 0.000501
2 -2 0.264394 0.384787 1261.954956 -1.000000 -1.000000 0.001033
-2 2 0.125265 0.455226 953.534912 -1.000000 -1.000000 0.004100
0 0 0.295309 0.288954 1149.119019 -1.000000 -1.000000 0.005914
0 0 0.265851 0.282502 975.780518 -1.000000 -1.000000 0.007401
2 -2 0.372304 0.243773 1037.796997 -1.000000 -1.000000 0.005528
2 -2 0.335754 0.228147 1096.511963 -1.000000 -1.000000 0.005011
2 -2 0.517580 0.154331 1030.102051 -1.000000 -1.000000 0.004550
1 -1 0.430663 0.205917 1105.916992 -1.000000 -1.000000 0.004438
0 0 0.143287 0.562666 956.045410 -1.000000 -1.000000 0.004995
-1 1 0.182469 0.490921 1117.176025 -1.000000 -1.000000 0.004740
2 0 0.343482 0.261683 950.409302 -1.000000 -1.000000 0.005169
2 -2 0.367835 0.174117 994.023376 -1.000000 -1.000000 0.003624
-2 2 0.169421 0.407329 1047.088013 -1.000000 -1.000000 0.000196
2 -2 0.252986 0.264663 1025.479004 -1.000000 -1.000000 0.006189
0 0 0.161057 0.465317 958.138306 -1.000000 -1.000000 0.004722
-1 1 0.280509 0.299326 1083.171997 -1.000000 -1.000000 0.005098
-1 1 0.199805 0.380437 1089.498047 -1.000000 -1.000000 0.005099
-2 2 0.100886 0.563247 951.863770 -1.000000 -1.000000 0.004671
-1 1 0.186304 0.346386 1006.190002 -1.000000 -1.000000 0.006666
-1 1 0.248645 0.367217 954.701599 -1.000000 -1.000000 0.005137
0 0 0.394971 0.274280 1204.498047 -1.000000 -1.000000 0.002611
-2 2 0.182872 0.366043 955.902283 -1.000000 -1.000000 0.002910
2 -2 0.594375 0.151051 1061.145020 -1.000000 -1.000000 0.005081
2 -2 0.482026 0.169328 1006.216003 -1.000000 -1.000000 0.006720
2 -2 0.318989 0.239813 1028.171021 -1.000000 -1.000000 0.004483
-2 2 0.230853 0.264408 985.734802 -1.000000 -1.000000 0.007397
-2 2 0.289414 0.383198 1139.394043 -1.000000 -1.000000 0.010109
-2 2 0.170323 0.416572 1065.084961 -1.000000 -1.000000 0.005082
1 -1 0.261309 0.256940 958.056091 -1.000000 -1.000000 0.005126
-2 2 0.154689 0.455595 950.455200 -1.000000 -1.000000 0.003703
-1 1 0.324464 0.181517 958.484619 -1.000000 -1.000000 0.001389
2 -2 0.313439 0.286023 1139.472046 -1.000000 -1.000000 0.004393
-2 2 0.173658 0.425135 1045.529053 -1.000000 -1.000000 0.004718
-2 2 0.193836 0.351792 1005.640015 -1.000000 -1.000000 0.003146
-1 1 0.309840 0.386419 997.506409 -1.000000 -1.000000 0.003951
-2 2 0.218122 0.393960 978.815002 -1.000000 -1.000000 0.004962
2 -2 0.257473 0.244788 961.456421 -1.000000 -1.000000 0.003469
-2 2 0.303103 0.326362 1140.097046 -1.000000 -1.000000 0.004840
0 0 0.615307 0.190497 1034.306030 -1.000000 -1.000000 0.004984
2 -2 0.249441 0.233445 956.401611 -1.000000 -1.000000 0.005768
-2 2 0.508897 0.171592 1021.406006 -1.000000 -1.000000 0.005701
2 0 0.581101 0.275132 1174.686035 -1.000000 -1.000000 0.006518
-2 2 0.164378 0.555333 977.276184 -1.000000 -1.000000 0.005143
0 2 0.302572 0.289494 989.053589 -1.000000 -1.000000 0.002214
2 -2 0.341380 0.223386 990.864807 -1.000000 -1.000000 0.002568
2 0 0.603380 0.311972 1131.404053 -1.000000 -1.000000 0.000927
0 2 0.250382 0.483176 1089.332031 -1.000000 -1.000000 0.004974
-1 1 0.306119 0.218031 998.354614 -1.000000 -1.000000 0.001295
1 -1 0.597270 0.142196 1084.103027 -1.000000 -1.000000 0.004918
-2 2 0.098458 0.739839 1074.625000 -1.000000 -1.000000 0.009327
1 -1 0.196882 0.322854 963.955811 -1.000000 -1.000000 0.004290
2 -2 0.522537 0.277448 1001.887024 -1.000000 -1.000000 0.004063
-2 2 0.250737 0.271442 972.324585 -1.000000 -1.000000 0.005837
1 -1 0.374156 0.363364 1206.202026 -1.000000 -1.000000 0.006362
2 -2 0.150819 0.417102 992.684814 -1.000000 -1.000000 0.004200
-2 2 0.160032 0.428131 1003.690002 -1.000000 -1.000000 0.005014
2 -2 0.265005 0.244753 993.356323 -1.000000 -1.000000 0.005083
-2 2 0.154451 0.441803 1044.286011 -1.000000 -1.000000 0.004741
-1 1 0.367611 0.339558 958.882996 -1.000000 -1.000000 0.005445
-2 2 0.246411 0.249085 952.692627 -1.000000 -1.000000 0.004941
1 -1 0.369522 0.196353 1052.004028 -1.000000 -1.000000 0.004220
-2 2 0.159608 0.464730 1081.328003 -1.000000 -1.000000 0.005065
-2 0 0.448205 0.274515 1040.766968 -1.000000 -1.000000 0.010297
2 -2 0.342299 0.238176 1022.280029 -1.000000 -1.000000 0.004723
0 0 0.313001 0.355556 1302.921021 -1.000000 -1.000000 0.006152
2 -2 0.237900 0.291172 1052.515991 -1.000000 -1.000000 0.006735
-2 2 0.238192 0.434993 1209.232056 -1.000000 -1.000000 0.000227
2 -2 0.301883 0.272842 1083.031006 -1.000000 -1.000000 0.008591
2 0 0.326283 0.512880 1141.864014 -1.000000 -1.000000 0.005111
2 -2 0.658671 0.104498 981.819702 -1.000000 -1.000000 0.000238
-2 2 0.304203 0.312394 1136.274048 -1.000000 -1.000000 0.004678
-2 2 0.289522 0.336377 1242.776001 -1.000000 -1.000000 0.006563
1 -1 0.422977 0.160152 1031.668945 -1.000000 -1.000000 0.004519
2 -2 0.309095 0.208321 967.126099 -1.000000 -1.000000 0.000691
-2 2 0.251377 0.259514 1020.588013 -1.000000 -1.000000 0.004954
2 -2 0.276378 0.269946 990.053711 -1.000000 -1.000000 0.009505
2 -2 0.436488 0.155118 984.444275 -1.000000 -1.000000 0.003764
2 -2 0.366792 0.276842 1271.665039 -1.000000 -1.000000 0.005908
-2 2 0.170746 0.416009 961.690002 -1.000000 -1.000000 0.004932
1 -1 0.385579 0.169263 964.755920 -1.000000 -1.000000 0.004446
-2 2 0.295496 0.303800 977.383606 -1.000000 -1.000000 0.006054
-1 1 0.288114 0.340203 1198.985962 -1.000000 -1.000000 0.004423
1 -1 0.147147 0.424658 960.183228 -1.000000 -1.000000 0.006406
0 0 0.399631 0.363539 1053.702026 -1.000000 -1.000000 0.004530
2 -2 0.337427 0.186319 991.610229 -1.000000 -1.000000 0.005346
-1 1 0.107277 0.599817 998.021912 -1.000000 -1.000000 0.004469
-2 2 0.363759 0.236336 958.826111 -1.000000 -1.000000 0.006673
2 -2 0.358001 0.264034 1159.767944 -1.000000 -1.000000 0.009568
-2 2 0.252435 0.455285 1038.843018 -1.000000 -1.000000 0.004244
1 -1 0.422540 0.148507 984.223022 -1.000000 -1.000000 0.007343
2 -2 0.556114 0.128768 1069.025024 -1.000000 -1.000000 0.003508
-2 2 0.131998 0.459983 981.201294 -1.000000 -1.000000 0.004202
-2 2 0.125543 0.500542 984.301270 -1.000000 -1.000000 0.004383
1 -1 0.252732 0.358823 977.023193 -1.000000 -1.000000 0.007540
2 0 0.606402 0.299275 960.992371 -1.000000 -1.000000 0.005178
-2 2 0.386107 0.341507 1226.907959 -1.000000 -1.000000 0.005035
-2 2 0.240196 0.686437 1285.431030 -1.000000 -1.000000 0.005117
-2 2 0.206287 0.354812 1069.932007 -1.000000 -1.000000 0.000204
2 -2 0.353846 0.448824 1359.068970 -1.000000 -1.000000 0.004990
2 -2 0.168065 0.436299 1078.822021 -1.000000 -1.000000 0.005690
1 -1 0.402723 0.303905 1035.347046 -1.000000 -1.000000 0.004882
