0 0 0.324697 0.254438 976.671082 -1.000000 -1.000000 0.006991
1 -1 0.251830 0.302993 926.413513 -1.000000 -1.000000 0.012815
2 -2 0.303810 0.223144 864.594421 -1.000000 -1.000000 0.008598
-2 2 0.204485 0.252307 908.033997 -1.000000 -1.000000 0.007682
-2 2 0.269098 0.188099 899.862000 -1.000000 -1.000000 0.007874
-2 2 0.414374 0.468244 1458.691040 -1.000000 -1.000000 0.007882
1 -1 0.331212 0.183370 881.045776 -1.000000 -1.000000 0.007190
2 -2 0.210906 0.265670 859.027893 -1.000000 -1.000000 0.007670
-1 1 0.273002 0.543168 926.112305 -1.000000 -1.000000 0.006668
0 2 0.446616 0.257615 1079.939941 -1.000000 -1.000000 0.011914
2 -2 0.841994 0.063993 903.023987 -1.000000 -1.000000 0.016381
0 0 0.554542 0.151206 917.935974 -1.000000 -1.000000 0.010463
2 -2 0.436568 0.168617 1063.333008 -1.000000 -1.000000 0.010175
-2 2 0.226967 0.368119 1156.177979 -1.000000 -1.000000 0.008304
-2 2 0.264782 0.277156 911.209717 -1.000000 -1.000000 0.009190
-2 2 0.275973 0.266761 919.613098 -1.000000 -1.000000 0.010019
-1 1 0.137875 0.406903 944.987000 -1.000000 -1.000000 0.007626
-2 2 0.480661 0.247411 1251.673950 -1.000000 -1.000000 0.001226
-2 2 0.228772 0.342196 975.413086 -1.000000 -1.000000 0.007474
-1 1 0.314358 0.217706 871.132019 -1.000000 -1.000000 0.000884
-2 2 0.186579 0.342896 989.880676 -1.000000 -1.000000 0.013975
0 0 0.314557 0.259827 863.167175 -1.000000 -1.000000 0.007393
0 0 0.241533 0.375930 977.059204 -1.000000 -1.000000 0.007560
0 0 0.241472 0.271368 862.657227 -1.000000 -1.000000 0.008001
2 0 0.457165 0.337783 866.983521 -1.000000 -1.000000 0.008490
2 -2 0.377679 0.223422 951.032227 -1.000000 -1.000000 0.007450
2 -2 0.422358 0.139456 930.237488 -1.000000 -1.000000 0.000732
0 0 0.331974 0.295741 1209.811035 -1.000000 -1.000000 0.005104
0 0 0.235360 0.239740 930.529297 -1.000000 -1.000000 0.006786
-2 2 0.331324 0.335837 978.825989 -1.000000 -1.000000 0.012339
2 -2 0.313549 0.192244 957.850586 -1.000000 -1.000000 0.000461
2 -2 0.258585 0.271655 1059.192017 -1.000000 -1.000000 0.012303
2 -2 0.282937 0.296912 1157.392944 -1.000000 -1.000000 0.008348
0 1 0.250218 0.520054 928.048828 -1.000000 -1.000000 0.008939
-1 1 0.203612 0.248688 859.214783 -1.000000 -1.000000 0.002659
2 -2 0.208440 0.229588 873.901489 -1.000000 -1.000000 0.005952
1 -1 0.410257 0.118248 850.312927 -1.000000 -1.000000 0.007373
0 1 0.448009 0.319852 945.522827 -1.000000 -1.000000 0.007342
2 -2 0.409624 0.396493 1188.326050 -1.000000 -1.000000 0.008276
0 0 0.122467 0.401542 874.560791 -1.000000 -1.000000 0.008480
-2 2 0.372564 0.141888 860.942810 -1.000000 -1.000000 0.008741
-2 2 0.270857 0.417302 1344.791992 -1.000000 -1.000000 0.008319
-2 2 0.301510 0.289762 1167.104980 -1.000000 -1.000000 0.005110
-2 2 0.175468 0.288057 888.862122 -1.000000 -1.000000 0.006734
-1 1 0.189867 0.412456 852.595215 -1.000000 -1.000000 0.000542
-2 2 0.106559 0.602707 1011.309998 -1.000000 -1.000000 0.008878
2 -2 0.360470 0.133887 864.091492 -1.000000 -1.000000 0.009996
0 0 0.172463 0.320462 868.305481 -1.000000 -1.000000 0.010687
2 0 0.420929 0.305420 1031.715942 -1.000000 -1.000000 0.008471
2 -2 0.378954 0.162684 932.353577 -1.000000 -1.000000 0.005024
0 2 0.179530 0.558786 973.808228 -1.000000 -1.000000 0.008481
-1 1 0.288623 0.195316 916.491882 -1.000000 -1.000000 0.004497
2 -2 0.418281 0.142506 942.281799 -1.000000 -1.000000 0.007500
2 -2 0.434260 0.166422 884.022888 -1.000000 -1.000000 0.001077
2 -2 0.652003 0.104426 1041.614014 -1.000000 -1.000000 0.006015
1 -1 0.418344 0.117633 886.097412 -1.000000 -1.000000 0.007305
2 0 0.688231 0.180074 972.377930 -1.000000 -1.000000 0.010398
-2 2 0.131157 0.364878 858.936829 -1.000000 -1.000000 0.007915
-2 2 0.122662 0.496557 982.312683 -1.000000 -1.000000 0.007811
-2 2 0.201171 0.364910 856.264771 -1.000000 -1.000000 0.010066
-1 1 0.280822 0.212986 871.747009 -1.000000 -1.000000 0.007364
0 2 0.282295 0.492113 1073.042969 -1.000000 -1.000000 0.011677
1 -1 0.392993 0.126232 872.206604 -1.000000 -1.000000 0.002929
2 -2 0.235372 0.314308 1061.939941 -1.000000 -1.000000 0.002201
2 -2 0.298393 0.165396 884.648071 -1.000000 -1.000000 0.012478
0 -1 0.259459 0.282782 872.248596 -1.000000 -1.000000 0.001633
0 1 0.352030 0.306010 899.329102 -1.000000 -1.000000 0.008119
2 -2 0.566130 0.248603 1498.491943 -1.000000 -1.000000 0.003714
2 -2 0.405929 0.124552 851.645630 -1.000000 -1.000000 0.007762
0 0 0.309823 0.242401 851.441284 -1.000000 -1.000000 0.012182
0 1 0.229970 0.474768 1025.420044 -1.000000 -1.000000 0.008184
-2 2 0.201320 0.283967 870.649414 -1.000000 -1.000000 0.009835
2 -2 0.417023 0.165649 1010.617004 -1.000000 -1.000000 0.009686
-1 1 0.475712 0.349405 1479.102051 -1.000000 -1.000000 0.008085
0 2 0.271290 0.481066 851.344116 -1.000000 -1.000000 0.006465
2 -2 0.378778 0.225688 958.767700 -1.000000 -1.000000 0.006722
-1 1 0.130167 0.504605 868.737122 -1.000000 -1.000000 0.008348
2 -2 0.450785 0.128942 963.294006 -1.000000 -1.000000 0.008322
1 -1 0.226219 0.293092 971.473999 -1.000000 -1.000000 0.007604
1 -1 0.326583 0.148762 879.944092 -1.000000 -1.000000 0.007340
0 0 0.155166 0.547209 987.785278 -1.000000 -1.000000 0.008918
0 0 0.410265 0.150666 925.682617 -1.000000 -1.000000 0.008464
0 0 0.250840 0.349127 968.018311 -1.000000 -1.000000 0.010653
1 -1 0.413587 0.350922 1154.558960 -1.000000 -1.000000 0.000488
2 -2 0.308915 0.204304 962.884277 -1.000000 -1.000000 0.006756
2 0 0.459318 0.526419 861.100281 -1.000000 -1.000000 0.007677
-2 2 0.069240 0.693485 862.244629 -1.000000 -1.000000 0.007628
0 0 0.321196 0.173328 864.373718 -1.000000 -1.000000 0.011080
-2 2 0.224224 0.307674 1018.471008 -1.000000 -1.000000 0.008346
-2 2 0.235235 0.340064 1068.261963 -1.000000 -1.000000 0.008314
1 -1 0.165463 0.287906 871.533203 -1.000000 -1.000000 0.012360
2 -2 0.498263 0.120189 956.723572 -1.000000 -1.000000 0.000772
-2 2 0.281879 0.329733 889.649902 -1.000000 -1.000000 0.007917
-2 2 0.147589 0.559901 902.078979 -1.000000 -1.000000 0.005553
-2 2 0.224517 0.249263 897.473999 -1.000000 -1.000000 0.004451
-1 1 0.312811 0.191819 966.283325 -1.000000 -1.000000 0.002793
1 1 0.321184 0.539715 879.261902 -1.000000 -1.000000 0.008435
2 2 0.681051 0.198809 906.495728 -1.000000 -1.000000 0.002892
0 0 0.154511 0.468524 984.577026 -1.000000 -1.000000 0.000421
2 0 0.459570 0.165394 986.352295 -1.000000 -1.000000 0.003097
-2 2 0.211871 0.302958 999.848999 -1.000000 -1.000000 0.007585
-1 1 0.205057 0.560749 1062.071045 -1.000000 -1.000000 0.010173
-1 1 0.218619 0.284129 973.815186 -1.000000 -1.000000 0.010177
-2 2 0.202572 0.266567 886.580811 -1.000000 -1.000000 0.005432
-2 2 0.272119 0.239359 898.578186 -1.000000 -1.000000 0.007301
0 1 0.304775 0.396282 854.537903 -1.000000 -1.000000 0.003736
0 0 0.258601 0.360443 966.181091 -1.000000 -1.000000 0.011679
-2 2 0.287824 0.315022 865.557678 -1.000000 -1.000000 0.009404
1 -1 0.455215 0.113671 857.459717 -1.000000 -1.000000 0.006728
0 0 0.093486 0.586648 854.822327 -1.000000 -1.000000 0.002904
-1 1 0.126329 0.437161 938.992371 -1.000000 -1.000000 0.009273
-2 2 0.228902 0.381091 930.776428 -1.000000 -1.000000 0.008103
2 -2 0.597616 0.078200 857.724304 -1.000000 -1.000000 0.007861
-3 3 0.270147 0.267391 1068.921997 -1.000000 -1.000000 0.009337
1 -1 0.331242 0.140355 858.214905 -1.000000 -1.000000 0.007720
-2 2 0.159555 0.600315 1135.000000 -1.000000 -1.000000 0.007665
2 -2 0.319957 0.304893 1079.420044 -1.000000 -1.000000 0.007325
0 0 0.161169 0.355987 864.158325 -1.000000 -1.000000 0.007256
2 -2 0.321523 0.177768 946.512817 -1.000000 -1.000000 0.006989
1 -1 0.293781 0.162111 870.240295 -1.000000 -1.000000 0.008289
-2 2 0.153672 0.557816 1088.645996 -1.000000 -1.000000 0.013820
0 2 0.548491 0.155318 920.269287 -1.000000 -1.000000 0.007549
2 -2 0.295912 0.314685 1000.752014 -1.000000 -1.000000 0.012056
-2 2 0.133527 0.619587 1002.057983 -1.000000 -1.000000 0.010638
-1 1 0.259125 0.258879 923.721619 -1.000000 -1.000000 0.006861
0 0 0.289528 0.234262 903.143188 -1.000000 -1.000000 0.008114
-2 2 0.251556 0.197701 891.312073 -1.000000 -1.000000 0.008108
-2 2 0.236002 0.234027 916.420898 -1.000000 -1.000000 0.006906
2 0 0.411494 0.233199 884.264404 -1.000000 -1.000000 0.000892
1 -1 0.326622 0.151845 886.991272 -1.000000 -1.000000 0.006818
0 1 0.348032 0.383382 1155.578003 -1.000000 -1.000000 0.016375
0 0 0.223468 0.293506 990.251099 -1.000000 -1.000000 0.002832
-2 2 0.174020 0.281096 884.565918 -1.000000 -1.000000 0.008160
1 -1 0.279890 0.331355 888.124207 -1.000000 -1.000000 0.007307
0 2 0.227242 0.441306 850.424622 -1.000000 -1.000000 0.008403
-1 1 0.148212 0.412145 980.482910 -1.000000 -1.000000 0.008249
0 0 0.195485 0.287073 946.395081 -1.000000 -1.000000 0.008107
-2 2 0.387754 0.243602 923.265015 -1.000000 -1.000000 0.007297
2 -2 0.332124 0.211326 987.410278 -1.000000 -1.000000 0.003762
2 0 0.396650 0.183379 891.183777 -1.000000 -1.000000 0.002265
2 0 0.516760 0.131665 915.035583 -1.000000 -1.000000 0.008781
1 -1 0.123307 0.424371 914.229675 -1.000000 -1.000000 0.009409
1 -1 0.438106 0.141730 920.181580 -1.000000 -1.000000 0.010180
2 -2 0.191146 0.304249 907.135986 -1.000000 -1.000000 0.008446
-1 1 0.088895 0.563503 877.510498 -1.000000 -1.000000 0.006699
1 0 0.386742 0.188879 872.612305 -1.000000 -1.000000 0.004533
0 2 0.308220 0.278343 882.434082 -1.000000 -1.000000 0.009567
-2 2 0.319922 0.195909 937.239807 -1.000000 -1.000000 0.008169
-2 2 0.168498 0.307431 882.190674 -1.000000 -1.000000 0.010694
-1 1 0.194280 0.285947 868.559998 -1.000000 -1.000000 0.007888
-1 1 0.148370 0.450082 1009.575012 -1.000000 -1.000000 0.002901
2 -2 0.233696 0.346460 1027.906982 -1.000000 -1.000000 0.007892
2 -2 0.368905 0.129022 859.209778 -1.000000 -1.000000 0.007482
0 2 0.083394 0.736801 859.125916 -1.000000 -1.000000 0.009047
0 2 0.215344 0.400544 900.581482 -1.000000 -1.000000 0.008217
2 -2 0.416295 0.161890 897.226196 -1.000000 -1.000000 0.007241
-2 2 0.245777 0.338824 1026.093994 -1.000000 -1.000000 0.003740
-2 2 0.113775 0.651304 913.372986 -1.000000 -1.000000 0.004485
2 -2 0.540641 0.121108 993.490906 -1.000000 -1.000000 0.000467
2 -2 0.431980 0.278031 1044.875000 -1.000000 -1.000000 0.004762
2 -2 0.538755 0.090927 883.327820 -1.000000 -1.000000 0.008201
-2 2 0.144914 0.434959 989.204712 -1.000000 -1.000000 0.007649
2 -2 0.622504 0.097671 874.469177 -1.000000 -1.000000 0.001870
0 0 0.246224 0.312274 929.417725 -1.000000 -1.000000 0.006653
1 -1 0.357888 0.145389 870.257385 -1.000000 -1.000000 0.007550
2 -2 0.499574 0.115626 914.831787 -1.000000 -1.000000 0.005339
-1 1 0.127524 0.358621 855.343994 -1.000000 -1.000000 0.014480
2 0 0.435002 0.290745 932.489075 -1.000000 -1.000000 0.007722
-2 2 0.162402 0.547043 887.889526 -1.000000 -1.000000 0.008176
2 -2 0.419493 0.116856 885.587219 -1.000000 -1.000000 0.010035
-2 2 0.169918 0.350746 864.944885 -1.000000 -1.000000 0.008048
2 -2 0.729344 0.254299 872.875000 -1.000000 -1.000000 0.010479
-2 2 0.147902 0.540682 973.453125 -1.000000 -1.000000 0.008497
1 -1 0.357792 0.175974 942.986877 -1.000000 -1.000000 0.007744
-1 1 0.252192 0.244963 939.295227 -1.000000 -1.000000 0.004687
2 -2 0.339992 0.153468 882.467712 -1.000000 -1.000000 0.007600
0 1 0.291164 0.460517 990.629028 -1.000000 -1.000000 0.006174
1 -1 0.314967 0.185584 966.212708 -1.000000 -1.000000 0.009255
0 0 0.584401 0.162529 926.588806 -1.000000 -1.000000 0.008045
2 -2 0.403067 0.284281 1351.785034 -1.000000 -1.000000 0.012327
2 0 0.484904 0.175432 953.976807 -1.000000 -1.000000 0.008166
2 -2 0.336105 0.148291 888.757507 -1.000000 -1.000000 0.012133
-2 2 0.159486 0.416438 911.718689 -1.000000 -1.000000 0.006833
0 0 0.195472 0.392404 970.971802 -1.000000 -1.000000 0.007493
-1 1 0.133425 0.375909 895.512085 -1.000000 -1.000000 0.010528
1 -1 0.515365 0.163596 1156.021973 -1.000000 -1.000000 0.008289
1 -1 0.249494 0.202916 893.616211 -1.000000 -1.000000 0.007377
2 -2 0.442351 0.286889 920.786194 -1.000000 -1.000000 0.008575
0 0 0.345017 0.185632 1012.155029 -1.000000 -1.000000 0.009534
-2 2 0.120516 0.448988 926.710022 -1.000000 -1.000000 0.008157
0 0 0.170855 0.370200 1001.049988 -1.000000 -1.000000 0.014138
