-2 2 0.064134 0.409197 624.137390 -1.000000 -1.000000 0.181758
-2 2 0.126123 0.531511 875.827026 -1.000000 -1.000000 0.208044
2 0 0.223271 0.339110 618.607483 -1.000000 -1.000000 0.220132
-2 2 0.076529 0.338321 615.296387 -1.000000 -1.000000 0.167311
0 0 0.167112 0.358870 678.948975 -1.000000 -1.000000 0.358690
-2 2 0.103049 0.288009 688.613708 -1.000000 -1.000000 0.170019
0 2 0.101542 0.375027 698.044312 -1.000000 -1.000000 0.240602
0 0 0.231235 0.136630 700.822083 -1.000000 -1.000000 0.086801
0 1 0.151916 0.512547 613.088989 -1.000000 -1.000000 0.150174
2 -2 0.191894 0.209611 614.850220 -1.000000 -1.000000 0.084615
0 0 0.160495 0.152886 618.185303 -1.000000 -1.000000 0.184747
-1 1 0.249989 0.118634 681.409729 -1.000000 -1.000000 0.038559
0 0 0.144819 0.357286 752.537598 -1.000000 -1.000000 0.182560
2 -2 0.188365 0.133139 633.416199 -1.000000 -1.000000 0.185171
0 0 0.187986 0.242277 811.399780 -1.000000 -1.000000 0.233335
0 0 0.146824 0.204491 684.141174 -1.000000 -1.000000 0.012712
0 0 0.173116 0.158510 632.953613 -1.000000 -1.000000 0.146153
0 2 0.236929 0.376098 845.849609 -1.000000 -1.000000 0.260799
2 -2 0.134313 0.277834 627.133179 -1.000000 -1.000000 0.256318
0 0 0.404417 0.214977 714.203430 -1.000000 -1.000000 0.007701
-2 2 0.039765 0.621697 626.312012 -1.000000 -1.000000 0.228873
-2 2 0.075514 0.315149 612.757629 -1.000000 -1.000000 0.161993
0 0 0.114655 0.373639 775.477173 -1.000000 -1.000000 0.215545
2 -2 0.249537 0.145034 606.078491 -1.000000 -1.000000 0.159341
0 0 0.122979 0.206051 603.797729 -1.000000 -1.000000 0.168715
0 0 0.309874 0.133506 606.325623 -1.000000 -1.000000 0.189925
-2 2 0.379779 0.163407 719.838928 -1.000000 -1.000000 0.249172
2 -2 0.177693 0.176905 666.970886 -1.000000 -1.000000 0.180667
2 -2 0.265442 0.095554 637.023071 -1.000000 -1.000000 0.180201
1 -1 0.145686 0.205582 687.046875 -1.000000 -1.000000 0.202532
0 0 0.651827 0.159632 994.757324 -1.000000 -1.000000 0.243831
0 0 0.147309 0.317289 637.579773 -1.000000 -1.000000 0.159861
0 0 0.183037 0.139366 618.406372 -1.000000 -1.000000 0.191872
0 0 0.284861 0.243585 736.420410 -1.000000 -1.000000 0.182254
0 2 0.091204 0.518166 688.726929 -1.000000 -1.000000 0.203925
0 0 0.165704 0.235824 675.887573 -1.000000 -1.000000 0.178703
2 -2 0.382759 0.111142 777.764526 -1.000000 -1.000000 0.226214
0 0 0.310123 0.228622 667.511597 -1.000000 -1.000000 0.179529
2 0 0.333204 0.182672 633.039001 -1.000000 -1.000000 0.008786
2 0 0.584160 0.215983 753.200378 -1.000000 -1.000000 0.166738
1 -1 0.168341 0.204628 629.607117 -1.000000 -1.000000 0.138864
0 0 0.211384 0.159621 653.125610 -1.000000 -1.000000 0.193425
2 0 0.103844 0.310090 684.356873 -1.000000 -1.000000 0.250716
2 0 0.455857 0.132806 663.095276 -1.000000 -1.000000 0.104213
1 -1 0.139646 0.270248 756.297119 -1.000000 -1.000000 0.178377
-2 2 0.313885 0.587778 908.018921 -1.000000 -1.000000 0.194286
2 -2 0.240712 0.141793 618.852478 -1.000000 -1.000000 0.172099
-2 2 0.128693 0.366306 610.173401 -1.000000 -1.000000 0.173805
0 2 0.080753 0.692696 685.053528 -1.000000 -1.000000 0.159847
1 -1 0.255808 0.101298 629.480103 -1.000000 -1.000000 0.172275
-1 1 0.094161 0.255788 615.410828 -1.000000 -1.000000 0.178136
0 0 0.160019 0.191111 664.408020 -1.000000 -1.000000 0.200992
0 0 0.219258 0.115182 635.666504 -1.000000 -1.000000 0.155816
2 0 0.413432 0.168766 615.364685 -1.000000 -1.000000 0.225690
2 -2 0.466013 0.139002 1006.340027 -1.000000 -1.000000 0.192848
2 -2 0.277413 0.119188 718.051575 -1.000000 -1.000000 0.198723
0 0 0.164211 0.302496 755.333008 -1.000000 -1.000000 0.174167
0 2 0.124901 0.455184 675.678223 -1.000000 -1.000000 0.193921
2 -2 0.291294 0.088197 639.617676 -1.000000 -1.000000 0.175614
0 0 0.276327 0.147689 770.211670 -1.000000 -1.000000 0.202627
-1 1 0.084026 0.473444 796.687317 -1.000000 -1.000000 0.249638
1 0 0.609609 0.113565 752.441406 -1.000000 -1.000000 0.236597
2 -2 0.382508 0.433439 656.803284 -1.000000 -1.000000 0.202585
2 0 0.429268 0.307762 1045.374023 -1.000000 -1.000000 0.194759
0 2 0.300073 0.243876 611.375427 -1.000000 -1.000000 0.261586
1 2 0.220469 0.668624 707.580872 -1.000000 -1.000000 0.176093
0 0 0.350911 0.134113 677.219116 -1.000000 -1.000000 0.205399
-2 2 0.132921 0.348468 682.319519 -1.000000 -1.000000 0.051220
2 0 0.265747 0.167363 615.901794 -1.000000 -1.000000 0.021096
-1 1 0.122478 0.306696 717.669800 -1.000000 -1.000000 0.121211
2 0 0.380454 0.328363 654.893677 -1.000000 -1.000000 0.212120
1 -1 0.212319 0.142191 693.676392 -1.000000 -1.000000 0.174276
1 0 0.486083 0.107334 607.495728 -1.000000 -1.000000 0.182648
0 0 0.320918 0.220094 845.565918 -1.000000 -1.000000 0.103595
1 -1 0.460905 0.053111 624.224609 -1.000000 -1.000000 0.038339
0 2 0.435893 0.128098 635.981506 -1.000000 -1.000000 0.179822
2 0 0.294092 0.115957 616.830872 -1.000000 -1.000000 0.053427
2 0 0.225507 0.199951 638.885376 -1.000000 -1.000000 0.191968
1 -1 0.187815 0.235141 676.894409 -1.000000 -1.000000 0.189787
2 -2 0.164471 0.186857 680.149902 -1.000000 -1.000000 0.181422
2 -2 0.157459 0.152127 615.109070 -1.000000 -1.000000 0.199418
0 0 0.130512 0.234459 619.565674 -1.000000 -1.000000 0.200929
0 0 0.174331 0.192765 641.472412 -1.000000 -1.000000 0.187538
0 0 0.260099 0.147346 648.482483 -1.000000 -1.000000 0.200292
0 2 0.492981 0.132634 686.062500 -1.000000 -1.000000 0.236095
0 0 0.293731 0.137066 605.755676 -1.000000 -1.000000 0.008356
-2 2 0.050810 0.581318 636.838013 -1.000000 -1.000000 0.182253
-2 2 0.362346 0.062817 600.065674 -1.000000 -1.000000 0.177709
2 -2 0.331382 0.080528 629.408691 -1.000000 -1.000000 0.180882
-2 2 0.070527 0.415145 632.461914 -1.000000 -1.000000 0.279317
2 -2 0.187088 0.133638 622.894775 -1.000000 -1.000000 0.197447
2 -2 0.318302 0.112620 676.841003 -1.000000 -1.000000 0.107914
2 -2 0.133657 0.245339 616.261108 -1.000000 -1.000000 0.174134
2 -2 0.331790 0.094683 670.757080 -1.000000 -1.000000 0.181142
-1 1 0.068227 0.519817 630.098328 -1.000000 -1.000000 0.181438
-2 2 0.128856 0.227275 682.169922 -1.000000 -1.000000 0.273963
2 0 0.722355 0.050355 605.442200 -1.000000 -1.000000 0.239970
0 0 0.476888 0.348765 1032.828003 -1.000000 -1.000000 0.187764
0 0 0.076398 0.327141 601.817078 -1.000000 -1.000000 0.167694
-2 2 0.090101 0.291031 646.652100 -1.000000 -1.000000 0.253035
2 -2 0.253074 0.112302 667.081970 -1.000000 -1.000000 0.173917
-1 1 0.061669 0.539158 728.884888 -1.000000 -1.000000 0.053734
0 0 0.081451 0.527005 622.626709 -1.000000 -1.000000 0.191892
0 0 0.391250 0.120276 708.440918 -1.000000 -1.000000 0.159213
3 -3 0.120703 0.190009 604.514404 -1.000000 -1.000000 0.290500
-1 1 0.221913 0.125851 604.651611 -1.000000 -1.000000 0.195249
-2 2 0.107312 0.307405 712.905273 -1.000000 -1.000000 0.187628
0 0 0.251408 0.231138 865.975708 -1.000000 -1.000000 0.224006
2 -2 0.249100 0.101809 636.733521 -1.000000 -1.000000 0.277672
0 0 0.101728 0.278859 600.248230 -1.000000 -1.000000 0.145566
0 0 0.145074 0.184849 610.745422 -1.000000 -1.000000 0.190442
2 -2 0.380528 0.097309 614.715027 -1.000000 -1.000000 0.164225
2 0 0.318270 0.589637 985.879517 -1.000000 -1.000000 0.302828
0 0 0.325557 0.228230 822.344788 -1.000000 -1.000000 0.013883
0 0 0.273050 0.131531 664.748596 -1.000000 -1.000000 0.183668
2 0 0.511510 0.271213 679.454712 -1.000000 -1.000000 0.222006
-1 0 0.111239 0.335335 606.364197 -1.000000 -1.000000 0.261451
-2 2 0.330883 0.237534 838.015503 -1.000000 -1.000000 0.162066
0 2 0.195062 0.463334 620.291504 -1.000000 -1.000000 0.126601
-2 2 0.147411 0.218274 655.150574 -1.000000 -1.000000 0.113402
1 1 0.265894 0.397819 610.383179 -1.000000 -1.000000 0.111172
2 -2 0.206674 0.192623 673.149780 -1.000000 -1.000000 0.183850
1 -1 0.107992 0.222370 619.726379 -1.000000 -1.000000 0.178771
-1 1 0.086017 0.383036 690.151672 -1.000000 -1.000000 0.172626
0 0 0.231801 0.297661 865.887817 -1.000000 -1.000000 0.135708
0 0 0.156369 0.266648 614.090515 -1.000000 -1.000000 0.081763
0 0 0.132766 0.308306 679.869202 -1.000000 -1.000000 0.078926
-2 2 0.159033 0.338725 750.558472 -1.000000 -1.000000 0.164269
0 0 0.297770 0.172376 812.537476 -1.000000 -1.000000 0.181663
0 0 0.300834 0.131315 775.527893 -1.000000 -1.000000 0.230153
2 2 0.299566 0.462505 733.773193 -1.000000 -1.000000 0.012022
1 -1 0.294864 0.099021 623.455078 -1.000000 -1.000000 0.182385
1 -1 0.182947 0.128275 603.073914 -1.000000 -1.000000 0.144297
1 -1 0.196966 0.131702 636.168274 -1.000000 -1.000000 0.134487
0 0 0.306944 0.238414 679.551025 -1.000000 -1.000000 0.293443
1 -1 0.334482 0.095750 690.430725 -1.000000 -1.000000 0.067754
0 0 0.236101 0.109294 613.124512 -1.000000 -1.000000 0.271691
-1 1 0.141557 0.188039 644.239807 -1.000000 -1.000000 0.103265
-2 2 0.313990 0.100861 692.232422 -1.000000 -1.000000 0.140816
0 0 0.258357 0.158177 759.905579 -1.000000 -1.000000 0.173602
0 2 0.374460 0.283480 843.956787 -1.000000 -1.000000 0.171482
2 -2 0.419275 0.091990 768.287903 -1.000000 -1.000000 0.194893
0 1 0.258196 0.294933 875.816772 -1.000000 -1.000000 0.181707
-1 1 0.142550 0.546860 994.094116 -1.000000 -1.000000 0.190927
0 0 0.171479 0.242653 660.939514 -1.000000 -1.000000 0.242727
0 0 0.095000 0.451210 698.202393 -1.000000 -1.000000 0.175511
0 2 0.362191 0.314337 718.228394 -1.000000 -1.000000 0.195262
2 -2 0.271204 0.161656 615.216797 -1.000000 -1.000000 0.115266
0 1 0.255079 0.435862 1078.532959 -1.000000 -1.000000 0.105103
0 0 0.260130 0.221395 663.651184 -1.000000 -1.000000 0.199946
0 1 0.371688 0.641703 848.010681 -1.000000 -1.000000 0.174275
-2 2 0.090689 0.473339 781.547974 -1.000000 -1.000000 0.113538
0 0 0.079784 0.524686 728.876709 -1.000000 -1.000000 0.204683
2 -2 0.265000 0.107723 611.196594 -1.000000 -1.000000 0.261893
0 0 0.254930 0.198660 755.371216 -1.000000 -1.000000 0.264828
2 0 0.379479 0.179454 885.252319 -1.000000 -1.000000 0.338828
0 0 0.677671 0.149034 890.702820 -1.000000 -1.000000 0.221109
0 0 0.112376 0.280250 666.465027 -1.000000 -1.000000 0.181535
-2 2 0.126899 0.383969 629.593628 -1.000000 -1.000000 0.181155
-2 2 0.162906 0.144310 606.787903 -1.000000 -1.000000 0.175941
