2 -2 0.510130 0.334131 1574.454956 -1.000000 -1.000000 0.000015
-2 2 0.498533 0.482660 1643.811035 -1.000000 -1.000000 0.000017
-1 1 0.290134 0.494184 1513.087036 -1.000000 -1.000000 0.000021
-2 2 0.296165 0.620960 1513.973022 -1.000000 -1.000000 0.000012
-2 2 0.250552 0.732143 1694.646973 -1.000000 -1.000000 0.000019
-2 2 0.414021 0.377338 1567.050049 -1.000000 -1.000000 0.000004
2 -2 0.474190 0.437822 1678.114990 -1.000000 -1.000000 0.000018
-2 2 0.230161 0.642421 1537.503052 -1.000000 -1.000000 0.000004
-2 2 0.245756 0.608904 1546.937988 -1.000000 -1.000000 0.000015
-1 1 0.309172 0.463514 1502.755005 -1.000000 -1.000000 0.000004
-1 1 0.415404 0.365176 1551.297974 -1.000000 -1.000000 0.000005
-2 2 0.607740 0.250338 1560.171997 -1.000000 -1.000000 0.000010
-1 1 0.337323 0.515388 1611.219971 -1.000000 -1.000000 0.000000
2 -2 0.431545 0.442752 1510.887939 -1.000000 -1.000000 0.000001
1 -1 0.613893 0.336424 1523.837036 -1.000000 -1.000000 0.000006
2 -2 0.371547 0.445842 1583.712036 -1.000000 -1.000000 0.000008
2 -2 0.439523 0.491144 1736.052979 -1.000000 -1.000000 0.000001
2 -2 0.520362 0.310070 1520.171021 -1.000000 -1.000000 0.000008
-1 1 0.232138 0.700580 1605.406982 -1.000000 -1.000000 0.000022
-1 1 0.289012 0.538547 1531.796997 -1.000000 -1.000000 0.000017
0 0 0.317853 0.543874 1663.041992 -1.000000 -1.000000 0.000012
-2 2 0.311783 0.464744 1507.979980 -1.000000 -1.000000 0.000014
-2 2 0.362311 0.469403 1645.592041 -1.000000 -1.000000 0.000000
2 -2 0.458504 0.470968 1831.488037 -1.000000 -1.000000 0.000014
2 -2 0.621964 0.266447 1565.125000 -1.000000 -1.000000 0.000013
0 0 0.318686 0.511357 1598.114990 -1.000000 -1.000000 0.000005
2 -2 0.684507 0.227243 1577.232056 -1.000000 -1.000000 0.000027
0 2 0.249911 0.686268 1619.931030 -1.000000 -1.000000 0.000002
-2 2 0.356169 0.586019 1604.108032 -1.000000 -1.000000 0.000014
2 -2 0.640319 0.344038 1655.524048 -1.000000 -1.000000 0.000013
-2 2 0.310820 0.492853 1551.761963 -1.000000 -1.000000 0.000012
-2 2 0.463039 0.327423 1539.953979 -1.000000 -1.000000 0.000014
-2 2 0.255250 0.698596 1644.423950 -1.000000 -1.000000 0.000016
2 -2 0.454294 0.343552 1505.842041 -1.000000 -1.000000 0.000014
1 -1 0.442774 0.368630 1503.368042 -1.000000 -1.000000 0.000017
2 -2 0.545489 0.381713 1715.772949 -1.000000 -1.000000 0.000009
2 -2 0.573110 0.266146 1542.510010 -1.000000 -1.000000 0.000011
2 -2 0.440224 0.331890 1520.234985 -1.000000 -1.000000 0.000008
1 -1 0.534373 0.291269 1516.047974 -1.000000 -1.000000 0.000014
-2 2 0.348143 0.547864 1656.671997 -1.000000 -1.000000 0.000007
-2 2 0.339567 0.638410 1820.045044 -1.000000 -1.000000 0.000013
2 -2 0.384364 0.411071 1583.163940 -1.000000 -1.000000 0.000017
2 -2 0.672785 0.302881 1726.244019 -1.000000 -1.000000 0.000000
-2 2 0.303847 0.634608 1677.269043 -1.000000 -1.000000 0.000000
-2 2 0.269535 0.621422 1628.515015 -1.000000 -1.000000 0.000013
2 -2 0.528995 0.413556 1661.604980 -1.000000 -1.000000 0.000014
-2 2 0.444625 0.334960 1521.663940 -1.000000 -1.000000 0.000018
0 1 0.465072 0.650019 1580.774048 -1.000000 -1.000000 0.000017
-2 2 0.279206 0.595881 1604.583008 -1.000000 -1.000000 0.000013
2 -2 0.210212 0.757915 1595.859985 -1.000000 -1.000000 0.000016
2 -2 0.492670 0.320453 1543.145020 -1.000000 -1.000000 0.000013
-1 1 0.454149 0.389926 1661.340942 -1.000000 -1.000000 0.000008
2 -2 0.544725 0.345488 1530.113037 -1.000000 -1.000000 0.000014
-2 2 0.343767 0.628985 1528.353027 -1.000000 -1.000000 0.000017
2 -2 0.661989 0.217676 1518.125000 -1.000000 -1.000000 0.000012
-2 2 0.381406 0.543562 1806.461060 -1.000000 -1.000000 0.000000
-1 1 0.286245 0.537542 1517.354980 -1.000000 -1.000000 0.000012
1 -1 0.334522 0.461961 1566.692993 -1.000000 -1.000000 0.000014
-2 2 0.339325 0.536341 1705.012939 -1.000000 -1.000000 0.000000
-1 1 0.416436 0.418314 1522.687012 -1.000000 -1.000000 0.000014
-1 1 0.331120 0.540891 1685.446045 -1.000000 -1.000000 0.000001
-2 2 0.387268 0.484445 1625.556030 -1.000000 -1.000000 0.000005
-2 2 0.347842 0.438072 1555.364014 -1.000000 -1.000000 0.000014
-2 2 0.421447 0.383267 1606.198975 -1.000000 -1.000000 0.000013
0 0 0.358456 0.426681 1516.196045 -1.000000 -1.000000 0.000013
2 -2 0.440226 0.490601 1712.249023 -1.000000 -1.000000 0.000019
2 -2 0.590582 0.287290 1628.078979 -1.000000 -1.000000 0.000014
-2 2 0.368924 0.596462 1803.248047 -1.000000 -1.000000 0.000015
-2 2 0.336873 0.602920 1788.850952 -1.000000 -1.000000 0.000014
-2 2 0.606214 0.371663 1740.619019 -1.000000 -1.000000 0.000008
1 -1 0.446198 0.407282 1705.181030 -1.000000 -1.000000 0.000018
2 -2 0.450700 0.320567 1512.400024 -1.000000 -1.000000 0.000013
-1 1 0.367287 0.411115 1539.694946 -1.000000 -1.000000 0.000006
0 2 0.370923 0.574819 1584.818970 -1.000000 -1.000000 0.000019
2 -2 0.416029 0.459394 1649.495972 -1.000000 -1.000000 0.000017
1 -1 0.485143 0.301221 1516.465942 -1.000000 -1.000000 0.000011
2 -2 0.470029 0.452097 1541.017944 -1.000000 -1.000000 0.000014
2 -2 0.753124 0.266586 1617.015991 -1.000000 -1.000000 0.000018
2 -2 0.622529 0.344319 1577.012939 -1.000000 -1.000000 0.000019
2 -2 0.521162 0.300551 1527.264038 -1.000000 -1.000000 0.000008
2 -2 0.580223 0.301528 1622.848999 -1.000000 -1.000000 0.000016
2 -2 0.382873 0.561425 1692.946045 -1.000000 -1.000000 0.000017
1 0 0.593618 0.460403 1635.100952 -1.000000 -1.000000 0.000025
-1 1 0.210949 0.708083 1505.724976 -1.000000 -1.000000 0.000012
2 -2 0.525827 0.316805 1502.421997 -1.000000 -1.000000 0.000007
2 -2 0.412649 0.401099 1533.415039 -1.000000 -1.000000 0.000002
2 -2 0.600784 0.493067 1522.869995 -1.000000 -1.000000 0.000017
-2 2 0.201064 0.801876 1588.725952 -1.000000 -1.000000 0.000012
-2 2 0.314319 0.577530 1694.703003 -1.000000 -1.000000 0.000016
2 0 0.688256 0.384600 1510.281006 -1.000000 -1.000000 0.000018
2 -2 0.379574 0.425004 1581.537964 -1.000000 -1.000000 0.000014
2 -2 0.469818 0.348960 1524.165039 -1.000000 -1.000000 0.000014
1 -1 0.533266 0.288382 1541.751953 -1.000000 -1.000000 0.000025
-2 2 0.400091 0.459157 1503.166016 -1.000000 -1.000000 0.000011
-1 1 0.375251 0.442058 1534.222046 -1.000000 -1.000000 0.000001
2 -2 0.511017 0.411419 1653.712036 -1.000000 -1.000000 0.000021
-2 2 0.253054 0.679745 1566.707031 -1.000000 -1.000000 0.000014
2 -2 0.738754 0.243527 1556.848999 -1.000000 -1.000000 0.000001
2 -2 0.611315 0.334297 1700.201050 -1.000000 -1.000000 0.000001
2 -2 0.463385 0.495791 1570.557007 -1.000000 -1.000000 0.000014
1 -1 0.473255 0.352371 1581.587036 -1.000000 -1.000000 0.000013
-2 2 0.410601 0.540588 1845.973022 -1.000000 -1.000000 0.000021
2 -2 0.527089 0.410096 1528.277954 -1.000000 -1.000000 0.000004
-1 1 0.244583 0.699492 1517.760986 -1.000000 -1.000000 0.000014
2 -2 0.544532 0.289657 1535.911011 -1.000000 -1.000000 0.000012
2 -2 0.482304 0.313671 1540.563965 -1.000000 -1.000000 0.000015
1 -1 0.462249 0.549203 1910.020020 -1.000000 -1.000000 0.000000
0 0 0.412154 0.464846 1588.581055 -1.000000 -1.000000 0.000012
2 -2 0.268692 0.615650 1510.697998 -1.000000 -1.000000 0.000015
-2 2 0.448857 0.485752 1592.214966 -1.000000 -1.000000 0.000019
-2 2 0.203299 0.811542 1620.833008 -1.000000 -1.000000 0.000014
-2 2 0.303224 0.611079 1653.678955 -1.000000 -1.000000 0.000018
-2 2 0.503394 0.428665 1779.791992 -1.000000 -1.000000 0.000005
-2 2 0.307392 0.485596 1539.052979 -1.000000 -1.000000 0.000017
-2 2 0.564231 0.672435 1815.036011 -1.000000 -1.000000 0.000012
0 0 0.439327 0.416213 1706.323975 -1.000000 -1.000000 0.000000
-2 2 0.581077 0.422528 1632.806030 -1.000000 -1.000000 0.000017
0 2 0.566183 0.579076 1557.760010 -1.000000 -1.000000 0.000008
2 -2 0.624270 0.257101 1589.943970 -1.000000 -1.000000 0.000027
-2 2 0.348382 0.471891 1545.213989 -1.000000 -1.000000 0.000014
2 -2 0.472521 0.409236 1535.620972 -1.000000 -1.000000 0.000013
-2 2 0.243700 0.672977 1562.921021 -1.000000 -1.000000 0.000001
2 -2 0.476772 0.404280 1596.661011 -1.000000 -1.000000 0.000013
2 -2 0.658323 0.271894 1674.798950 -1.000000 -1.000000 0.000013
2 -2 0.724834 0.378873 1611.656982 -1.000000 -1.000000 0.000000
2 -2 0.439780 0.405015 1606.027954 -1.000000 -1.000000 0.000027
0 2 0.497861 0.366873 1501.796021 -1.000000 -1.000000 0.000005
-2 2 0.312919 0.468847 1526.380005 -1.000000 -1.000000 0.000018
-2 2 0.365409 0.450404 1505.941040 -1.000000 -1.000000 0.000004
-2 2 0.399992 0.411212 1620.875977 -1.000000 -1.000000 0.000015
2 -2 0.382078 0.463873 1610.577026 -1.000000 -1.000000 0.000013
-2 2 0.385545 0.459060 1558.390015 -1.000000 -1.000000 0.000012
-1 1 0.444273 0.575709 1562.094971 -1.000000 -1.000000 0.000010
-2 2 0.313046 0.451404 1502.878052 -1.000000 -1.000000 0.000016
1 -1 0.447899 0.353417 1561.421021 -1.000000 -1.000000 0.000003
-2 2 0.405947 0.652605 1974.604004 -1.000000 -1.000000 0.000000
-2 2 0.397567 0.358164 1501.386963 -1.000000 -1.000000 0.000013
2 -2 0.365421 0.409591 1530.302979 -1.000000 -1.000000 0.000009
2 -2 0.584332 0.263095 1538.276001 -1.000000 -1.000000 0.000007
2 -2 0.627530 0.259572 1614.222046 -1.000000 -1.000000 0.000015
-2 2 0.341711 0.427794 1513.322021 -1.000000 -1.000000 0.000018
-2 2 0.618931 0.276488 1597.358032 -1.000000 -1.000000 0.000018
2 -2 0.495474 0.292918 1520.005981 -1.000000 -1.000000 0.000010
-2 2 0.288083 0.607643 1632.116943 -1.000000 -1.000000 0.000014
2 -2 0.688314 0.345562 1612.916016 -1.000000 -1.000000 0.000013
-2 2 0.340200 0.453463 1540.409058 -1.000000 -1.000000 0.000015
2 -2 0.549079 0.311285 1630.806030 -1.000000 -1.000000 0.000022
2 -2 0.627428 0.290692 1697.552979 -1.000000 -1.000000 0.000014
1 -1 0.546206 0.284777 1558.458984 -1.000000 -1.000000 0.000013
-2 2 0.261385 0.648867 1588.041992 -1.000000 -1.000000 0.000001
-2 2 0.312374 0.620689 1706.436035 -1.000000 -1.000000 0.000000
1 -1 0.414822 0.354611 1533.751953 -1.000000 -1.000000 0.000013
2 -2 0.496825 0.301196 1543.623047 -1.000000 -1.000000 0.000024
-2 2 0.368833 0.438350 1604.301025 -1.000000 -1.000000 0.000018
2 -2 0.273049 0.648115 1544.833008 -1.000000 -1.000000 0.000017
2 -2 0.417013 0.582501 1932.149048 -1.000000 -1.000000 0.000005
0 3 0.598899 0.323836 1662.113037 -1.000000 -1.000000 0.000000
-2 2 0.234022 0.719734 1573.095947 -1.000000 -1.000000 0.000011
1 -1 0.494544 0.314102 1552.308960 -1.000000 -1.000000 0.000013
2 -2 0.710820 0.199653 1506.838013 -1.000000 -1.000000 0.000013
-1 1 0.379973 0.434075 1586.595947 -1.000000 -1.000000 0.000014
2 -2 0.316665 0.468217 1533.536987 -1.000000 -1.000000 0.000017
-2 2 0.400167 0.479556 1509.406006 -1.000000 -1.000000 0.000013
-2 2 0.300951 0.554497 1530.321045 -1.000000 -1.000000 0.000017
-2 2 0.332528 0.483870 1587.791992 -1.000000 -1.000000 0.000013
-1 1 0.704224 0.250447 1609.290039 -1.000000 -1.000000 0.000014
-2 2 0.266258 0.600531 1546.531006 -1.000000 -1.000000 0.000013
2 -2 0.471643 0.316913 1539.985962 -1.000000 -1.000000 0.000020
2 -2 0.595342 0.258032 1564.427002 -1.000000 -1.000000 0.000017
-2 2 0.484432 0.446909 1635.921021 -1.000000 -1.000000 0.000013
-2 2 0.366284 0.434681 1584.821045 -1.000000 -1.000000 0.000022
1 -1 0.678196 0.345717 1907.834961 -1.000000 -1.000000 0.000000
-2 2 0.407248 0.418160 1634.134033 -1.000000 -1.000000 0.000000
-2 2 0.437016 0.555364 1934.938965 -1.000000 -1.000000 0.000013
2 -2 0.373894 0.404238 1555.077026 -1.000000 -1.000000 0.000012
-2 2 0.285859 0.533286 1560.973999 -1.000000 -1.000000 0.000014
-2 2 0.310502 0.468536 1523.411011 -1.000000 -1.000000 0.000013
-2 2 0.457672 0.434441 1681.505005 -1.000000 -1.000000 0.000008
2 -2 0.514243 0.317197 1565.410034 -1.000000 -1.000000 0.000015
-2 2 0.551449 0.520285 2010.229004 -1.000000 -1.000000 0.000000
1 -1 0.477733 0.311461 1540.697021 -1.000000 -1.000000 0.000013
-1 1 0.322433 0.559418 1691.469971 -1.000000 -1.000000 0.000013
1 -1 0.479065 0.338528 1521.587036 -1.000000 -1.000000 0.000019
2 -2 0.310192 0.648585 1652.537964 -1.000000 -1.000000 0.000002
-2 2 0.245881 0.600034 1511.900024 -1.000000 -1.000000 0.000014
-2 2 0.446518 0.360393 1602.740967 -1.000000 -1.000000 0.000024
-2 2 0.288601 0.545992 1528.303955 -1.000000 -1.000000 0.000004
-2 2 0.473093 0.385211 1689.270996 -1.000000 -1.000000 0.000017
2 -2 0.451697 0.319241 1512.319946 -1.000000 -1.000000 0.000016
-1 1 0.550829 0.280356 1542.982056 -1.000000 -1.000000 0.000018
-1 1 0.358984 0.554247 1781.250977 -1.000000 -1.000000 0.000013
0 0 0.384333 0.450264 1564.683960 -1.000000 -1.000000 0.000007
-1 1 0.284939 0.569964 1577.811035 -1.000000 -1.000000 0.000004
1 -1 0.691798 0.274610 1630.296021 -1.000000 -1.000000 0.000014
2 -2 0.454071 0.358194 1547.697998 -1.000000 -1.000000 0.000014
-2 2 0.243512 0.734496 1524.312988 -1.000000 -1.000000 0.000021
-2 2 0.456220 0.466789 1624.244995 -1.000000 -1.000000 0.000000
2 -2 0.436012 0.323118 1501.206055 -1.000000 -1.000000 0.000015
-2 2 0.462754 0.351065 1571.744019 -1.000000 -1.000000 0.000014
0 2 0.333202 0.591349 1547.881958 -1.000000 -1.000000 0.000017
2 -2 0.417666 0.447761 1707.104004 -1.000000 -1.000000 0.000009
0 0 0.450881 0.428826 1693.842041 -1.000000 -1.000000 0.000017
2 -2 0.481457 0.301427 1510.241943 -1.000000 -1.000000 0.000016
2 -2 0.388399 0.423342 1561.676025 -1.000000 -1.000000 0.000012
2 -2 0.632295 0.284052 1689.082031 -1.000000 -1.000000 0.000000
-1 1 0.249634 0.662465 1596.776978 -1.000000 -1.000000 0.000001
-2 2 0.453199 0.453715 1697.284058 -1.000000 -1.000000 0.000019
-1 1 0.332061 0.575818 1664.239014 -1.000000 -1.000000 0.000011
-1 1 0.391676 0.497348 1545.746948 -1.000000 -1.000000 0.000012
-2 2 0.340977 0.648384 1653.394043 -1.000000 -1.000000 0.000000
-2 2 0.402853 0.540297 1854.860962 -1.000000 -1.000000 0.000000
-1 1 0.375356 0.475132 1568.576050 -1.000000 -1.000000 0.000016
-2 2 0.554189 0.311344 1659.324951 -1.000000 -1.000000 0.000013
2 -2 0.530207 0.308136 1599.753052 -1.000000 -1.000000 0.000016
-1 1 0.407723 0.474864 1714.212036 -1.000000 -1.000000 0.000002
2 -2 0.430603 0.525006 1622.312988 -1.000000 -1.000000 0.000012
-2 2 0.272570 0.680341 1694.886963 -1.000000 -1.000000 0.000012
2 -2 0.617862 0.304076 1528.029053 -1.000000 -1.000000 0.000022
1 -1 0.795226 0.230007 1520.167969 -1.000000 -1.000000 0.000015
-2 2 0.286534 0.560289 1518.754028 -1.000000 -1.000000 0.000006
-2 2 0.273450 0.613105 1574.411011 -1.000000 -1.000000 0.000013
-2 2 0.486727 0.318704 1571.668945 -1.000000 -1.000000 0.000018
-1 1 0.307138 0.666340 1588.972046 -1.000000 -1.000000 0.000013
1 -1 0.431813 0.370817 1508.614990 -1.000000 -1.000000 0.000013
1 0 0.689714 0.525410 1581.427979 -1.000000 -1.000000 0.000015
2 -2 0.449407 0.405301 1633.145020 -1.000000 -1.000000 0.000014
-2 2 0.449643 0.390563 1668.680054 -1.000000 -1.000000 0.000018
-1 1 0.404378 0.366706 1535.597046 -1.000000 -1.000000 0.000013
-1 1 0.405685 0.423591 1546.441040 -1.000000 -1.000000 0.000001
