2 -2 0.522296 0.479538 1536.413940 -1.000000 -1.000000 0.000030
2 -2 0.628849 0.227714 1509.614990 -1.000000 -1.000000 0.000026
1 -1 0.425790 0.370853 1588.733032 -1.000000 -1.000000 0.000026
1 -1 0.432760 0.496026 1721.746948 -1.000000 -1.000000 0.000038
1 -1 0.612122 0.360759 1670.739990 -1.000000 -1.000000 0.000030
-2 2 0.423481 0.383394 1566.082031 -1.000000 -1.000000 0.000030
-2 2 0.347169 0.570726 1611.880981 -1.000000 -1.000000 0.000038
-2 2 0.346139 0.410963 1508.077026 -1.000000 -1.000000 0.000013
2 -2 0.375443 0.469499 1516.744995 -1.000000 -1.000000 0.000027
-2 2 0.289557 0.568271 1520.441040 -1.000000 -1.000000 0.000028
1 -1 0.493771 0.308813 1543.604980 -1.000000 -1.000000 0.000008
2 -2 0.381184 0.400437 1557.671997 -1.000000 -1.000000 0.000028
2 -2 0.456753 0.331378 1551.699951 -1.000000 -1.000000 0.000016
1 -1 0.652596 0.221758 1515.015991 -1.000000 -1.000000 0.000038
-2 2 0.374830 0.426438 1504.246948 -1.000000 -1.000000 0.000029
-2 2 0.405686 0.592828 1621.484009 -1.000000 -1.000000 0.000031
1 -1 0.386637 0.439926 1612.550049 -1.000000 -1.000000 0.000030
2 -2 0.413917 0.348317 1501.537964 -1.000000 -1.000000 0.000002
2 -2 0.443318 0.507879 1633.850952 -1.000000 -1.000000 0.000008
-2 2 0.442576 0.359472 1544.963989 -1.000000 -1.000000 0.000028
2 -2 0.429679 0.443251 1731.060059 -1.000000 -1.000000 0.000034
-2 2 0.563732 0.262219 1508.314941 -1.000000 -1.000000 0.000028
2 -2 0.392389 0.413991 1534.421997 -1.000000 -1.000000 0.000028
-2 2 0.352405 0.467818 1622.692993 -1.000000 -1.000000 0.000030
-2 2 0.274592 0.613735 1508.317017 -1.000000 -1.000000 0.000030
2 -2 0.524339 0.307782 1606.730957 -1.000000 -1.000000 0.000043
-2 2 0.393384 0.431743 1624.840942 -1.000000 -1.000000 0.000028
-2 2 0.504634 0.387458 1556.036011 -1.000000 -1.000000 0.000036
-2 2 0.372829 0.464164 1579.442993 -1.000000 -1.000000 0.000014
-1 1 0.398497 0.372682 1532.701050 -1.000000 -1.000000 0.000028
-2 2 0.437625 0.378615 1534.915039 -1.000000 -1.000000 0.000016
1 -1 0.574829 0.252608 1514.701050 -1.000000 -1.000000 0.000027
-2 2 0.433826 0.356410 1572.827026 -1.000000 -1.000000 0.000028
1 -1 0.393542 0.476284 1705.931030 -1.000000 -1.000000 0.000025
-2 2 0.373184 0.536684 1681.487061 -1.000000 -1.000000 0.000014
2 -2 0.271319 0.542536 1528.457031 -1.000000 -1.000000 0.000034
2 -2 0.529324 0.271947 1504.642944 -1.000000 -1.000000 0.000011
-2 2 0.354936 0.483364 1641.323975 -1.000000 -1.000000 0.000019
2 -2 0.598074 0.309946 1658.228027 -1.000000 -1.000000 0.000014
2 -2 0.699530 0.244166 1592.185059 -1.000000 -1.000000 0.000031
1 -1 0.636047 0.312165 1782.279053 -1.000000 -1.000000 0.000044
-1 1 0.304699 0.486661 1521.817017 -1.000000 -1.000000 0.000031
2 -2 0.479821 0.370641 1532.739014 -1.000000 -1.000000 0.000035
1 -1 0.248939 0.630313 1558.015015 -1.000000 -1.000000 0.000053
-2 2 0.331862 0.481141 1511.006958 -1.000000 -1.000000 0.000032
-2 2 0.538498 0.431488 1862.848999 -1.000000 -1.000000 0.000020
1 -1 0.472001 0.364730 1648.130981 -1.000000 -1.000000 0.000029
-2 2 0.279290 0.575511 1558.989990 -1.000000 -1.000000 0.000028
2 -2 0.619424 0.231902 1513.149048 -1.000000 -1.000000 0.000011
-1 1 0.306604 0.476162 1517.437988 -1.000000 -1.000000 0.000036
-2 2 0.350146 0.646025 1595.331055 -1.000000 -1.000000 0.000001
2 -2 0.375850 0.431527 1587.366943 -1.000000 -1.000000 0.000020
-2 2 0.515556 0.309206 1578.701050 -1.000000 -1.000000 0.000027
-2 2 0.618708 0.357765 1718.067017 -1.000000 -1.000000 0.000034
-2 2 0.401859 0.518823 1546.691040 -1.000000 -1.000000 0.000037
2 -2 0.575058 0.298536 1624.017944 -1.000000 -1.000000 0.000039
2 -2 0.373794 0.648313 1639.496948 -1.000000 -1.000000 0.000029
1 -1 0.440630 0.409128 1663.326050 -1.000000 -1.000000 0.000008
-1 1 0.312102 0.508928 1592.558960 -1.000000 -1.000000 0.000030
-1 1 0.297932 0.525502 1576.660034 -1.000000 -1.000000 0.000029
-2 2 0.403829 0.578820 1910.319946 -1.000000 -1.000000 0.000032
-2 2 0.491829 0.410981 1532.912964 -1.000000 -1.000000 0.000040
1 -1 0.391847 0.440999 1625.897949 -1.000000 -1.000000 0.000011
-1 1 0.439837 0.374156 1525.342041 -1.000000 -1.000000 0.000020
-1 1 0.428588 0.398336 1590.213013 -1.000000 -1.000000 0.000041
1 -1 0.415314 0.405272 1633.576050 -1.000000 -1.000000 0.000027
1 -1 0.423298 0.436775 1715.406006 -1.000000 -1.000000 0.000028
-2 2 0.635190 0.252814 1509.115967 -1.000000 -1.000000 0.000011
2 -2 0.403524 0.535580 1835.676025 -1.000000 -1.000000 0.000027
2 -2 0.309438 0.455162 1500.990967 -1.000000 -1.000000 0.000031
-2 2 0.417656 0.370088 1539.298950 -1.000000 -1.000000 0.000028
-2 2 0.199038 0.793333 1578.824951 -1.000000 -1.000000 0.000033
2 -2 0.666663 0.225995 1533.723999 -1.000000 -1.000000 0.000031
-2 2 0.292358 0.636953 1679.546021 -1.000000 -1.000000 0.000031
2 -2 0.561373 0.338392 1627.842041 -1.000000 -1.000000 0.000025
0 2 0.344979 0.513876 1557.912964 -1.000000 -1.000000 0.000031
1 -1 0.458774 0.431003 1699.270996 -1.000000 -1.000000 0.000034
-2 2 0.339126 0.460260 1559.021973 -1.000000 -1.000000 0.000038
-2 2 0.364710 0.499989 1664.156006 -1.000000 -1.000000 0.000058
-2 2 0.285908 0.496121 1506.456055 -1.000000 -1.000000 0.000035
-2 2 0.325137 0.513430 1594.505981 -1.000000 -1.000000 0.000035
-1 1 0.356773 0.652350 1553.932983 -1.000000 -1.000000 0.000026
-2 2 0.444137 0.400431 1673.592041 -1.000000 -1.000000 0.000014
2 -2 0.539190 0.273570 1535.052979 -1.000000 -1.000000 0.000029
-2 2 0.484348 0.352222 1587.692993 -1.000000 -1.000000 0.000022
1 -1 0.353317 0.439805 1513.243042 -1.000000 -1.000000 0.000030
2 -2 0.571509 0.459159 1542.793945 -1.000000 -1.000000 0.000034
1 -1 0.402526 0.360845 1518.589966 -1.000000 -1.000000 0.000040
2 -2 0.410283 0.442223 1527.016968 -1.000000 -1.000000 0.000027
-2 2 0.303144 0.551503 1632.750000 -1.000000 -1.000000 0.000025
2 -2 0.426408 0.373721 1589.316040 -1.000000 -1.000000 0.000016
2 -2 0.397036 0.400937 1593.932983 -1.000000 -1.000000 0.000036
2 -2 0.435428 0.398007 1658.435059 -1.000000 -1.000000 0.000036
2 -2 0.479674 0.299451 1505.654053 -1.000000 -1.000000 0.000027
-2 2 0.253453 0.709554 1513.441040 -1.000000 -1.000000 0.000002
-2 2 0.215463 0.734160 1534.188965 -1.000000 -1.000000 0.000028
-1 1 0.331819 0.452385 1529.001953 -1.000000 -1.000000 0.000035
2 -2 0.592880 0.302488 1549.437988 -1.000000 -1.000000 0.000028
-2 2 0.213141 0.768624 1541.537964 -1.000000 -1.000000 0.000031
-2 2 0.353001 0.416494 1530.918945 -1.000000 -1.000000 0.000031
-2 2 0.354849 0.549914 1656.342041 -1.000000 -1.000000 0.000039
-2 2 0.503868 0.404871 1588.473999 -1.000000 -1.000000 0.000017
-2 2 0.303695 0.479847 1525.139038 -1.000000 -1.000000 0.000041
1 -1 0.507457 0.352262 1668.491943 -1.000000 -1.000000 0.000034
2 -2 0.639562 0.314866 1794.147949 -1.000000 -1.000000 0.000039
-1 1 0.350182 0.458882 1593.240967 -1.000000 -1.000000 0.000001
-2 2 0.503492 0.451308 1530.266968 -1.000000 -1.000000 0.000026
-2 2 0.333549 0.561570 1729.344971 -1.000000 -1.000000 0.000023
2 -2 0.602128 0.298344 1630.720947 -1.000000 -1.000000 0.000041
-2 2 0.400675 0.360603 1515.566040 -1.000000 -1.000000 0.000003
2 -2 0.479958 0.307597 1511.264038 -1.000000 -1.000000 0.000036
2 -2 0.271102 0.626088 1628.031982 -1.000000 -1.000000 0.000027
-2 2 0.406324 0.410185 1525.645996 -1.000000 -1.000000 0.000031
1 -1 0.426829 0.408515 1659.222046 -1.000000 -1.000000 0.000028
0 0 0.541023 0.574865 1804.244019 -1.000000 -1.000000 0.000059
2 -2 0.341229 0.544254 1547.522949 -1.000000 -1.000000 0.000018
2 -2 0.542216 0.348984 1565.612061 -1.000000 -1.000000 0.000020
-2 2 0.452008 0.355106 1599.836060 -1.000000 -1.000000 0.000028
2 -2 0.382532 0.523012 1783.395996 -1.000000 -1.000000 0.000026
0 0 0.282705 0.541262 1519.244019 -1.000000 -1.000000 0.000038
2 -2 0.409725 0.435693 1688.613037 -1.000000 -1.000000 0.000035
2 -2 0.600592 0.353685 1664.637939 -1.000000 -1.000000 0.000028
2 -2 0.414136 0.394652 1615.432007 -1.000000 -1.000000 0.000032
2 -2 0.482656 0.352963 1574.337036 -1.000000 -1.000000 0.000030
1 -1 0.503510 0.386262 1518.027954 -1.000000 -1.000000 0.000032
-1 1 0.384557 0.759506 1781.376953 -1.000000 -1.000000 0.000030
2 -2 0.745004 0.200124 1527.005005 -1.000000 -1.000000 0.000029
2 -2 0.519763 0.316415 1522.062012 -1.000000 -1.000000 0.000027
-2 2 0.302332 0.624474 1650.813965 -1.000000 -1.000000 0.000041
2 -2 0.422577 0.525627 1553.411987 -1.000000 -1.000000 0.000025
2 -2 0.620726 0.339155 1533.108032 -1.000000 -1.000000 0.000030
2 -2 0.467308 0.341595 1578.437012 -1.000000 -1.000000 0.000031
2 -2 0.615112 0.355450 1583.034058 -1.000000 -1.000000 0.000033
0 0 0.583981 0.243631 1502.704956 -1.000000 -1.000000 0.000019
1 0 0.610836 0.622722 1743.938965 -1.000000 -1.000000 0.000038
2 -2 0.446111 0.398305 1642.754028 -1.000000 -1.000000 0.000026
2 -2 0.496864 0.285269 1502.680054 -1.000000 -1.000000 0.000038
-2 2 0.440061 0.523180 1880.428955 -1.000000 -1.000000 0.000005
1 -1 0.537495 0.329747 1639.890015 -1.000000 -1.000000 0.000002
2 -2 0.717943 0.255753 1666.670044 -1.000000 -1.000000 0.000008
-2 2 0.239956 0.632658 1538.672974 -1.000000 -1.000000 0.000035
-2 2 0.327887 0.505225 1586.223022 -1.000000 -1.000000 0.000031
2 -2 0.414613 0.393567 1558.170044 -1.000000 -1.000000 0.000038
0 0 0.332765 0.562219 1548.765015 -1.000000 -1.000000 0.000042
2 -2 0.519330 0.282191 1531.090942 -1.000000 -1.000000 0.000030
2 -2 0.283901 0.601172 1613.506958 -1.000000 -1.000000 0.000002
2 -2 0.487121 0.380723 1518.369019 -1.000000 -1.000000 0.000037
2 -2 0.550417 0.265253 1514.614014 -1.000000 -1.000000 0.000031
2 -2 0.355926 0.495070 1677.671021 -1.000000 -1.000000 0.000034
2 -2 0.369682 0.431289 1586.540039 -1.000000 -1.000000 0.000039
-2 2 0.404443 0.370919 1543.913940 -1.000000 -1.000000 0.000011
-2 2 0.450905 0.485863 1862.270996 -1.000000 -1.000000 0.000027
-1 1 0.315178 0.601289 1710.303955 -1.000000 -1.000000 0.000028
-2 2 0.304051 0.475286 1516.723022 -1.000000 -1.000000 0.000028
-2 2 0.267138 0.818810 1598.634033 -1.000000 -1.000000 0.000030
2 -2 0.653845 0.218579 1502.090942 -1.000000 -1.000000 0.000030
2 -2 0.543370 0.372099 1582.615967 -1.000000 -1.000000 0.000002
2 -2 0.604412 0.265418 1540.891968 -1.000000 -1.000000 0.000011
1 -1 0.581372 0.271766 1524.755005 -1.000000 -1.000000 0.000036
1 -1 0.449902 0.325219 1514.802979 -1.000000 -1.000000 0.000038
1 -1 0.444832 0.412860 1676.661011 -1.000000 -1.000000 0.000041
2 -2 0.493281 0.346910 1582.045044 -1.000000 -1.000000 0.000029
1 -1 0.365525 0.410418 1537.675049 -1.000000 -1.000000 0.000035
2 -2 0.616005 0.314455 1750.900024 -1.000000 -1.000000 0.000038
2 -2 0.319807 0.478139 1553.942993 -1.000000 -1.000000 0.000001
2 -2 0.409514 0.427254 1604.581055 -1.000000 -1.000000 0.000026
2 -2 0.639516 0.228438 1515.505005 -1.000000 -1.000000 0.000038
1 -1 0.434900 0.342439 1510.259033 -1.000000 -1.000000 0.000033
2 -2 0.641594 0.253682 1524.494995 -1.000000 -1.000000 0.000027
-2 2 0.358413 0.482014 1566.812988 -1.000000 -1.000000 0.000020
-1 1 0.239822 0.618293 1531.717041 -1.000000 -1.000000 0.000031
0 0 0.541705 0.365833 1683.228027 -1.000000 -1.000000 0.000030
1 -1 0.528700 0.282070 1531.125000 -1.000000 -1.000000 0.000031
2 -2 0.382702 0.506489 1544.292969 -1.000000 -1.000000 0.000046
0 0 0.436254 0.448970 1539.597046 -1.000000 -1.000000 0.000025
2 0 0.667069 0.412553 1585.557007 -1.000000 -1.000000 0.000029
2 -2 0.775624 0.334927 1948.620972 -1.000000 -1.000000 0.000045
-2 2 0.302852 0.501158 1548.901001 -1.000000 -1.000000 0.000045
-2 2 0.353011 0.462209 1521.818970 -1.000000 -1.000000 0.000029
-2 2 0.290794 0.682779 1729.370972 -1.000000 -1.000000 0.000037
