-2 2 0.411417 0.659023 1475.014038 -1.000000 -1.000000 0.000017
-2 2 0.201612 0.662386 1419.662964 -1.000000 -1.000000 0.000036
-2 2 0.531175 0.411633 1855.651001 -1.000000 -1.000000 0.000050
-2 2 0.401191 0.383480 1553.353027 -1.000000 -1.000000 0.000036
2 -2 0.404942 0.354997 1508.953003 -1.000000 -1.000000 0.000016
2 -2 0.526776 0.282837 1539.463013 -1.000000 -1.000000 0.000002
2 -2 0.454035 0.324562 1480.796021 -1.000000 -1.000000 0.000032
2 -2 0.360644 0.375826 1472.593994 -1.000000 -1.000000 0.000035
2 -2 0.234487 0.587955 1481.816040 -1.000000 -1.000000 0.000050
2 -2 0.343708 0.483948 1433.834961 -1.000000 -1.000000 0.000015
-1 1 0.276228 0.567984 1508.447998 -1.000000 -1.000000 0.000040
2 -2 0.733476 0.347549 1615.962036 -1.000000 -1.000000 0.000042
-1 1 0.267003 0.470546 1417.003052 -1.000000 -1.000000 0.000035
0 2 0.399288 0.432002 1583.598022 -1.000000 -1.000000 0.000051
2 -2 0.525294 0.426786 1889.464966 -1.000000 -1.000000 0.000000
2 0 0.696052 0.285540 1410.362061 -1.000000 -1.000000 0.000038
-2 2 0.359351 0.419151 1475.918945 -1.000000 -1.000000 0.000037
2 -2 0.455223 0.293920 1458.312012 -1.000000 -1.000000 0.000038
-2 2 0.596412 0.300474 1460.489014 -1.000000 -1.000000 0.000003
-2 2 0.379544 0.361181 1474.525024 -1.000000 -1.000000 0.000002
1 -1 0.557979 0.260769 1434.501953 -1.000000 -1.000000 0.000038
-2 2 0.469705 0.301922 1452.921021 -1.000000 -1.000000 0.000049
-1 1 0.318361 0.514654 1450.133057 -1.000000 -1.000000 0.000051
2 -2 0.524883 0.382203 1776.634033 -1.000000 -1.000000 0.000052
2 -2 0.456120 0.459020 1417.129028 -1.000000 -1.000000 0.000039
-1 1 0.491087 0.355105 1404.720947 -1.000000 -1.000000 0.000064
0 2 0.460786 0.511448 1484.047974 -1.000000 -1.000000 0.000033
2 -2 0.610887 0.217806 1452.239014 -1.000000 -1.000000 0.000032
-2 2 0.403943 0.371400 1474.594971 -1.000000 -1.000000 0.000022
2 0 0.432531 0.583672 1528.527954 -1.000000 -1.000000 0.000045
2 -2 0.579198 0.228208 1430.124023 -1.000000 -1.000000 0.000047
2 -2 0.399366 0.362421 1504.510986 -1.000000 -1.000000 0.000040
-2 2 0.411785 0.435781 1416.603027 -1.000000 -1.000000 0.000038
-2 2 0.367040 0.338084 1400.415039 -1.000000 -1.000000 0.000025
0 0 0.421110 0.560825 1730.922974 -1.000000 -1.000000 0.000037
2 -2 0.588481 0.285408 1490.807983 -1.000000 -1.000000 0.000049
-1 1 0.348915 0.449547 1426.318970 -1.000000 -1.000000 0.000070
2 -2 0.554263 0.298117 1579.097046 -1.000000 -1.000000 0.000032
-2 2 0.392907 0.344577 1456.557983 -1.000000 -1.000000 0.000036
-2 2 0.215441 0.714031 1568.261963 -1.000000 -1.000000 0.000053
2 -2 0.534353 0.316469 1427.281006 -1.000000 -1.000000 0.000028
2 -2 0.420243 0.347123 1436.451050 -1.000000 -1.000000 0.000059
-2 2 0.318016 0.712109 1443.288940 -1.000000 -1.000000 0.000010
-2 2 0.452516 0.620840 2012.089966 -1.000000 -1.000000 0.000000
2 -2 0.404480 0.455821 1692.670044 -1.000000 -1.000000 0.000051
2 -2 0.637742 0.256917 1447.668945 -1.000000 -1.000000 0.000014
-2 2 0.239078 0.769923 1666.301025 -1.000000 -1.000000 0.000049
0 0 0.250915 0.525807 1452.885986 -1.000000 -1.000000 0.000036
2 0 0.493179 0.330194 1419.352051 -1.000000 -1.000000 0.000017
-2 2 0.330847 0.419756 1453.322998 -1.000000 -1.000000 0.000002
0 2 0.293267 0.509651 1481.217041 -1.000000 -1.000000 0.000037
1 -1 0.654128 0.284679 1593.349976 -1.000000 -1.000000 0.000040
2 -2 0.423743 0.338641 1423.875977 -1.000000 -1.000000 0.000040
2 -2 0.620085 0.346754 1467.890015 -1.000000 -1.000000 0.000044
-1 1 0.387295 0.417170 1429.776978 -1.000000 -1.000000 0.000030
-2 2 0.312772 0.669602 1560.801025 -1.000000 -1.000000 0.000038
2 -2 0.657349 0.379722 1614.302979 -1.000000 -1.000000 0.000002
2 -2 0.580294 0.310136 1695.040039 -1.000000 -1.000000 0.000002
-2 2 0.555073 0.243361 1469.836060 -1.000000 -1.000000 0.000029
-2 2 0.358325 0.427789 1566.058960 -1.000000 -1.000000 0.000009
2 -2 0.460170 0.391904 1693.019043 -1.000000 -1.000000 0.000044
-2 2 0.427152 0.456447 1583.097046 -1.000000 -1.000000 0.000031
2 -2 0.406869 0.364846 1454.925049 -1.000000 -1.000000 0.000038
1 -1 0.323131 0.421181 1458.288940 -1.000000 -1.000000 0.000039
-2 2 0.378822 0.491753 1717.051025 -1.000000 -1.000000 0.000030
2 -2 0.491851 0.455263 1733.305054 -1.000000 -1.000000 0.000039
1 -1 0.443783 0.295305 1432.237061 -1.000000 -1.000000 0.000025
2 -2 0.591898 0.353086 1801.469971 -1.000000 -1.000000 0.000000
2 -2 0.571381 0.225367 1428.433960 -1.000000 -1.000000 0.000046
-2 2 0.299665 0.471082 1489.751953 -1.000000 -1.000000 0.000036
-2 2 0.293982 0.449271 1437.186035 -1.000000 -1.000000 0.000040
2 -2 0.455648 0.318405 1522.694946 -1.000000 -1.000000 0.000044
2 -2 0.451407 0.402239 1448.020020 -1.000000 -1.000000 0.000035
2 -2 0.258039 0.536350 1457.984009 -1.000000 -1.000000 0.000031
-2 2 0.461695 0.486711 1689.968018 -1.000000 -1.000000 0.000000
2 -2 0.389160 0.351623 1407.163940 -1.000000 -1.000000 0.000045
-1 1 0.362995 0.351150 1403.646973 -1.000000 -1.000000 0.000064
-2 2 0.468773 0.279005 1446.368042 -1.000000 -1.000000 0.000041
2 -2 0.383434 0.448047 1496.359985 -1.000000 -1.000000 0.000036
-1 1 0.271818 0.523186 1461.155029 -1.000000 -1.000000 0.000014
2 -2 0.508969 0.293090 1509.708984 -1.000000 -1.000000 0.000004
2 -2 0.505531 0.420397 1696.996948 -1.000000 -1.000000 0.000036
1 0 0.498579 0.487965 1509.362061 -1.000000 -1.000000 0.000036
-1 1 0.348996 0.499987 1662.942017 -1.000000 -1.000000 0.000031
1 -1 0.375484 0.444298 1584.479980 -1.000000 -1.000000 0.000034
-1 1 0.336346 0.607276 1507.737061 -1.000000 -1.000000 0.000006
-2 2 0.317936 0.419730 1461.151978 -1.000000 -1.000000 0.000053
2 -2 0.314865 0.409058 1435.012939 -1.000000 -1.000000 0.000035
1 -1 0.506515 0.298689 1553.062988 -1.000000 -1.000000 0.000036
2 -2 0.500934 0.355596 1535.178955 -1.000000 -1.000000 0.000021
2 -2 0.446433 0.339731 1547.490967 -1.000000 -1.000000 0.000036
2 -2 0.281510 0.458929 1425.812988 -1.000000 -1.000000 0.000040
2 -2 0.317866 0.650433 1666.879028 -1.000000 -1.000000 0.000056
1 -1 0.241203 0.570629 1483.317017 -1.000000 -1.000000 0.000040
-1 1 0.288099 0.493025 1432.959961 -1.000000 -1.000000 0.000035
-1 1 0.331009 0.488356 1479.640015 -1.000000 -1.000000 0.000047
-2 2 0.554974 0.224149 1410.448975 -1.000000 -1.000000 0.000037
-2 2 0.317833 0.547761 1505.461060 -1.000000 -1.000000 0.000042
-2 2 0.340692 0.575943 1527.468018 -1.000000 -1.000000 0.000036
2 0 0.688666 0.435290 1571.168945 -1.000000 -1.000000 0.000039
2 -2 0.555556 0.254608 1412.952026 -1.000000 -1.000000 0.000002
2 -2 0.853204 0.268486 1841.551025 -1.000000 -1.000000 0.000000
-2 2 0.883463 0.330267 1692.675049 -1.000000 -1.000000 0.000006
-2 2 0.356681 0.508558 1699.595947 -1.000000 -1.000000 0.000035
2 -2 0.498938 0.263681 1439.911987 -1.000000 -1.000000 0.000069
-1 1 0.394627 0.347694 1436.607056 -1.000000 -1.000000 0.000050
2 -2 0.513899 0.378446 1636.487061 -1.000000 -1.000000 0.000041
-2 2 0.310983 0.492220 1454.732056 -1.000000 -1.000000 0.000040
-2 2 0.267634 0.624864 1557.852051 -1.000000 -1.000000 0.000047
2 1 0.652499 0.665360 1947.562012 -1.000000 -1.000000 0.000041
1 -1 0.345410 0.381190 1434.661011 -1.000000 -1.000000 0.000036
2 -2 0.418586 0.410116 1543.972046 -1.000000 -1.000000 0.000040
2 -2 0.377888 0.434700 1538.939941 -1.000000 -1.000000 0.000021
2 -2 0.576892 0.242321 1495.459961 -1.000000 -1.000000 0.000014
-2 2 0.309144 0.459179 1408.339966 -1.000000 -1.000000 0.000035
-2 2 0.321219 0.478239 1560.175049 -1.000000 -1.000000 0.000022
-1 1 0.393161 0.339027 1433.274048 -1.000000 -1.000000 0.000023
2 -2 0.415999 0.359929 1473.558960 -1.000000 -1.000000 0.000034
-2 2 0.337626 0.550741 1430.817017 -1.000000 -1.000000 0.000036
-2 2 0.209220 0.677575 1401.203979 -1.000000 -1.000000 0.000031
0 0 0.367231 0.413069 1555.477051 -1.000000 -1.000000 0.000041
0 2 0.542881 0.353206 1566.968018 -1.000000 -1.000000 0.000000
-2 2 0.271957 0.521284 1440.593994 -1.000000 -1.000000 0.000040
2 -2 0.571094 0.266098 1416.104004 -1.000000 -1.000000 0.000046
2 -2 0.463437 0.342662 1578.948975 -1.000000 -1.000000 0.000040
-2 2 0.311944 0.551867 1431.709961 -1.000000 -1.000000 0.000046
2 -2 0.292043 0.458173 1429.928955 -1.000000 -1.000000 0.000043
0 0 0.539181 0.262243 1459.762939 -1.000000 -1.000000 0.000038
2 -2 0.455595 0.391499 1605.636963 -1.000000 -1.000000 0.000045
-2 2 0.503217 0.280972 1467.515015 -1.000000 -1.000000 0.000045
2 -2 0.289655 0.507205 1500.866943 -1.000000 -1.000000 0.000044
0 0 0.524981 0.443341 1702.015991 -1.000000 -1.000000 0.000011
-1 1 0.209587 0.672789 1480.022949 -1.000000 -1.000000 0.000054
2 -2 0.444000 0.333306 1471.342041 -1.000000 -1.000000 0.000002
-2 2 0.498011 0.280381 1487.235962 -1.000000 -1.000000 0.000033
2 0 0.690401 0.515522 1566.489990 -1.000000 -1.000000 0.000000
-2 2 0.567227 0.441724 1419.003052 -1.000000 -1.000000 0.000038
2 0 0.470876 0.422747 1424.516968 -1.000000 -1.000000 0.000004
-1 1 0.482205 0.404494 1697.839966 -1.000000 -1.000000 0.000000
-1 1 0.250345 0.714480 1671.005005 -1.000000 -1.000000 0.000055
2 -2 0.287817 0.464012 1435.656006 -1.000000 -1.000000 0.000031
-2 2 0.309923 0.479611 1458.916992 -1.000000 -1.000000 0.000044
2 -2 0.462108 0.340409 1548.590942 -1.000000 -1.000000 0.000037
2 -2 0.506198 0.469940 1833.097046 -1.000000 -1.000000 0.000033
-1 1 0.490147 0.265518 1427.012939 -1.000000 -1.000000 0.000002
1 -1 0.750388 0.177000 1418.176025 -1.000000 -1.000000 0.000049
0 2 0.398728 0.642304 1675.109985 -1.000000 -1.000000 0.000041
0 0 0.377778 0.354550 1462.537964 -1.000000 -1.000000 0.000045
-2 2 0.381518 0.410146 1449.546997 -1.000000 -1.000000 0.000015
2 -2 0.325888 0.536457 1632.619995 -1.000000 -1.000000 0.000037
2 -2 0.504718 0.337205 1567.520020 -1.000000 -1.000000 0.000039
2 -2 0.611750 0.232337 1507.904053 -1.000000 -1.000000 0.000038
1 -1 0.414567 0.385504 1550.212036 -1.000000 -1.000000 0.000026
-2 2 0.269806 0.504588 1475.374023 -1.000000 -1.000000 0.000041
-2 2 0.495180 0.402005 1492.406982 -1.000000 -1.000000 0.000032
-2 2 0.380194 0.463467 1529.717041 -1.000000 -1.000000 0.000052
2 -2 0.643652 0.217637 1434.633057 -1.000000 -1.000000 0.000036
2 -2 0.408347 0.407623 1555.145020 -1.000000 -1.000000 0.000039
-2 2 0.259716 0.592041 1515.114014 -1.000000 -1.000000 0.000046
1 -1 0.461733 0.308169 1508.446045 -1.000000 -1.000000 0.000037
-2 2 0.384110 0.421203 1602.290039 -1.000000 -1.000000 0.000038
-2 2 0.455540 0.459367 1494.358032 -1.000000 -1.000000 0.000052
-2 2 0.239056 0.693211 1522.020020 -1.000000 -1.000000 0.000005
-2 2 0.403274 0.682629 1955.415039 -1.000000 -1.000000 0.000037
-2 2 0.278017 0.604436 1593.951050 -1.000000 -1.000000 0.000046
-2 2 0.275981 0.562793 1515.277954 -1.000000 -1.000000 0.000046
-2 2 0.293079 0.521165 1410.994995 -1.000000 -1.000000 0.000039
-2 2 0.424216 0.296448 1405.682007 -1.000000 -1.000000 0.000035
2 -2 0.544817 0.258124 1499.913940 -1.000000 -1.000000 0.000039
2 -2 0.425420 0.413358 1517.680054 -1.000000 -1.000000 0.000055
1 -1 0.438288 0.494994 1539.666992 -1.000000 -1.000000 0.000042
2 -2 0.430292 0.291981 1403.338013 -1.000000 -1.000000 0.000035
-2 2 0.353424 0.380818 1432.136963 -1.000000 -1.000000 0.000029
2 -2 0.734500 0.224827 1618.843994 -1.000000 -1.000000 0.000035
-2 2 0.254442 0.629089 1581.668945 -1.000000 -1.000000 0.000017
-2 2 0.610078 0.360603 1748.909058 -1.000000 -1.000000 0.000038
2 -2 0.562935 0.311822 1675.331055 -1.000000 -1.000000 0.000030
-2 2 0.412598 0.305980 1421.230957 -1.000000 -1.000000 0.000038
