-2 2 0.514160 0.541605 1596.593994 -1.000000 -1.000000 0.000406
0 0 0.380468 0.545613 1107.463013 -1.000000 -1.000000 0.000526
1 -1 0.431343 0.222892 1199.786011 -1.000000 -1.000000 0.000569
1 -1 0.472924 0.180083 1141.667969 -1.000000 -1.000000 0.000739
2 -2 0.505303 0.280695 1297.738037 -1.000000 -1.000000 0.000926
-2 2 0.243171 0.498034 1177.666992 -1.000000 -1.000000 0.000851
-2 2 0.188973 0.479844 1103.536987 -1.000000 -1.000000 0.000571
2 -2 0.258676 0.443917 1351.172974 -1.000000 -1.000000 0.000560
1 0 0.474267 0.327547 1116.155029 -1.000000 -1.000000 0.000730
-2 2 0.358042 0.332715 1206.340942 -1.000000 -1.000000 0.000747
0 2 0.513353 0.393055 1522.676025 -1.000000 -1.000000 0.000697
-1 1 0.176383 0.748008 1429.840942 -1.000000 -1.000000 0.000000
2 -2 0.294111 0.325854 1110.119995 -1.000000 -1.000000 0.000782
-2 2 0.439478 0.201691 1117.712036 -1.000000 -1.000000 0.000724
2 0 0.422308 0.444684 1208.064941 -1.000000 -1.000000 0.000593
-2 2 0.367088 0.396222 1503.762939 -1.000000 -1.000000 0.000722
2 -2 0.186845 0.482909 1118.758057 -1.000000 -1.000000 0.000921
-2 2 0.296655 0.478533 1184.203979 -1.000000 -1.000000 0.000457
2 -2 0.456008 0.205373 1203.067017 -1.000000 -1.000000 0.000067
-2 2 0.325964 0.281866 1145.452026 -1.000000 -1.000000 0.000683
2 -2 0.443439 0.261808 1189.821045 -1.000000 -1.000000 0.000127
-2 2 0.199437 0.455123 1173.963013 -1.000000 -1.000000 0.000025
1 0 0.306213 0.540457 1256.427979 -1.000000 -1.000000 0.001190
0 0 0.299548 0.266141 1108.026001 -1.000000 -1.000000 0.000270
2 -2 0.564956 0.159804 1123.709961 -1.000000 -1.000000 0.000547
1 0 0.234049 0.390521 1144.954956 -1.000000 -1.000000 0.000838
-1 1 0.229337 0.362894 1145.798950 -1.000000 -1.000000 0.000731
2 -2 0.359366 0.378827 1389.281006 -1.000000 -1.000000 0.000305
2 2 0.576200 0.358002 1289.764038 -1.000000 -1.000000 0.000542
-1 1 0.479309 0.228119 1292.312988 -1.000000 -1.000000 0.000157
-1 1 0.294923 0.267537 1119.562988 -1.000000 -1.000000 0.000627
-2 2 0.285635 0.296003 1125.578979 -1.000000 -1.000000 0.000556
2 -2 0.453387 0.353534 1327.350952 -1.000000 -1.000000 0.000936
2 -2 0.611281 0.207549 1332.360962 -1.000000 -1.000000 0.000334
0 1 0.360034 0.522078 1119.816040 -1.000000 -1.000000 0.000615
-2 2 0.313087 0.397309 1401.650024 -1.000000 -1.000000 0.000575
2 -2 0.332649 0.465449 1404.776978 -1.000000 -1.000000 0.000000
-1 1 0.232783 0.360131 1131.880981 -1.000000 -1.000000 0.000571
0 0 0.251156 0.333296 1125.895996 -1.000000 -1.000000 0.000577
-2 2 0.320786 0.341258 1201.510010 -1.000000 -1.000000 0.000616
1 -1 0.452470 0.201033 1119.616943 -1.000000 -1.000000 0.000633
-1 1 0.278086 0.366910 1181.150024 -1.000000 -1.000000 0.000603
-2 2 0.289367 0.314692 1175.964966 -1.000000 -1.000000 0.000618
2 -2 0.408527 0.264032 1231.577026 -1.000000 -1.000000 0.000762
2 -2 0.309594 0.296352 1175.494995 -1.000000 -1.000000 0.000275
-2 2 0.253308 0.421276 1214.047974 -1.000000 -1.000000 0.000638
2 -2 0.324578 0.312675 1138.296997 -1.000000 -1.000000 0.000057
2 -2 0.466947 0.176025 1116.845947 -1.000000 -1.000000 0.000544
2 -2 0.374214 0.313649 1166.673950 -1.000000 -1.000000 0.000594
2 0 0.549971 0.234725 1202.192017 -1.000000 -1.000000 0.000028
0 0 0.251582 0.318476 1109.233032 -1.000000 -1.000000 0.000756
-2 2 0.199831 0.459648 1205.597046 -1.000000 -1.000000 0.000588
2 0 0.489379 0.256782 1251.793945 -1.000000 -1.000000 0.000579
1 -1 0.404991 0.244444 1242.396973 -1.000000 -1.000000 0.000370
2 -2 0.217206 0.528190 1341.121948 -1.000000 -1.000000 0.000539
-2 2 0.429049 0.319898 1272.777954 -1.000000 -1.000000 0.000724
1 -1 0.507964 0.152930 1108.259033 -1.000000 -1.000000 0.000611
2 -2 0.393773 0.199526 1114.899048 -1.000000 -1.000000 0.000608
-2 2 0.344011 0.232497 1126.011963 -1.000000 -1.000000 0.000618
0 1 0.254839 0.482612 1175.416016 -1.000000 -1.000000 0.000514
-2 2 0.202826 0.515350 1163.088989 -1.000000 -1.000000 0.000953
1 -1 0.342626 0.230141 1123.218018 -1.000000 -1.000000 0.000066
0 2 0.193080 0.583292 1122.427002 -1.000000 -1.000000 0.000044
-1 1 0.408733 0.311276 1209.506958 -1.000000 -1.000000 0.000573
0 0 0.342834 0.671584 1360.162964 -1.000000 -1.000000 0.000553
2 -2 0.299429 0.394243 1213.077026 -1.000000 -1.000000 0.000550
-1 1 0.264982 0.363134 1101.331055 -1.000000 -1.000000 0.000956
0 2 0.300165 0.506829 1161.094971 -1.000000 -1.000000 0.000949
2 -2 0.396774 0.326820 1401.300049 -1.000000 -1.000000 0.000560
-2 2 0.375396 0.423066 1181.446045 -1.000000 -1.000000 0.000914
-1 1 0.218955 0.493533 1236.435059 -1.000000 -1.000000 0.000559
2 -2 0.345514 0.314207 1314.772949 -1.000000 -1.000000 0.000792
-1 1 0.460805 0.238673 1133.119995 -1.000000 -1.000000 0.000512
2 0 0.521246 0.279474 1134.885986 -1.000000 -1.000000 0.001194
2 -2 0.640022 0.169434 1165.244995 -1.000000 -1.000000 0.000622
2 -2 0.514643 0.168228 1175.786987 -1.000000 -1.000000 0.000524
-1 1 0.480434 0.267561 1418.343018 -1.000000 -1.000000 0.000575
2 -2 0.473573 0.175136 1150.168945 -1.000000 -1.000000 0.000743
-1 1 0.290306 0.446808 1429.201050 -1.000000 -1.000000 0.000000
0 0 0.393294 0.265955 1115.902954 -1.000000 -1.000000 0.000063
1 -1 0.609464 0.127742 1114.083984 -1.000000 -1.000000 0.001130
-2 2 0.328707 0.305792 1252.897949 -1.000000 -1.000000 0.000063
2 -2 0.213527 0.546290 1291.229980 -1.000000 -1.000000 0.000801
2 -2 0.237947 0.407108 1114.821045 -1.000000 -1.000000 0.000082
1 -1 0.387363 0.220682 1155.124023 -1.000000 -1.000000 0.000168
2 -2 0.426490 0.435139 1719.449951 -1.000000 -1.000000 0.000000
-1 1 0.227714 0.552757 1418.748047 -1.000000 -1.000000 0.000276
-2 2 0.161568 0.560913 1203.567993 -1.000000 -1.000000 0.000572
2 -2 0.526484 0.213411 1102.564941 -1.000000 -1.000000 0.000164
-2 2 0.497869 0.225142 1170.177002 -1.000000 -1.000000 0.000625
-1 1 0.197458 0.427429 1159.588989 -1.000000 -1.000000 0.000587
2 -2 0.449218 0.335904 1370.520020 -1.000000 -1.000000 0.000751
-2 2 0.446477 0.471058 1623.156982 -1.000000 -1.000000 0.000699
0 0 0.442367 0.251721 1186.060059 -1.000000 -1.000000 0.000081
-1 1 0.209528 0.408417 1170.088989 -1.000000 -1.000000 0.000594
1 -1 0.243034 0.374317 1201.978027 -1.000000 -1.000000 0.000787
-2 2 0.124076 0.784390 1246.782959 -1.000000 -1.000000 0.000107
2 -2 0.420323 0.213195 1187.324951 -1.000000 -1.000000 0.000403
2 -2 0.628896 0.158761 1198.493042 -1.000000 -1.000000 0.000046
-1 1 0.277799 0.343345 1231.667969 -1.000000 -1.000000 0.000112
-1 1 0.274480 0.325635 1160.083984 -1.000000 -1.000000 0.000597
2 -2 0.456251 0.221088 1105.458008 -1.000000 -1.000000 0.000635
1 -1 0.540463 0.153960 1151.666016 -1.000000 -1.000000 0.000563
1 -1 0.304474 0.366675 1188.036011 -1.000000 -1.000000 0.000544
2 -2 0.290234 0.351589 1112.463013 -1.000000 -1.000000 0.000029
-2 2 0.343629 0.312997 1311.734009 -1.000000 -1.000000 0.000551
2 0 0.524820 0.327168 1133.123047 -1.000000 -1.000000 0.000501
2 -2 0.313684 0.287103 1186.574951 -1.000000 -1.000000 0.000458
2 -2 0.404719 0.288004 1155.480957 -1.000000 -1.000000 0.000101
-2 2 0.322049 0.497995 1440.857056 -1.000000 -1.000000 0.000000
2 -2 0.349547 0.304705 1210.338013 -1.000000 -1.000000 0.000559
2 -2 0.483728 0.228777 1330.624023 -1.000000 -1.000000 0.000694
-2 2 0.275992 0.403671 1142.267944 -1.000000 -1.000000 0.000556
-2 2 0.159370 0.516744 1136.676025 -1.000000 -1.000000 0.000657
2 -2 0.230706 0.373148 1157.557983 -1.000000 -1.000000 0.000724
1 -1 0.324436 0.434250 1206.868042 -1.000000 -1.000000 0.000611
0 0 0.239934 0.554667 1207.668945 -1.000000 -1.000000 0.000937
-2 2 0.329819 0.369636 1257.163940 -1.000000 -1.000000 0.000956
-2 2 0.225650 0.491338 1249.578003 -1.000000 -1.000000 0.000212
2 -2 0.319798 0.350937 1337.411987 -1.000000 -1.000000 0.000607
2 -2 0.363926 0.406183 1228.630005 -1.000000 -1.000000 0.000613
2 -2 0.399653 0.371837 1355.982056 -1.000000 -1.000000 0.000726
-2 2 0.211782 0.532467 1331.239990 -1.000000 -1.000000 0.000572
2 -2 0.543674 0.309495 1470.686035 -1.000000 -1.000000 0.000059
0 0 0.378042 0.239804 1189.097046 -1.000000 -1.000000 0.000594
-2 2 0.384363 0.279408 1206.836060 -1.000000 -1.000000 0.000515
2 -2 0.394668 0.285866 1333.166016 -1.000000 -1.000000 0.000599
0 0 0.363441 0.264961 1176.503052 -1.000000 -1.000000 0.000619
2 -2 0.368733 0.222043 1119.973999 -1.000000 -1.000000 0.000820
-2 2 0.291151 0.494132 1445.456055 -1.000000 -1.000000 0.000948
2 -2 0.390869 0.220653 1164.342041 -1.000000 -1.000000 0.000671
-2 2 0.275995 0.348618 1214.931030 -1.000000 -1.000000 0.000625
2 -2 0.413776 0.235522 1183.133057 -1.000000 -1.000000 0.000505
-2 2 0.208391 0.487748 1254.167969 -1.000000 -1.000000 0.000710
-2 2 0.207916 0.540886 1182.256958 -1.000000 -1.000000 0.000283
2 -2 0.574197 0.178119 1135.818970 -1.000000 -1.000000 0.000548
-2 2 0.141906 0.575061 1141.810059 -1.000000 -1.000000 0.000719
1 -1 0.365992 0.209735 1100.004028 -1.000000 -1.000000 0.000732
2 -2 0.207988 0.409305 1145.541992 -1.000000 -1.000000 0.000832
-2 2 0.285093 0.284018 1138.056030 -1.000000 -1.000000 0.000555
2 -2 0.287657 0.350747 1270.271973 -1.000000 -1.000000 0.000773
0 0 0.401254 0.311130 1376.937012 -1.000000 -1.000000 0.000614
2 -2 0.577017 0.185504 1126.537964 -1.000000 -1.000000 0.000149
2 -2 0.259592 0.424314 1182.469971 -1.000000 -1.000000 0.000552
-2 2 0.257517 0.313364 1124.100952 -1.000000 -1.000000 0.000716
0 0 0.274143 0.341936 1148.180054 -1.000000 -1.000000 0.000789
2 -2 0.236825 0.425732 1232.996948 -1.000000 -1.000000 0.000170
0 2 0.265366 0.545147 1406.771973 -1.000000 -1.000000 0.000391
2 -2 0.523965 0.200762 1119.501953 -1.000000 -1.000000 0.000733
2 -2 0.342862 0.235975 1132.406006 -1.000000 -1.000000 0.000557
1 0 0.315278 0.406774 1321.621948 -1.000000 -1.000000 0.000725
1 -1 0.341141 0.229913 1120.156982 -1.000000 -1.000000 0.000934
0 0 0.399183 0.291901 1362.923950 -1.000000 -1.000000 0.000518
2 -2 0.634496 0.247135 1109.088013 -1.000000 -1.000000 0.000556
-2 2 0.227427 0.447415 1227.885010 -1.000000 -1.000000 0.000707
2 -2 0.383305 0.339965 1266.000977 -1.000000 -1.000000 0.000369
-2 2 0.242228 0.380267 1195.640015 -1.000000 -1.000000 0.000631
2 0 0.401199 0.232685 1102.569946 -1.000000 -1.000000 0.000579
2 -2 0.361757 0.224844 1135.108032 -1.000000 -1.000000 0.000786
1 -1 0.466476 0.169462 1116.885986 -1.000000 -1.000000 0.000922
-2 2 0.375615 0.554596 1487.792969 -1.000000 -1.000000 0.000559
2 -2 0.456329 0.267135 1147.583008 -1.000000 -1.000000 0.000504
0 0 0.242968 0.547541 1364.505981 -1.000000 -1.000000 0.000592
2 -2 0.477256 0.220333 1154.915039 -1.000000 -1.000000 0.000700
1 -1 0.550634 0.237227 1209.404053 -1.000000 -1.000000 0.000319
2 -2 0.269140 0.312195 1153.734985 -1.000000 -1.000000 0.000511
-2 2 0.296213 0.419366 1396.135010 -1.000000 -1.000000 0.000170
2 -2 0.488317 0.218401 1151.708984 -1.000000 -1.000000 0.000618
2 -2 0.380318 0.204222 1110.124023 -1.000000 -1.000000 0.000765
-2 2 0.384361 0.284807 1147.201050 -1.000000 -1.000000 0.000558
2 0 0.759587 0.138669 1151.756958 -1.000000 -1.000000 0.000725
2 -2 0.444519 0.210342 1214.979980 -1.000000 -1.000000 0.000682
2 -2 0.292272 0.268177 1119.850952 -1.000000 -1.000000 0.000590
2 -2 0.255252 0.546479 1291.927979 -1.000000 -1.000000 0.000342
2 -2 0.666631 0.142126 1171.546021 -1.000000 -1.000000 0.000160
0 0 0.571219 0.309269 1198.363037 -1.000000 -1.000000 0.000716
2 -2 0.505761 0.216512 1306.295044 -1.000000 -1.000000 0.000606
2 -2 0.368072 0.305040 1297.441040 -1.000000 -1.000000 0.000845
0 0 0.435706 0.211688 1203.349976 -1.000000 -1.000000 0.000555
1 -1 0.288735 0.324237 1194.735962 -1.000000 -1.000000 0.000221
2 0 0.245142 0.423686 1114.649048 -1.000000 -1.000000 0.000581
-2 2 0.396744 0.245790 1189.633057 -1.000000 -1.000000 0.000622
0 0 0.288049 0.501911 1245.395996 -1.000000 -1.000000 0.000279
-2 2 0.312473 0.259100 1106.651978 -1.000000 -1.000000 0.000574
2 -2 0.629733 0.147797 1192.209961 -1.000000 -1.000000 0.000025
-2 2 0.127233 0.634374 1110.819946 -1.000000 -1.000000 0.000530
0 2 0.577741 0.208279 1325.543945 -1.000000 -1.000000 0.000557
2 -2 0.435055 0.215221 1119.589966 -1.000000 -1.000000 0.000540
-2 2 0.370340 0.221724 1146.114990 -1.000000 -1.000000 0.000569
-2 2 0.271050 0.335839 1205.969971 -1.000000 -1.000000 0.000549
2 -2 0.438557 0.269785 1374.107056 -1.000000 -1.000000 0.000603
0 0 0.385189 0.331440 1146.645020 -1.000000 -1.000000 0.000088
0 0 0.197029 0.535791 1256.154053 -1.000000 -1.000000 0.000608
2 -2 0.326552 0.277083 1173.953979 -1.000000 -1.000000 0.000571
-2 2 0.323999 0.395296 1129.223022 -1.000000 -1.000000 0.000046
2 -2 0.437133 0.218611 1199.620972 -1.000000 -1.000000 0.000527
2 -2 0.405123 0.255321 1257.677002 -1.000000 -1.000000 0.000958
1 -1 0.462878 0.256588 1200.535034 -1.000000 -1.000000 0.000753
-2 2 0.207607 0.387960 1133.500977 -1.000000 -1.000000 0.000861
2 -2 0.392242 0.301946 1184.144043 -1.000000 -1.000000 0.000806
2 -2 0.435671 0.288228 1321.937012 -1.000000 -1.000000 0.000567
2 -2 0.337455 0.284621 1237.012939 -1.000000 -1.000000 0.000499
1 -1 0.383283 0.294377 1236.739990 -1.000000 -1.000000 0.000619
2 -2 0.441450 0.176940 1102.314941 -1.000000 -1.000000 0.000254
2 -2 0.289807 0.299299 1177.845947 -1.000000 -1.000000 0.000288
1 -1 0.263626 0.343520 1203.732056 -1.000000 -1.000000 0.000565
2 -2 0.307907 0.267945 1106.938965 -1.000000 -1.000000 0.000088
-2 2 0.286189 0.353715 1268.633057 -1.000000 -1.000000 0.000596
-2 2 0.236723 0.320849 1100.067017 -1.000000 -1.000000 0.000045
2 0 0.637078 0.168417 1265.631958 -1.000000 -1.000000 0.000628
1 -1 0.403563 0.209320 1102.170044 -1.000000 -1.000000 0.000451
-1 1 0.272491 0.531177 1349.139038 -1.000000 -1.000000 0.000928
-2 2 0.260473 0.320381 1155.005005 -1.000000 -1.000000 0.000618
0 0 0.338735 0.291129 1255.987061 -1.000000 -1.000000 0.000586
2 -2 0.668617 0.232289 1576.386963 -1.000000 -1.000000 0.000000
-2 2 0.178400 0.449870 1102.733032 -1.000000 -1.000000 0.000937
-2 2 0.263393 0.468877 1305.833984 -1.000000 -1.000000 0.000724
-2 2 0.291170 0.413656 1247.215942 -1.000000 -1.000000 0.000534
-1 1 0.269725 0.445135 1367.884033 -1.000000 -1.000000 0.000820
-1 1 0.279228 0.296428 1145.017944 -1.000000 -1.000000 0.000602
0 2 0.272694 0.625135 1169.282959 -1.000000 -1.000000 0.000774
-2 2 0.277737 0.395679 1317.208984 -1.000000 -1.000000 0.000622
