2 0 0.260608 0.135095 162.891006 -1.000000 -1.000000 0.053535
0 2 0.127735 0.273216 132.888000 -1.000000 -1.000000 0.058885
-2 2 0.061478 0.330765 10.318400 -1.000000 -1.000000 0.015996
2 0 0.426900 0.118401 403.247986 -1.000000 -1.000000 0.051080
0 2 0.249048 0.194248 92.588501 -1.000000 -1.000000 0.032277
0 0 0.240601 0.240581 288.710999 -1.000000 -1.000000 0.058675
2 0 0.373632 0.111217 413.942993 -1.000000 -1.000000 0.059088
0 0 0.147937 0.216717 62.738998 -1.000000 -1.000000 0.073353
0 0 0.315361 0.231432 502.080994 -1.000000 -1.000000 0.056740
0 0 0.145741 0.148856 25.382200 -1.000000 -1.000000 0.049264
2 0 0.235439 0.215133 242.294006 -1.000000 -1.000000 0.020937
0 0 0.160196 0.129433 72.163002 -1.000000 -1.000000 0.015907
0 0 0.181745 0.181764 260.967987 -1.000000 -1.000000 0.072584
0 0 0.177631 0.155022 250.061005 -1.000000 -1.000000 0.052086
2 0 0.397874 0.093988 284.636993 -1.000000 -1.000000 0.049837
2 0 0.505221 0.058382 112.809998 -1.000000 -1.000000 0.090555
0 -2 0.121950 0.197297 32.917900 -1.000000 -1.000000 0.033603
0 0 0.178109 0.158750 272.158997 -1.000000 -1.000000 0.057598
1 0 0.567639 0.065107 136.378998 -1.000000 -1.000000 0.046765
-2 2 0.096878 0.200773 52.124199 -1.000000 -1.000000 0.052530
0 0 0.328604 0.090535 198.612000 -1.000000 -1.000000 0.061006
0 0 0.107824 0.182979 103.244003 -1.000000 -1.000000 0.069804
0 1 0.117772 0.381487 149.149994 -1.000000 -1.000000 0.057913
2 0 0.418910 0.124793 146.082993 -1.000000 -1.000000 0.023529
0 1 0.207719 0.202057 83.745796 -1.000000 -1.000000 0.052808
2 0 0.467233 0.084802 232.455002 -1.000000 -1.000000 0.046520
0 0 0.181378 0.179933 118.904999 -1.000000 -1.000000 0.060826
0 -5 0.130113 0.169207 52.994701 -1.000000 -1.000000 0.055467
0 0 0.408094 0.371280 764.244019 -1.000000 -1.000000 0.005561
0 0 0.234751 0.153636 128.345993 -1.000000 -1.000000 0.059627
-1 1 0.225632 0.314637 50.994900 -1.000000 -1.000000 0.066420
0 0 0.129868 0.269336 76.464798 -1.000000 -1.000000 0.058506
0 2 0.493777 0.067538 69.042503 -1.000000 -1.000000 0.052063
0 0 0.094057 0.264857 36.962898 -1.000000 -1.000000 0.051066
0 2 0.093192 0.384990 78.757698 -1.000000 -1.000000 0.051646
0 2 0.107935 0.441838 331.980988 -1.000000 -1.000000 0.033783
0 0 0.224408 0.332315 192.882996 -1.000000 -1.000000 0.048999
2 0 0.106294 0.243170 111.258003 -1.000000 -1.000000 0.045654
0 0 0.092881 0.333408 41.823601 -1.000000 -1.000000 0.060680
-2 2 0.056392 0.410143 124.970001 -1.000000 -1.000000 0.059286
-1 0 0.245269 0.253392 82.683098 -1.000000 -1.000000 0.052543
1 0 0.298805 0.186193 277.097992 -1.000000 -1.000000 0.048426
0 0 0.122531 0.239383 262.683014 -1.000000 -1.000000 0.042811
0 0 0.246193 0.176179 95.876900 -1.000000 -1.000000 0.025216
1 0 0.281093 0.193500 168.106995 -1.000000 -1.000000 0.087490
0 0 0.154439 0.368888 66.794098 -1.000000 -1.000000 0.048711
0 0 0.170986 0.257651 182.895996 -1.000000 -1.000000 0.028769
0 0 0.214110 0.126562 32.669701 -1.000000 -1.000000 0.069450
0 0 0.259799 0.160137 42.770599 -1.000000 -1.000000 0.010033
0 0 0.114357 0.489032 148.806000 -1.000000 -1.000000 0.051007
0 2 0.275805 0.317657 362.634003 -1.000000 -1.000000 0.053565
0 1 0.208908 0.162217 109.766998 -1.000000 -1.000000 0.038991
2 0 0.267888 0.333171 138.287003 -1.000000 -1.000000 0.056818
0 0 0.202142 0.111461 121.800003 -1.000000 -1.000000 0.040403
2 0 0.190939 0.200866 73.867203 -1.000000 -1.000000 0.054049
0 0 0.111669 0.406879 221.007004 -1.000000 -1.000000 0.052168
0 0 0.208542 0.296374 526.901978 -1.000000 -1.000000 0.055924
2 0 0.640090 0.092698 167.701004 -1.000000 -1.000000 0.004403
0 0 0.262854 0.089659 59.475498 -1.000000 -1.000000 0.039304
2 0 0.202920 0.332717 281.973999 -1.000000 -1.000000 0.061286
2 0 0.377831 0.197550 300.117004 -1.000000 -1.000000 0.067255
0 0 0.169719 0.207932 71.889397 -1.000000 -1.000000 0.026376
2 0 0.313318 0.176331 174.772995 -1.000000 -1.000000 0.054690
2 0 0.389083 0.337194 140.962997 -1.000000 -1.000000 0.052883
0 1 0.091006 0.342293 300.351990 -1.000000 -1.000000 0.057339
0 0 0.244555 0.104788 36.426399 -1.000000 -1.000000 0.049716
2 0 0.104597 0.370740 186.307999 -1.000000 -1.000000 0.051716
0 0 0.068502 0.269853 29.969801 -1.000000 -1.000000 0.031277
0 0 0.128169 0.315113 279.653992 -1.000000 -1.000000 0.051385
2 0 0.284230 0.143939 117.987000 -1.000000 -1.000000 0.049966
0 2 0.114278 0.201702 62.834702 -1.000000 -1.000000 0.001947
2 -2 0.225850 0.116925 43.940899 -1.000000 -1.000000 0.048478
1 0 0.169900 0.209522 335.800995 -1.000000 -1.000000 0.088978
0 0 0.150733 0.174004 122.768997 -1.000000 -1.000000 0.051763
2 0 0.191237 0.217992 146.266998 -1.000000 -1.000000 0.054760
0 0 0.204671 0.175168 249.893005 -1.000000 -1.000000 0.057913
0 0 0.120545 0.252142 80.973297 -1.000000 -1.000000 0.063018
0 2 0.305211 0.073052 109.960999 -1.000000 -1.000000 0.016499
0 0 0.180374 0.212226 131.626007 -1.000000 -1.000000 0.043799
2 0 0.184318 0.447015 349.945007 -1.000000 -1.000000 0.054259
0 2 0.126951 0.249968 303.951996 -1.000000 -1.000000 0.059943
0 0 0.177148 0.164342 66.869400 -1.000000 -1.000000 0.055272
0 0 0.129098 0.299359 79.053596 -1.000000 -1.000000 0.002793
0 2 0.190729 0.260953 75.648804 -1.000000 -1.000000 0.043785
0 0 0.189791 0.140267 103.425003 -1.000000 -1.000000 0.026004
2 0 0.216969 0.157224 137.436005 -1.000000 -1.000000 0.050645
0 0 0.275315 0.066852 62.404099 -1.000000 -1.000000 0.055632
0 2 0.405637 0.113912 540.080017 -1.000000 -1.000000 0.058682
1 0 0.311493 0.180651 587.237976 -1.000000 -1.000000 0.054143
0 0 0.135409 0.214992 48.706501 -1.000000 -1.000000 0.015825
2 -2 0.418742 0.088537 38.089298 -1.000000 -1.000000 0.056041
-2 0 0.282054 0.191896 280.011993 -1.000000 -1.000000 0.047389
0 0 0.114014 0.163542 40.247700 -1.000000 -1.000000 0.053967
2 0 0.158902 0.435777 683.283997 -1.000000 -1.000000 0.054334
0 1 0.234344 0.295576 49.947201 -1.000000 -1.000000 0.052716
0 2 0.423404 0.095938 346.089996 -1.000000 -1.000000 0.062244
0 2 0.048920 0.396162 47.860500 -1.000000 -1.000000 0.054090
2 0 0.163468 0.137067 100.471001 -1.000000 -1.000000 0.021887
0 0 0.239506 0.408736 95.163803 -1.000000 -1.000000 0.085702
2 0 0.365279 0.248597 275.415009 -1.000000 -1.000000 0.055491
2 0 0.650352 0.091786 366.696014 -1.000000 -1.000000 0.018647
0 2 0.125493 0.360517 64.741096 -1.000000 -1.000000 0.043423
1 0 0.178941 0.307561 190.845993 -1.000000 -1.000000 0.003383
0 0 0.201452 0.133121 209.951004 -1.000000 -1.000000 0.051523
1 -1 0.404571 0.050752 68.265503 -1.000000 -1.000000 0.073496
0 0 0.264546 0.170835 208.781006 -1.000000 -1.000000 0.085003
0 0 0.052820 0.329937 25.587500 -1.000000 -1.000000 0.048869
0 2 0.160925 0.271512 231.716003 -1.000000 -1.000000 0.039234
0 0 0.108564 0.203546 39.056000 -1.000000 -1.000000 0.052611
0 0 0.197988 0.106286 20.830601 -1.000000 -1.000000 0.047339
-3 0 0.176572 0.232983 80.048103 -1.000000 -1.000000 0.059450
2 0 0.334765 0.069923 99.462097 -1.000000 -1.000000 0.054082
-1 1 0.091896 0.420954 1.920580 -1.000000 -1.000000 0.006141
2 0 0.358358 0.236276 164.296997 -1.000000 -1.000000 0.044959
1 0 0.437450 0.413919 216.363007 -1.000000 -1.000000 0.052480
-2 2 0.041949 0.546336 167.048004 -1.000000 -1.000000 0.060957
0 0 0.121818 0.375620 210.899002 -1.000000 -1.000000 0.050067
0 1 0.088315 0.328157 65.379303 -1.000000 -1.000000 0.044583
0 0 0.101427 0.281052 57.062099 -1.000000 -1.000000 0.060961
0 0 0.083048 0.246349 16.395599 -1.000000 -1.000000 0.054724
0 1 0.120818 0.379444 137.796005 -1.000000 -1.000000 0.008803
0 0 0.143424 0.230310 16.937799 -1.000000 -1.000000 0.054335
0 0 0.163248 0.138156 42.163300 -1.000000 -1.000000 0.048350
0 0 0.134626 0.347878 467.768005 -1.000000 -1.000000 0.054469
1 0 0.377368 0.137801 332.692993 -1.000000 -1.000000 0.073737
0 0 0.108260 0.285354 139.240997 -1.000000 -1.000000 0.054587
0 0 0.148691 0.166207 104.385002 -1.000000 -1.000000 0.009759
0 0 0.212617 0.103450 68.872498 -1.000000 -1.000000 0.047495
0 0 0.292690 0.339252 135.143005 -1.000000 -1.000000 0.060118
0 2 0.063605 0.350137 73.323898 -1.000000 -1.000000 0.057862
2 0 0.163138 0.156483 172.520004 -1.000000 -1.000000 0.053153
2 0 0.631907 0.055939 152.268005 -1.000000 -1.000000 0.088547
2 0 0.384082 0.086177 150.460999 -1.000000 -1.000000 0.069093
0 0 0.280172 0.127349 149.156006 -1.000000 -1.000000 0.057851
0 1 0.230938 0.191633 304.117004 -1.000000 -1.000000 0.067582
0 0 0.209461 0.242724 430.483002 -1.000000 -1.000000 0.054303
2 0 0.219112 0.251334 206.054001 -1.000000 -1.000000 0.060025
1 0 0.401025 0.071454 268.291992 -1.000000 -1.000000 0.001805
0 0 0.148438 0.171826 24.735001 -1.000000 -1.000000 0.051028
0 0 0.188806 0.118079 42.646000 -1.000000 -1.000000 0.041760
0 0 0.183165 0.153619 75.869202 -1.000000 -1.000000 0.037452
-2 2 0.079353 0.282944 64.201500 -1.000000 -1.000000 0.078701
0 2 0.188244 0.193233 148.378998 -1.000000 -1.000000 0.065755
0 0 0.066156 0.370162 95.422302 -1.000000 -1.000000 0.054165
0 0 0.322805 0.109303 67.830704 -1.000000 -1.000000 0.035354
0 1 0.126655 0.258587 103.879997 -1.000000 -1.000000 0.009934
1 0 0.372855 0.137409 180.214005 -1.000000 -1.000000 0.069059
0 2 0.078390 0.333221 82.821404 -1.000000 -1.000000 0.047741
0 0 0.205786 0.105203 33.795799 -1.000000 -1.000000 0.008036
2 0 0.235154 0.216230 59.365398 -1.000000 -1.000000 0.051006
0 2 0.087968 0.378533 127.734001 -1.000000 -1.000000 0.083633
0 0 0.213241 0.131104 140.509003 -1.000000 -1.000000 0.002470
-1 1 0.203607 0.165169 70.102699 -1.000000 -1.000000 0.003272
0 0 0.142425 0.229880 92.785599 -1.000000 -1.000000 0.052620
0 0 0.492430 0.040841 92.866402 -1.000000 -1.000000 0.024437
0 2 0.066000 0.338256 136.194000 -1.000000 -1.000000 0.058498
0 0 0.085336 0.282253 72.188599 -1.000000 -1.000000 0.092552
0 2 0.240662 0.364997 149.089996 -1.000000 -1.000000 0.058002
0 0 0.129347 0.445712 219.988007 -1.000000 -1.000000 0.008917
0 0 0.275253 0.183801 53.761902 -1.000000 -1.000000 0.037156
2 0 0.245300 0.316072 108.205002 -1.000000 -1.000000 0.002562
0 0 0.104464 0.329970 77.145699 -1.000000 -1.000000 0.058565
2 -2 0.186988 0.157843 204.847000 -1.000000 -1.000000 0.058152
0 0 0.254994 0.095086 128.462006 -1.000000 -1.000000 0.059968
2 -2 0.443330 0.063835 160.843994 -1.000000 -1.000000 0.051732
0 0 0.247782 0.098227 54.764500 -1.000000 -1.000000 0.055159
0 2 0.073158 0.252645 57.325199 -1.000000 -1.000000 0.052562
0 0 0.101240 0.272149 88.780899 -1.000000 -1.000000 0.051947
0 0 0.294919 0.103809 72.624702 -1.000000 -1.000000 0.059159
2 -2 0.633150 0.048659 99.681900 -1.000000 -1.000000 0.048878
0 1 0.090471 0.328258 35.488800 -1.000000 -1.000000 0.071658
0 0 0.106608 0.211009 43.240398 -1.000000 -1.000000 0.008585
0 -2 0.220291 0.173168 270.833008 -1.000000 -1.000000 0.049189
0 0 0.133047 0.172003 23.626400 -1.000000 -1.000000 0.068796
2 -2 0.257005 0.095869 52.259300 -1.000000 -1.000000 0.002573
0 0 0.272957 0.106901 160.516998 -1.000000 -1.000000 0.083878
0 2 0.107589 0.244279 61.537800 -1.000000 -1.000000 0.048533
1 -1 0.361046 0.160822 382.683990 -1.000000 -1.000000 0.060049
2 0 0.349530 0.118722 386.419006 -1.000000 -1.000000 0.067952
0 0 0.119066 0.194289 94.970497 -1.000000 -1.000000 0.058756
0 0 0.335297 0.071793 106.919998 -1.000000 -1.000000 0.067114
0 0 0.187919 0.249092 33.756699 -1.000000 -1.000000 0.060280
0 0 0.066696 0.527739 80.728798 -1.000000 -1.000000 0.051579
0 0 0.090262 0.262269 115.747002 -1.000000 -1.000000 0.012140
1 -1 0.227895 0.123673 170.339005 -1.000000 -1.000000 0.053686
0 0 0.264692 0.150458 283.213013 -1.000000 -1.000000 0.007399
2 -2 0.312097 0.316508 164.712997 -1.000000 -1.000000 0.058206
0 2 0.460113 0.201979 328.850006 -1.000000 -1.000000 0.035212
2 0 0.455882 0.108821 139.360001 -1.000000 -1.000000 0.019959
-2 2 0.116283 0.232663 82.764503 -1.000000 -1.000000 0.059106
2 0 0.303909 0.119815 164.054001 -1.000000 -1.000000 0.060860
0 2 0.060855 0.502190 260.511993 -1.000000 -1.000000 0.053383
0 0 0.226312 0.096991 14.887900 -1.000000 -1.000000 0.066863
0 0 0.260345 0.099953 99.013000 -1.000000 -1.000000 0.074039
-2 2 0.167192 0.295174 110.125000 -1.000000 -1.000000 0.060223
0 0 0.214519 0.295035 233.078995 -1.000000 -1.000000 0.047395
0 2 0.177429 0.299558 212.270004 -1.000000 -1.000000 0.057032
2 -2 0.245454 0.071978 48.419399 -1.000000 -1.000000 0.088294
0 2 0.384204 0.169672 33.982300 -1.000000 -1.000000 0.027120
0 0 0.165485 0.107211 7.286320 -1.000000 -1.000000 0.049969
0 0 0.277312 0.106067 75.698601 -1.000000 -1.000000 0.058963
0 1 0.135736 0.333163 113.776001 -1.000000 -1.000000 0.078838
0 2 0.327129 0.284957 407.282990 -1.000000 -1.000000 0.057926
0 0 0.099529 0.217378 16.031700 -1.000000 -1.000000 0.027952
0 -1 0.410552 0.189444 136.035995 -1.000000 -1.000000 0.051626
0 -2 0.290657 0.103812 83.047897 -1.000000 -1.000000 0.051989
1 0 0.190715 0.163293 45.978901 -1.000000 -1.000000 0.080555
2 0 0.263174 0.168523 185.695999 -1.000000 -1.000000 0.052526
1 0 0.363494 0.216983 194.244995 -1.000000 -1.000000 0.049621
0 2 0.099960 0.544276 175.563995 -1.000000 -1.000000 0.052828
0 0 0.156140 0.352709 182.169006 -1.000000 -1.000000 0.059394
0 2 0.250783 0.264325 114.260002 -1.000000 -1.000000 0.057121
2 0 0.337093 0.122006 254.546997 -1.000000 -1.000000 0.022186
-2 2 0.108683 0.310181 153.537003 -1.000000 -1.000000 0.058851
0 0 0.069026 0.265290 74.359596 -1.000000 -1.000000 0.052757
0 1 0.146952 0.228676 164.339005 -1.000000 -1.000000 0.057992
0 0 0.256965 0.358241 290.723999 -1.000000 -1.000000 0.027395
0 2 0.181672 0.211433 156.419006 -1.000000 -1.000000 0.060855
0 1 0.381938 0.311646 296.205994 -1.000000 -1.000000 0.049568
2 0 0.079019 0.346609 252.528000 -1.000000 -1.000000 0.035521
0 0 0.178944 0.146819 60.927700 -1.000000 -1.000000 0.052937
0 0 0.181394 0.542631 617.210999 -1.000000 -1.000000 0.074938
0 -3 0.451059 0.167996 148.673996 -1.000000 -1.000000 0.015969
0 0 0.088918 0.321481 66.725304 -1.000000 -1.000000 0.059856
0 0 0.210583 0.217457 184.776993 -1.000000 -1.000000 0.055433
0 2 0.129392 0.323158 265.476013 -1.000000 -1.000000 0.051764
0 0 0.358710 0.087845 111.994003 -1.000000 -1.000000 0.067256
0 0 0.171434 0.212980 278.105011 -1.000000 -1.000000 0.056152
0 0 0.248125 0.105224 258.196014 -1.000000 -1.000000 0.057709
-1 0 0.225084 0.195037 434.511993 -1.000000 -1.000000 0.091698
0 0 0.134246 0.175760 79.282600 -1.000000 -1.000000 0.031149
0 0 0.149024 0.244663 137.880005 -1.000000 -1.000000 0.053363
0 2 0.168938 0.316484 286.807007 -1.000000 -1.000000 0.004230
0 2 0.070478 0.376908 48.057201 -1.000000 -1.000000 0.052794
2 0 0.207495 0.116563 218.339996 -1.000000 -1.000000 0.053830
0 0 0.203338 0.162582 97.704697 -1.000000 -1.000000 0.057306
0 2 0.066066 0.501873 229.326004 -1.000000 -1.000000 0.053245
0 0 0.429623 0.124334 270.371002 -1.000000 -1.000000 0.061195
0 0 0.081127 0.229561 79.242401 -1.000000 -1.000000 0.033749
0 0 0.304780 0.092900 133.612000 -1.000000 -1.000000 0.054215
0 0 0.233844 0.174794 75.663399 -1.000000 -1.000000 0.058324
0 0 0.191412 0.305758 57.369499 -1.000000 -1.000000 0.020172
0 0 0.119849 0.225374 97.447304 -1.000000 -1.000000 0.049056
0 -1 0.233498 0.242026 207.988007 -1.000000 -1.000000 0.089103
0 0 0.222785 0.231257 492.889008 -1.000000 -1.000000 0.058831
-1 1 0.099254 0.297531 166.966995 -1.000000 -1.000000 0.052672
0 0 0.088958 0.223353 44.746799 -1.000000 -1.000000 0.003230
2 0 0.352628 0.087649 111.161003 -1.000000 -1.000000 0.019085
0 0 0.134414 0.189908 75.364799 -1.000000 -1.000000 0.044190
0 2 0.152015 0.151790 45.305500 -1.000000 -1.000000 0.048046
1 0 0.313898 0.111777 96.666801 -1.000000 -1.000000 0.059021
0 2 0.248356 0.120787 76.996002 -1.000000 -1.000000 0.054304
0 0 0.275845 0.179239 139.141006 -1.000000 -1.000000 0.058567
0 1 0.299671 0.108468 253.888000 -1.000000 -1.000000 0.059348
2 0 0.217368 0.276589 132.255005 -1.000000 -1.000000 0.059216
0 0 0.118030 0.380892 113.733002 -1.000000 -1.000000 0.031197
2 0 0.209846 0.100419 107.593002 -1.000000 -1.000000 0.054173
0 0 0.125318 0.412381 141.242996 -1.000000 -1.000000 0.044297
0 0 0.313653 0.104682 262.329987 -1.000000 -1.000000 0.048750
0 2 0.101004 0.701861 106.153999 -1.000000 -1.000000 0.048199
0 2 0.168624 0.201523 80.092201 -1.000000 -1.000000 0.090398
0 0 0.058101 0.364139 37.578701 -1.000000 -1.000000 0.090113
-2 2 0.071106 0.384605 5.289900 -1.000000 -1.000000 0.055639
0 0 0.155695 0.233375 337.871002 -1.000000 -1.000000 0.057272
0 0 0.174483 0.313802 194.335999 -1.000000 -1.000000 0.059259
0 0 0.221105 0.079378 43.646801 -1.000000 -1.000000 0.019919
0 2 0.229616 0.250537 353.519012 -1.000000 -1.000000 0.009961
0 0 0.078721 0.278966 52.947701 -1.000000 -1.000000 0.016010
2 0 0.314610 0.181466 169.944000 -1.000000 -1.000000 0.057099
0 0 0.345681 0.150790 71.658897 -1.000000 -1.000000 0.030491
0 0 0.079636 0.296737 79.986900 -1.000000 -1.000000 0.050139
0 0 0.084874 0.551491 189.554001 -1.000000 -1.000000 0.059604
2 0 0.275630 0.120674 43.171799 -1.000000 -1.000000 0.018716
-1 1 0.082558 0.277330 95.601501 -1.000000 -1.000000 0.048842
1 0 0.146817 0.241160 71.804398 -1.000000 -1.000000 0.011963
0 0 0.095632 0.282202 146.662003 -1.000000 -1.000000 0.037662
0 0 0.207863 0.185487 79.462303 -1.000000 -1.000000 0.003850
0 0 0.411187 0.148134 144.681000 -1.000000 -1.000000 0.012002
-2 2 0.114423 0.331118 140.893997 -1.000000 -1.000000 0.062598
0 0 0.245368 0.080419 22.330799 -1.000000 -1.000000 0.060560
0 0 0.356100 0.090651 26.033300 -1.000000 -1.000000 0.002707
1 0 0.363520 0.065932 57.229198 -1.000000 -1.000000 0.002316
0 2 0.204083 0.495590 359.713989 -1.000000 -1.000000 0.002655
2 0 0.246362 0.099786 43.236000 -1.000000 -1.000000 0.056696
0 0 0.118688 0.269345 129.317993 -1.000000 -1.000000 0.051420
0 0 0.126945 0.317379 131.699005 -1.000000 -1.000000 0.091759
0 1 0.179312 0.231467 112.883003 -1.000000 -1.000000 0.056411
1 0 0.228930 0.385432 394.610992 -1.000000 -1.000000 0.055174
0 0 0.137635 0.166724 83.165100 -1.000000 -1.000000 0.008860
0 0 0.268592 0.198275 135.735001 -1.000000 -1.000000 0.054563
0 0 0.200048 0.242325 309.773987 -1.000000 -1.000000 0.050467
0 0 0.198778 0.132268 125.078003 -1.000000 -1.000000 0.036015
2 0 0.154538 0.227345 172.442993 -1.000000 -1.000000 0.074511
0 0 0.135058 0.336921 351.071991 -1.000000 -1.000000 0.059253
0 0 0.130560 0.159462 31.825001 -1.000000 -1.000000 0.055618
0 0 0.209786 0.228818 203.737000 -1.000000 -1.000000 0.089207
2 0 0.172788 0.522554 501.191986 -1.000000 -1.000000 0.059632
0 0 0.135360 0.188733 42.302200 -1.000000 -1.000000 0.052203
0 2 0.085042 0.404814 157.117996 -1.000000 -1.000000 0.056004
0 0 0.201630 0.146467 145.089005 -1.000000 -1.000000 0.053878
0 0 0.087245 0.220930 39.778900 -1.000000 -1.000000 0.049802
0 0 0.093951 0.302455 136.343994 -1.000000 -1.000000 0.045235
1 0 0.382002 0.134722 401.118988 -1.000000 -1.000000 0.013928
0 1 0.124640 0.585117 345.640015 -1.000000 -1.000000 0.052593
0 0 0.202535 0.123955 158.582001 -1.000000 -1.000000 0.048806
2 0 0.257664 0.105334 203.973007 -1.000000 -1.000000 0.031586
0 0 0.087971 0.197725 51.381302 -1.000000 -1.000000 0.025680
0 0 0.457542 0.119213 72.784401 -1.000000 -1.000000 0.053290
0 0 0.105808 0.184846 77.412804 -1.000000 -1.000000 0.056171
1 -1 0.217540 0.146807 85.191704 -1.000000 -1.000000 0.047221
2 0 0.128218 0.321404 133.936996 -1.000000 -1.000000 0.054915
0 0 0.130869 0.208781 139.192001 -1.000000 -1.000000 0.035273
2 -2 0.285914 0.128195 257.046997 -1.000000 -1.000000 0.058356
0 1 0.308520 0.173307 392.990997 -1.000000 -1.000000 0.060669
2 0 0.517218 0.069564 191.651993 -1.000000 -1.000000 0.062690
0 0 0.235904 0.108138 133.498993 -1.000000 -1.000000 0.016423
-1 0 0.166578 0.215034 69.126404 -1.000000 -1.000000 0.048549
2 -2 0.192064 0.310750 181.847000 -1.000000 -1.000000 0.052162
2 0 0.351086 0.085010 135.602005 -1.000000 -1.000000 0.052575
0 0 0.185415 0.163164 71.181297 -1.000000 -1.000000 0.047151
2 0 0.108899 0.360362 88.178299 -1.000000 -1.000000 0.085393
-2 2 0.128094 0.311904 165.929001 -1.000000 -1.000000 0.059037
-2 2 0.067941 0.491312 30.460300 -1.000000 -1.000000 0.050975
0 2 0.129900 0.264617 32.659801 -1.000000 -1.000000 0.048789
0 0 0.237995 0.096858 116.329002 -1.000000 -1.000000 0.058490
0 0 0.173509 0.257521 31.146299 -1.000000 -1.000000 0.058269
2 -2 0.770613 0.025770 78.474297 -1.000000 -1.000000 0.007283
2 0 0.279652 0.086457 60.900398 -1.000000 -1.000000 0.050878
0 0 0.190006 0.258524 206.022003 -1.000000 -1.000000 0.054175
0 2 0.046985 0.518803 70.381699 -1.000000 -1.000000 0.091204
2 0 0.309240 0.080369 124.697998 -1.000000 -1.000000 0.053527
0 0 0.160698 0.211508 129.511002 -1.000000 -1.000000 0.058284
0 2 0.289327 0.096554 120.835999 -1.000000 -1.000000 0.050853
0 2 0.102121 0.466642 215.694000 -1.000000 -1.000000 0.054981
2 0 0.295968 0.128293 205.326004 -1.000000 -1.000000 0.024466
0 0 0.216585 0.201773 307.230011 -1.000000 -1.000000 0.058175
0 0 0.495378 0.156177 352.446014 -1.000000 -1.000000 0.049760
0 0 0.230035 0.099398 89.688499 -1.000000 -1.000000 0.034057
0 0 0.093763 0.208130 62.246300 -1.000000 -1.000000 0.060699
0 0 0.047445 0.354064 20.472900 -1.000000 -1.000000 0.031656
4 0 0.136178 0.256352 156.567993 -1.000000 -1.000000 0.071699
0 0 0.127767 0.318370 23.295900 -1.000000 -1.000000 0.015898
0 0 0.112189 0.162365 49.530102 -1.000000 -1.000000 0.052069
0 2 0.180751 0.388365 198.791000 -1.000000 -1.000000 0.048853
2 0 0.298072 0.221548 413.514008 -1.000000 -1.000000 0.004463
-1 1 0.161222 0.121199 58.794800 -1.000000 -1.000000 0.029426
0 2 0.120376 0.575968 134.378006 -1.000000 -1.000000 0.052696
3 0 0.249519 0.219546 139.173996 -1.000000 -1.000000 0.050269
0 0 0.136757 0.286648 130.968002 -1.000000 -1.000000 0.054735
0 2 0.056842 0.441399 84.289597 -1.000000 -1.000000 0.052636
0 2 0.111524 0.383410 149.716995 -1.000000 -1.000000 0.049236
1 0 0.170330 0.154716 32.977200 -1.000000 -1.000000 0.061478
0 0 0.077157 0.264334 35.552200 -1.000000 -1.000000 0.031754
0 0 0.219451 0.096166 19.737600 -1.000000 -1.000000 0.051425
5 0 0.165977 0.398450 186.746994 -1.000000 -1.000000 0.061124
0 0 0.094080 0.237008 46.840500 -1.000000 -1.000000 0.036042
0 2 0.324927 0.195991 95.097099 -1.000000 -1.000000 0.052899
0 0 0.057375 0.395890 85.937599 -1.000000 -1.000000 0.048728
0 0 0.343877 0.085669 102.842003 -1.000000 -1.000000 0.054204
0 2 0.132088 0.343801 182.485001 -1.000000 -1.000000 0.054775
0 0 0.225620 0.178145 245.136993 -1.000000 -1.000000 0.052274
0 0 0.251539 0.108915 85.626404 -1.000000 -1.000000 0.010288
0 0 0.110785 0.333959 128.548996 -1.000000 -1.000000 0.087251
1 0 0.212650 0.122910 145.559998 -1.000000 -1.000000 0.054441
0 0 0.386419 0.049972 95.414597 -1.000000 -1.000000 0.038433
-3 0 0.114728 0.207376 151.742004 -1.000000 -1.000000 0.020872
0 0 0.095449 0.330319 64.475304 -1.000000 -1.000000 0.068028
0 0 0.218595 0.126752 84.394798 -1.000000 -1.000000 0.028095
2 0 0.323838 0.069996 65.932999 -1.000000 -1.000000 0.050818
0 0 0.188336 0.137264 91.306000 -1.000000 -1.000000 0.054657
0 0 0.088778 0.267065 102.633003 -1.000000 -1.000000 0.060092
0 2 0.145776 0.296576 184.496994 -1.000000 -1.000000 0.055269
0 0 0.223865 0.144316 4.761430 -1.000000 -1.000000 0.031615
0 0 0.318672 0.071869 62.354401 -1.000000 -1.000000 0.067259
0 2 0.294504 0.093188 105.323997 -1.000000 -1.000000 0.049590
-2 2 0.055371 0.337542 70.774902 -1.000000 -1.000000 0.053387
2 0 0.304969 0.121990 50.415001 -1.000000 -1.000000 0.003093
0 1 0.094674 0.373556 68.320801 -1.000000 -1.000000 0.050416
2 0 0.345412 0.138563 121.697998 -1.000000 -1.000000 0.057785
0 0 0.333478 0.259344 787.177002 -1.000000 -1.000000 0.049660
0 0 0.345859 0.107746 69.873299 -1.000000 -1.000000 0.057332
0 0 0.111792 0.291625 129.104004 -1.000000 -1.000000 0.059117
0 2 0.122427 0.422104 142.059998 -1.000000 -1.000000 0.052577
0 2 0.102135 0.228781 56.240200 -1.000000 -1.000000 0.057758
0 0 0.418206 0.096976 134.328995 -1.000000 -1.000000 0.048421
0 0 0.059818 0.481643 106.805000 -1.000000 -1.000000 0.062118
2 -2 0.477927 0.118131 483.329010 -1.000000 -1.000000 0.059534
0 0 0.190151 0.152069 226.781006 -1.000000 -1.000000 0.058291
1 -1 0.345732 0.171861 223.830002 -1.000000 -1.000000 0.074608
2 0 0.405943 0.075353 130.647995 -1.000000 -1.000000 0.054038
0 0 0.380055 0.117573 249.354996 -1.000000 -1.000000 0.008453
2 0 0.338362 0.119574 222.212006 -1.000000 -1.000000 0.023106
0 0 0.306489 0.110265 79.815102 -1.000000 -1.000000 0.039095
0 2 0.069533 0.439970 60.685600 -1.000000 -1.000000 0.054185
3 0 0.064021 0.288836 83.922096 -1.000000 -1.000000 0.021061
0 0 0.217030 0.120907 116.442001 -1.000000 -1.000000 0.069832
0 0 0.411147 0.103280 134.820007 -1.000000 -1.000000 0.049701
0 2 0.071391 0.318752 73.770798 -1.000000 -1.000000 0.020752
0 0 0.239120 0.116663 92.777397 -1.000000 -1.000000 0.060074
0 0 0.242632 0.177967 263.191986 -1.000000 -1.000000 0.061196
0 1 0.111373 0.241608 263.709015 -1.000000 -1.000000 0.051945
-1 1 0.173969 0.117847 45.216702 -1.000000 -1.000000 0.054483
2 0 0.275410 0.082157 85.365402 -1.000000 -1.000000 0.058961
2 0 0.181649 0.225123 113.281998 -1.000000 -1.000000 0.057843
0 0 0.257335 0.122889 135.328995 -1.000000 -1.000000 0.049766
0 0 0.076175 0.277179 70.022003 -1.000000 -1.000000 0.049963
0 0 0.120337 0.459182 222.865997 -1.000000 -1.000000 0.057503
2 0 0.284686 0.345761 151.709000 -1.000000 -1.000000 0.031579
0 0 0.172151 0.178453 47.848598 -1.000000 -1.000000 0.058625
0 0 0.190713 0.258335 39.928200 -1.000000 -1.000000 0.051424
-5 0 0.168934 0.189643 305.540009 -1.000000 -1.000000 0.054859
0 0 0.121793 0.213531 64.505402 -1.000000 -1.000000 0.002353
2 0 0.305430 0.193866 6.307510 -1.000000 -1.000000 0.060022
0 0 0.435393 0.095725 85.450401 -1.000000 -1.000000 0.038895
0 0 0.437780 0.129205 62.916302 -1.000000 -1.000000 0.055018
0 0 0.101408 0.333359 130.768997 -1.000000 -1.000000 0.052423
0 0 0.166775 0.147278 78.218201 -1.000000 -1.000000 0.016499
0 3 0.290692 0.153621 236.960007 -1.000000 -1.000000 0.007678
-2 2 0.170190 0.221702 8.474780 -1.000000 -1.000000 0.051637
0 0 0.098385 0.271510 103.181000 -1.000000 -1.000000 0.051464
0 2 0.067164 0.459245 254.994003 -1.000000 -1.000000 0.050656
0 2 0.133568 0.293138 414.156006 -1.000000 -1.000000 0.027939
0 0 0.322280 0.092143 250.968994 -1.000000 -1.000000 0.052794
0 1 0.057467 0.421208 105.227997 -1.000000 -1.000000 0.059441
0 0 0.426372 0.103471 356.173004 -1.000000 -1.000000 0.053732
0 0 0.205608 0.104964 12.572700 -1.000000 -1.000000 0.022976
0 0 0.317119 0.089776 99.262199 -1.000000 -1.000000 0.056325
0 0 0.330278 0.055125 29.708599 -1.000000 -1.000000 0.057375
0 0 0.227237 0.171624 241.716995 -1.000000 -1.000000 0.075518
0 2 0.347519 0.286789 78.299599 -1.000000 -1.000000 0.048545
0 0 0.117069 0.185456 138.763000 -1.000000 -1.000000 0.052838
-2 2 0.087822 0.300354 62.707298 -1.000000 -1.000000 0.056981
0 0 0.090186 0.299211 73.530296 -1.000000 -1.000000 0.077895
0 0 0.223875 0.225163 252.606995 -1.000000 -1.000000 0.049960
0 0 0.135029 0.154962 55.367001 -1.000000 -1.000000 0.058490
0 0 0.155361 0.273497 69.893700 -1.000000 -1.000000 0.052505
0 1 0.226393 0.346314 126.205002 -1.000000 -1.000000 0.054126
0 2 0.182317 0.365722 201.281998 -1.000000 -1.000000 0.056007
2 0 0.399721 0.264193 111.480003 -1.000000 -1.000000 0.052812
0 0 0.188532 0.136458 70.570900 -1.000000 -1.000000 0.060989
0 3 0.202984 0.171565 69.601601 -1.000000 -1.000000 0.048277
0 0 0.062860 0.326050 108.546997 -1.000000 -1.000000 0.055045
-3 0 0.153551 0.245940 157.522003 -1.000000 -1.000000 0.037972
0 0 0.065269 0.394874 134.089996 -1.000000 -1.000000 0.006340
0 0 0.120072 0.358473 249.697998 -1.000000 -1.000000 0.058196
0 0 0.197622 0.111974 120.774002 -1.000000 -1.000000 0.024088
0 0 0.156575 0.148640 98.533096 -1.000000 -1.000000 0.004550
-1 1 0.370191 0.115240 77.896301 -1.000000 -1.000000 0.001883
2 0 0.350909 0.104812 164.106995 -1.000000 -1.000000 0.042930
0 2 0.509105 0.132242 440.949005 -1.000000 -1.000000 0.054624
0 2 0.067935 0.346081 116.902000 -1.000000 -1.000000 0.013211
0 0 0.174837 0.127166 57.410198 -1.000000 -1.000000 0.054600
0 0 0.206331 0.157928 98.312698 -1.000000 -1.000000 0.055603
0 0 0.138958 0.196593 78.871902 -1.000000 -1.000000 0.073076
0 0 0.434992 0.123312 95.749496 -1.000000 -1.000000 0.018485
2 0 0.241826 0.127347 84.708702 -1.000000 -1.000000 0.078419
0 0 0.148718 0.170734 191.815002 -1.000000 -1.000000 0.050580
0 2 0.086812 0.360040 71.782997 -1.000000 -1.000000 0.011648
0 0 0.177502 0.150657 69.457001 -1.000000 -1.000000 0.052262
0 0 0.212127 0.113912 67.627800 -1.000000 -1.000000 0.043776
0 2 0.117455 0.246430 249.084000 -1.000000 -1.000000 0.056169
0 0 0.247325 0.134411 76.667397 -1.000000 -1.000000 0.052406
0 0 0.189384 0.099204 57.967602 -1.000000 -1.000000 0.051667
-4 0 0.248550 0.138657 220.179993 -1.000000 -1.000000 0.020939
0 1 0.197634 0.263216 222.492996 -1.000000 -1.000000 0.060413
0 2 0.445869 0.077194 216.671997 -1.000000 -1.000000 0.050690
0 0 0.270265 0.110856 38.381599 -1.000000 -1.000000 0.015617
0 0 0.448395 0.129608 263.136993 -1.000000 -1.000000 0.051410
0 2 0.235300 0.382407 351.416992 -1.000000 -1.000000 0.048207
0 2 0.168041 0.386389 116.615997 -1.000000 -1.000000 0.081543
0 0 0.087865 0.494845 348.378998 -1.000000 -1.000000 0.048487
0 0 0.065787 0.588869 42.344501 -1.000000 -1.000000 0.057339
0 0 0.163597 0.217768 96.750099 -1.000000 -1.000000 0.055145
0 0 0.128652 0.167979 36.503201 -1.000000 -1.000000 0.049816
-2 2 0.144883 0.219932 44.273201 -1.000000 -1.000000 0.053242
2 0 0.534074 0.100131 199.574997 -1.000000 -1.000000 0.057734
1 -1 0.345545 0.088772 82.729599 -1.000000 -1.000000 0.058685
2 0 0.529180 0.096956 405.324005 -1.000000 -1.000000 0.050960
0 2 0.087599 0.396030 221.660004 -1.000000 -1.000000 0.066956
0 0 0.206307 0.111112 122.114998 -1.000000 -1.000000 0.054801
0 0 0.180677 0.115967 78.232300 -1.000000 -1.000000 0.015768
0 1 0.576544 0.326039 293.851013 -1.000000 -1.000000 0.053072
-4 0 0.161452 0.135133 117.959999 -1.000000 -1.000000 0.025627
0 2 0.223371 0.366061 199.720993 -1.000000 -1.000000 0.054426
0 0 0.102175 0.353554 173.369995 -1.000000 -1.000000 0.007691
0 2 0.136560 0.394365 228.117996 -1.000000 -1.000000 0.049692
0 0 0.211543 0.133537 124.760002 -1.000000 -1.000000 0.052684
0 2 0.138853 0.259022 172.945999 -1.000000 -1.000000 0.075912
0 2 0.063584 0.383073 120.899002 -1.000000 -1.000000 0.026199
0 2 0.278399 0.182418 170.735992 -1.000000 -1.000000 0.052732
2 0 0.443417 0.150853 138.369995 -1.000000 -1.000000 0.037276
-3 0 0.203950 0.510406 132.675003 -1.000000 -1.000000 0.088405
0 0 0.117513 0.244043 88.561501 -1.000000 -1.000000 0.010617
0 2 0.114833 0.374009 358.054993 -1.000000 -1.000000 0.055058
1 0 0.340195 0.139468 84.440598 -1.000000 -1.000000 0.064445
0 0 0.122089 0.151636 47.218102 -1.000000 -1.000000 0.004282
0 0 0.374944 0.081361 131.621994 -1.000000 -1.000000 0.058828
0 2 0.201793 0.263271 337.266998 -1.000000 -1.000000 0.051447
2 -2 0.197040 0.101104 30.696501 -1.000000 -1.000000 0.073826
2 0 0.288752 0.148976 170.578003 -1.000000 -1.000000 0.003376
-1 1 0.088442 0.290801 13.967700 -1.000000 -1.000000 0.053018
1 0 0.186567 0.158151 206.492004 -1.000000 -1.000000 0.052126
2 -2 0.384865 0.089892 223.309998 -1.000000 -1.000000 0.057028
0 0 0.200144 0.202520 177.628006 -1.000000 -1.000000 0.058850
0 2 0.043507 0.489424 133.022003 -1.000000 -1.000000 0.067866
0 0 0.257593 0.132116 67.106697 -1.000000 -1.000000 0.015646
2 0 0.246038 0.168148 246.871002 -1.000000 -1.000000 0.034956
0 0 0.230901 0.140449 63.576698 -1.000000 -1.000000 0.045469
0 2 0.075539 0.413856 84.916000 -1.000000 -1.000000 0.032834
0 2 0.122172 0.186457 18.577600 -1.000000 -1.000000 0.048236
2 0 0.590680 0.034199 32.222301 -1.000000 -1.000000 0.052597
2 -2 0.422865 0.121665 43.519100 -1.000000 -1.000000 0.053170
0 2 0.247040 0.336801 75.839401 -1.000000 -1.000000 0.046957
0 0 0.182819 0.196479 179.406006 -1.000000 -1.000000 0.052691
0 3 0.116768 0.159491 38.693901 -1.000000 -1.000000 0.060884
0 0 0.173184 0.288729 475.574005 -1.000000 -1.000000 0.046440
0 0 0.430423 0.137222 421.696014 -1.000000 -1.000000 0.048379
0 1 0.200617 0.288362 216.593994 -1.000000 -1.000000 0.052970
2 0 0.472739 0.243951 746.833008 -1.000000 -1.000000 0.036450
2 0 0.280732 0.127480 137.809998 -1.000000 -1.000000 0.017628
0 0 0.498997 0.050398 133.593002 -1.000000 -1.000000 0.026049
2 -2 0.154061 0.130752 75.968697 -1.000000 -1.000000 0.002397
-2 0 0.459249 0.075843 14.230200 -1.000000 -1.000000 0.053115
0 1 0.365818 0.185746 12.686700 -1.000000 -1.000000 0.032212
0 0 0.185668 0.136412 128.397995 -1.000000 -1.000000 0.014517
0 0 0.284582 0.097134 79.018303 -1.000000 -1.000000 0.054845
2 0 0.318560 0.092617 102.373001 -1.000000 -1.000000 0.057668
0 2 0.118301 0.382130 138.352997 -1.000000 -1.000000 0.062925
2 0 0.450038 0.067072 147.695007 -1.000000 -1.000000 0.061423
0 2 0.105807 0.201196 141.656006 -1.000000 -1.000000 0.003496
1 0 0.345608 0.090789 115.707001 -1.000000 -1.000000 0.084261
2 0 0.204943 0.146490 74.000702 -1.000000 -1.000000 0.008839
1 0 0.261620 0.182783 88.313301 -1.000000 -1.000000 0.051807
0 0 0.523282 0.050677 52.370098 -1.000000 -1.000000 0.047308
0 0 0.097181 0.254866 207.369995 -1.000000 -1.000000 0.037090
0 2 0.085576 0.349370 82.353401 -1.000000 -1.000000 0.052532
2 0 0.130542 0.361930 97.180801 -1.000000 -1.000000 0.052291
0 0 0.383947 0.077146 111.721001 -1.000000 -1.000000 0.080083
0 0 0.103501 0.276287 135.020996 -1.000000 -1.000000 0.058915
0 0 0.076198 0.335495 131.612000 -1.000000 -1.000000 0.060189
2 0 0.470682 0.160566 231.229996 -1.000000 -1.000000 0.052580
0 0 0.245739 0.157567 144.744003 -1.000000 -1.000000 0.058029
0 0 0.309225 0.075786 37.629200 -1.000000 -1.000000 0.054964
0 0 0.302907 0.097351 110.253998 -1.000000 -1.000000 0.057438
2 0 0.461992 0.092959 180.205002 -1.000000 -1.000000 0.061339
0 0 0.188874 0.118285 57.874100 -1.000000 -1.000000 0.051576
0 0 0.216556 0.199143 274.524994 -1.000000 -1.000000 0.085115
0 1 0.226023 0.148517 51.896900 -1.000000 -1.000000 0.059367
1 -1 0.277958 0.152017 85.410400 -1.000000 -1.000000 0.055301
0 2 0.047097 0.750195 141.835999 -1.000000 -1.000000 0.013772
0 0 0.245206 0.141353 223.089005 -1.000000 -1.000000 0.057960
1 0 0.240581 0.206965 111.625000 -1.000000 -1.000000 0.063831
0 0 0.132340 0.171426 75.514297 -1.000000 -1.000000 0.052231
2 0 0.205082 0.227185 255.320007 -1.000000 -1.000000 0.054054
0 0 0.186956 0.142334 243.951996 -1.000000 -1.000000 0.053436
0 0 0.119168 0.397043 61.013302 -1.000000 -1.000000 0.045931
2 0 0.241961 0.176775 175.822006 -1.000000 -1.000000 0.058354
0 0 0.091775 0.268809 67.078003 -1.000000 -1.000000 0.086276
0 1 0.369985 0.316974 187.074005 -1.000000 -1.000000 0.060169
0 0 0.165439 0.105770 45.145401 -1.000000 -1.000000 0.057204
0 0 0.226356 0.142478 110.193001 -1.000000 -1.000000 0.015699
-2 2 0.084213 0.477343 128.141998 -1.000000 -1.000000 0.065781
0 0 0.166139 0.190637 57.035000 -1.000000 -1.000000 0.046313
2 -2 0.370392 0.071992 38.348202 -1.000000 -1.000000 0.059038
0 2 0.164644 0.316176 373.618988 -1.000000 -1.000000 0.055968
0 0 0.277271 0.061687 41.373798 -1.000000 -1.000000 0.052653
2 -2 0.466117 0.035962 4.576140 -1.000000 -1.000000 0.056425
0 0 0.199930 0.153526 155.410004 -1.000000 -1.000000 0.057863
0 0 0.290401 0.158717 114.359001 -1.000000 -1.000000 0.037924
0 2 0.234382 0.130219 63.779400 -1.000000 -1.000000 0.055366
0 0 0.205825 0.213592 52.612202 -1.000000 -1.000000 0.090155
0 2 0.281244 0.197675 282.420013 -1.000000 -1.000000 0.051848
0 2 0.212765 0.228460 106.592003 -1.000000 -1.000000 0.050274
0 0 0.237691 0.104226 86.219299 -1.000000 -1.000000 0.047355
0 0 0.093054 0.293500 83.904602 -1.000000 -1.000000 0.025819
0 0 0.183638 0.196320 285.048004 -1.000000 -1.000000 0.050877
0 0 0.209377 0.264761 207.822998 -1.000000 -1.000000 0.045942
2 0 0.325790 0.258855 99.136002 -1.000000 -1.000000 0.054477
2 0 0.334185 0.284324 754.093018 -1.000000 -1.000000 0.053429
1 0 0.246558 0.072894 9.325960 -1.000000 -1.000000 0.043410
2 0 0.346199 0.076641 95.031197 -1.000000 -1.000000 0.057637
0 2 0.084519 0.605920 119.806000 -1.000000 -1.000000 0.053868
2 0 0.291387 0.098739 141.539001 -1.000000 -1.000000 0.003902
-4 0 0.083339 0.258043 105.197998 -1.000000 -1.000000 0.048354
0 1 0.237270 0.199298 218.513000 -1.000000 -1.000000 0.059390
0 0 0.124113 0.281838 67.667297 -1.000000 -1.000000 0.049394
0 0 0.238314 0.323634 136.490997 -1.000000 -1.000000 0.051599
2 0 0.330939 0.145059 244.404999 -1.000000 -1.000000 0.042903
0 2 0.284109 0.247230 198.110992 -1.000000 -1.000000 0.054927
0 1 0.329915 0.197253 71.487503 -1.000000 -1.000000 0.050171
0 2 0.069102 0.351220 146.925003 -1.000000 -1.000000 0.002026
0 0 0.070122 0.276840 105.285004 -1.000000 -1.000000 0.089667
0 0 0.475763 0.093502 61.539799 -1.000000 -1.000000 0.054471
0 0 0.092453 0.218812 45.976398 -1.000000 -1.000000 0.049710
0 0 0.195436 0.098608 93.512901 -1.000000 -1.000000 0.055197
2 0 0.534582 0.141107 102.018997 -1.000000 -1.000000 0.078800
1 -1 0.132958 0.173228 81.830002 -1.000000 -1.000000 0.055102
0 0 0.175763 0.153934 83.675102 -1.000000 -1.000000 0.057953
0 2 0.139223 0.313382 80.005402 -1.000000 -1.000000 0.036822
0 0 0.347362 0.073040 140.315002 -1.000000 -1.000000 0.054655
0 1 0.142395 0.272161 255.970993 -1.000000 -1.000000 0.053098
0 0 0.304007 0.066855 53.779400 -1.000000 -1.000000 0.054868
1 0 0.124848 0.192028 39.122799 -1.000000 -1.000000 0.049030
0 0 0.291646 0.081008 129.156998 -1.000000 -1.000000 0.035898
2 0 0.245687 0.097840 192.860992 -1.000000 -1.000000 0.088918
0 0 0.145306 0.118954 9.746400 -1.000000 -1.000000 0.012542
0 0 0.267890 0.113628 70.675797 -1.000000 -1.000000 0.042687
0 0 0.088405 0.378136 61.592899 -1.000000 -1.000000 0.058272
2 0 0.103733 0.326903 322.144012 -1.000000 -1.000000 0.050703
0 0 0.391538 0.149685 118.644997 -1.000000 -1.000000 0.048305
0 0 0.175900 0.151034 75.320702 -1.000000 -1.000000 0.059608
2 0 0.396865 0.043349 38.378899 -1.000000 -1.000000 0.048303
0 0 0.231210 0.135004 31.148600 -1.000000 -1.000000 0.071318
0 0 0.207477 0.132302 86.776398 -1.000000 -1.000000 0.059234
0 0 0.334198 0.080880 221.328003 -1.000000 -1.000000 0.048303
0 0 0.298175 0.074706 122.996002 -1.000000 -1.000000 0.062994
0 0 0.261423 0.164077 135.011002 -1.000000 -1.000000 0.079054
0 2 0.096901 0.373747 176.800995 -1.000000 -1.000000 0.058917
0 2 0.154259 0.307902 202.414993 -1.000000 -1.000000 0.068442
0 0 0.146028 0.189407 47.780899 -1.000000 -1.000000 0.050592
0 0 0.217291 0.136160 47.880199 -1.000000 -1.000000 0.051210
0 0 0.180480 0.271800 505.835999 -1.000000 -1.000000 0.020505
0 2 0.328145 0.188714 192.210999 -1.000000 -1.000000 0.085470
-2 2 0.150961 0.148310 75.219803 -1.000000 -1.000000 0.065510
0 0 0.150479 0.250800 183.483994 -1.000000 -1.000000 0.058491
0 0 0.237939 0.089132 83.293800 -1.000000 -1.000000 0.002484
-2 2 0.061197 0.460582 204.283005 -1.000000 -1.000000 0.060133
0 0 0.153037 0.246272 125.360001 -1.000000 -1.000000 0.047114
0 2 0.144229 0.529518 15.581900 -1.000000 -1.000000 0.026721
2 -2 0.270095 0.078157 106.435997 -1.000000 -1.000000 0.052728
0 2 0.337335 0.265607 207.507996 -1.000000 -1.000000 0.024402
0 0 0.213400 0.161093 158.925003 -1.000000 -1.000000 0.048683
0 1 0.111411 0.445954 143.927994 -1.000000 -1.000000 0.010033
0 0 0.188513 0.108942 87.974602 -1.000000 -1.000000 0.043966
0 0 0.163040 0.265715 122.977997 -1.000000 -1.000000 0.058492
0 0 0.117217 0.265851 234.158005 -1.000000 -1.000000 0.018208
2 0 0.407722 0.094797 129.951996 -1.000000 -1.000000 0.060286
0 0 0.355281 0.083807 28.285000 -1.000000 -1.000000 0.042459
0 0 0.108965 0.179661 103.163002 -1.000000 -1.000000 0.059496
2 0 0.551740 0.296131 130.520996 -1.000000 -1.000000 0.049657
0 0 0.338016 0.166522 514.627991 -1.000000 -1.000000 0.007567
0 0 0.239138 0.170793 368.118988 -1.000000 -1.000000 0.067628
0 0 0.206775 0.101388 31.965200 -1.000000 -1.000000 0.021240
-1 0 0.211577 0.144074 63.285000 -1.000000 -1.000000 0.034961
0 0 0.161818 0.156359 92.457802 -1.000000 -1.000000 0.030614
0 2 0.215026 0.230043 336.282013 -1.000000 -1.000000 0.054057
0 0 0.202289 0.224550 107.498001 -1.000000 -1.000000 0.061928
-2 2 0.089937 0.288433 93.743301 -1.000000 -1.000000 0.054821
0 -2 0.315472 0.246622 686.078003 -1.000000 -1.000000 0.047406
0 0 0.099809 0.237913 120.022003 -1.000000 -1.000000 0.016124
0 2 0.413003 0.188374 195.470001 -1.000000 -1.000000 0.057212
0 0 0.210592 0.147485 172.921005 -1.000000 -1.000000 0.006207
0 0 0.284047 0.117422 98.753197 -1.000000 -1.000000 0.048113
0 0 0.168669 0.193855 311.429993 -1.000000 -1.000000 0.054549
0 2 0.154388 0.389982 364.171997 -1.000000 -1.000000 0.057074
0 2 0.206532 0.153642 158.244003 -1.000000 -1.000000 0.091342
0 2 0.127525 0.507077 124.542000 -1.000000 -1.000000 0.050663
0 0 0.203229 0.191810 109.500000 -1.000000 -1.000000 0.060397
0 2 0.095634 0.260337 124.010002 -1.000000 -1.000000 0.058387
1 0 0.172604 0.167048 193.970993 -1.000000 -1.000000 0.052789
1 0 0.270350 0.132068 168.794998 -1.000000 -1.000000 0.038146
0 0 0.212378 0.104986 82.089897 -1.000000 -1.000000 0.070369
2 -2 0.291505 0.117496 124.431999 -1.000000 -1.000000 0.060966
0 0 0.152369 0.222372 277.415009 -1.000000 -1.000000 0.067664
0 0 0.122993 0.189905 34.709400 -1.000000 -1.000000 0.054769
0 2 0.153990 0.223298 227.132004 -1.000000 -1.000000 0.028631
0 0 0.124084 0.402966 51.815201 -1.000000 -1.000000 0.051594
1 0 0.125869 0.313258 65.897598 -1.000000 -1.000000 0.084777
0 0 0.208485 0.131986 109.987000 -1.000000 -1.000000 0.006358
2 0 0.309093 0.113970 263.019012 -1.000000 -1.000000 0.037722
0 0 0.244772 0.194195 207.636993 -1.000000 -1.000000 0.060477
-2 0 0.168280 0.282113 113.940002 -1.000000 -1.000000 0.047685
0 0 0.416514 0.068592 246.656998 -1.000000 -1.000000 0.067380
0 0 0.125722 0.150664 19.570101 -1.000000 -1.000000 0.030376
2 -2 0.255883 0.063758 6.224550 -1.000000 -1.000000 0.057159
0 0 0.064185 0.317119 96.747498 -1.000000 -1.000000 0.056742
0 0 0.406504 0.054888 77.244499 -1.000000 -1.000000 0.037144
2 0 0.323514 0.210099 172.440994 -1.000000 -1.000000 0.028516
0 0 0.068773 0.295731 108.941002 -1.000000 -1.000000 0.051991
0 0 0.109180 0.232177 71.808098 -1.000000 -1.000000 0.061143
0 0 0.199152 0.109148 50.580399 -1.000000 -1.000000 0.055002
1 0 0.475690 0.073417 200.587997 -1.000000 -1.000000 0.057970
0 0 0.192732 0.145495 88.518303 -1.000000 -1.000000 0.023549
0 2 0.213737 0.369736 505.858002 -1.000000 -1.000000 0.045184
0 0 0.254646 0.080545 76.821999 -1.000000 -1.000000 0.058566
0 0 0.291211 0.080994 35.027901 -1.000000 -1.000000 0.003290
0 0 0.389636 0.072561 141.039993 -1.000000 -1.000000 0.058588
0 0 0.331493 0.093642 212.656998 -1.000000 -1.000000 0.043805
0 0 0.261408 0.204713 101.012001 -1.000000 -1.000000 0.054005
0 0 0.124476 0.197691 112.987000 -1.000000 -1.000000 0.080565
0 2 0.200843 0.311172 178.011002 -1.000000 -1.000000 0.051517
0 0 0.213905 0.161780 164.044006 -1.000000 -1.000000 0.017566
0 0 0.122063 0.191132 110.952003 -1.000000 -1.000000 0.037290
0 2 0.099422 0.643401 202.638000 -1.000000 -1.000000 0.057166
0 0 0.589094 0.058547 79.331100 -1.000000 -1.000000 0.052003
0 0 0.272916 0.076936 58.281101 -1.000000 -1.000000 0.047989
0 2 0.266011 0.262631 343.976013 -1.000000 -1.000000 0.075582
3 0 0.128554 0.629334 335.894989 -1.000000 -1.000000 0.060642
2 0 0.232751 0.189210 29.461700 -1.000000 -1.000000 0.050609
0 0 0.069381 0.370058 42.767101 -1.000000 -1.000000 0.011961
0 0 0.356163 0.158457 107.538002 -1.000000 -1.000000 0.052828
2 0 0.147942 0.430943 126.023003 -1.000000 -1.000000 0.055625
0 0 0.101409 0.418702 56.321400 -1.000000 -1.000000 0.053535
0 0 0.050215 0.345438 48.112598 -1.000000 -1.000000 0.019966
0 0 0.179241 0.138832 221.641998 -1.000000 -1.000000 0.068371
0 0 0.256847 0.114280 141.514008 -1.000000 -1.000000 0.045976
0 0 0.213729 0.236795 294.054993 -1.000000 -1.000000 0.052453
0 0 0.129193 0.297146 88.810699 -1.000000 -1.000000 0.053106
0 0 0.148913 0.291988 178.701004 -1.000000 -1.000000 0.055786
2 0 0.293981 0.210617 527.181030 -1.000000 -1.000000 0.059360
2 -2 0.216774 0.126642 181.134995 -1.000000 -1.000000 0.055761
0 2 0.109544 0.457122 96.641998 -1.000000 -1.000000 0.058827
2 0 0.144163 0.313257 160.315002 -1.000000 -1.000000 0.052279
-2 2 0.098528 0.200554 60.376598 -1.000000 -1.000000 0.073765
0 2 0.129003 0.192302 90.981300 -1.000000 -1.000000 0.058246
0 0 0.184067 0.143572 187.279999 -1.000000 -1.000000 0.043615
2 0 0.254560 0.191301 388.014008 -1.000000 -1.000000 0.048768
0 2 0.239222 0.091959 108.700996 -1.000000 -1.000000 0.056652
2 0 0.195195 0.151083 223.139999 -1.000000 -1.000000 0.059105
0 0 0.322438 0.103276 100.441002 -1.000000 -1.000000 0.049769
0 0 0.166973 0.222682 104.949997 -1.000000 -1.000000 0.060499
0 2 0.170172 0.308045 165.998993 -1.000000 -1.000000 0.079447
0 0 0.114802 0.187746 73.357903 -1.000000 -1.000000 0.057683
0 0 0.081473 0.411498 247.462997 -1.000000 -1.000000 0.058318
0 0 0.203678 0.173058 73.722397 -1.000000 -1.000000 0.054909
0 0 0.299735 0.073581 50.063999 -1.000000 -1.000000 0.071358
2 0 0.093626 0.298536 197.639999 -1.000000 -1.000000 0.071953
0 0 0.091803 0.365427 170.188995 -1.000000 -1.000000 0.007359
0 0 0.233217 0.125243 232.145004 -1.000000 -1.000000 0.054284
2 0 0.278000 0.109192 57.267200 -1.000000 -1.000000 0.045879
0 0 0.192867 0.274476 24.611200 -1.000000 -1.000000 0.047591
0 0 0.283579 0.103679 43.564602 -1.000000 -1.000000 0.027749
0 0 0.169791 0.319959 328.144012 -1.000000 -1.000000 0.053829
0 2 0.062167 0.377724 174.117004 -1.000000 -1.000000 0.052927
0 2 0.249471 0.131238 70.727898 -1.000000 -1.000000 0.065114
0 0 0.122452 0.195007 63.073200 -1.000000 -1.000000 0.050600
1 0 0.114725 0.205557 98.170998 -1.000000 -1.000000 0.054185
1 0 0.211822 0.177140 86.415497 -1.000000 -1.000000 0.046313
2 0 0.170021 0.155804 83.045502 -1.000000 -1.000000 0.008594
2 -2 0.376303 0.069904 217.274994 -1.000000 -1.000000 0.061202
0 0 0.070799 0.318002 153.266006 -1.000000 -1.000000 0.068865
0 2 0.064939 0.459563 130.819000 -1.000000 -1.000000 0.053137
0 2 0.055878 0.693056 65.406898 -1.000000 -1.000000 0.060123
2 0 0.384826 0.124600 456.569000 -1.000000 -1.000000 0.042942
0 0 0.341909 0.107477 194.197006 -1.000000 -1.000000 0.043628
0 0 0.247370 0.155700 333.848999 -1.000000 -1.000000 0.048066
2 0 0.557079 0.057585 125.357002 -1.000000 -1.000000 0.051904
0 0 0.209897 0.167724 53.848202 -1.000000 -1.000000 0.057794
0 2 0.083627 0.362172 92.192101 -1.000000 -1.000000 0.077219
0 0 0.229579 0.169497 62.844002 -1.000000 -1.000000 0.060994
2 -2 0.288767 0.080933 106.725998 -1.000000 -1.000000 0.056690
2 0 0.528365 0.055755 137.315994 -1.000000 -1.000000 0.056600
0 2 0.076250 0.265897 74.472801 -1.000000 -1.000000 0.053684
1 0 0.259531 0.117479 101.176003 -1.000000 -1.000000 0.053091
0 2 0.182048 0.320843 175.552994 -1.000000 -1.000000 0.044169
0 2 0.091244 0.493282 261.716003 -1.000000 -1.000000 0.046264
0 2 0.188430 0.258533 152.654999 -1.000000 -1.000000 0.025429
0 2 0.195005 0.458783 172.787994 -1.000000 -1.000000 0.087401
2 -2 0.256358 0.095658 54.223801 -1.000000 -1.000000 0.055425
1 0 0.258332 0.125962 262.282990 -1.000000 -1.000000 0.050361
0 0 0.153167 0.239694 95.368896 -1.000000 -1.000000 0.002288
2 0 0.554648 0.090227 170.636002 -1.000000 -1.000000 0.046491
0 0 0.084654 0.281557 54.056801 -1.000000 -1.000000 0.058084
0 2 0.097049 0.534950 16.189199 -1.000000 -1.000000 0.051750
0 0 0.573843 0.101564 337.748993 -1.000000 -1.000000 0.058973
0 0 0.111468 0.179693 80.450798 -1.000000 -1.000000 0.062800
0 0 0.122461 0.393377 82.438103 -1.000000 -1.000000 0.053402
1 -1 0.166414 0.120239 55.961899 -1.000000 -1.000000 0.057047
2 0 0.318613 0.116572 273.205994 -1.000000 -1.000000 0.051478
0 -2 0.122544 0.365294 71.381401 -1.000000 -1.000000 0.020288
0 1 0.146206 0.190231 206.947998 -1.000000 -1.000000 0.047147
0 0 0.113065 0.192384 45.510700 -1.000000 -1.000000 0.059312
2 0 0.375960 0.511584 251.673004 -1.000000 -1.000000 0.059962
0 0 0.272567 0.096492 121.436996 -1.000000 -1.000000 0.061316
0 0 0.137940 0.265518 77.355202 -1.000000 -1.000000 0.004456
0 0 0.092866 0.211057 102.679001 -1.000000 -1.000000 0.006108
2 0 0.432462 0.099341 180.500000 -1.000000 -1.000000 0.052221
0 0 0.289395 0.155617 241.612000 -1.000000 -1.000000 0.052316
2 0 0.120277 0.273620 66.186600 -1.000000 -1.000000 0.045721
0 2 0.179087 0.239521 131.929001 -1.000000 -1.000000 0.060583
-3 0 0.284021 0.123725 319.903992 -1.000000 -1.000000 0.058432
0 0 0.206885 0.124562 111.538002 -1.000000 -1.000000 0.023314
0 2 0.049272 0.542728 79.912903 -1.000000 -1.000000 0.020993
0 2 0.088957 0.353205 79.639503 -1.000000 -1.000000 0.015954
0 1 0.211092 0.394863 88.331703 -1.000000 -1.000000 0.031254
0 2 0.198709 0.345237 165.522995 -1.000000 -1.000000 0.046734
0 1 0.258300 0.129810 38.673401 -1.000000 -1.000000 0.088378
0 0 0.193954 0.187230 108.780998 -1.000000 -1.000000 0.058985
-2 2 0.137630 0.125400 10.636800 -1.000000 -1.000000 0.045872
0 0 0.117934 0.227010 76.026703 -1.000000 -1.000000 0.046030
0 0 0.037424 0.515504 82.881699 -1.000000 -1.000000 0.073078
2 0 0.307871 0.119316 85.270103 -1.000000 -1.000000 0.018338
2 0 0.225700 0.159871 116.801003 -1.000000 -1.000000 0.074352
0 0 0.392831 0.073045 114.146004 -1.000000 -1.000000 0.062347
-1 1 0.084087 0.643635 131.348007 -1.000000 -1.000000 0.010125
0 0 0.133175 0.193009 135.300003 -1.000000 -1.000000 0.006125
2 0 0.311292 0.376176 48.875401 -1.000000 -1.000000 0.059211
1 0 0.299057 0.214358 308.444000 -1.000000 -1.000000 0.056921
0 0 0.113656 0.189188 91.376198 -1.000000 -1.000000 0.037372
-2 2 0.146273 0.176678 43.194698 -1.000000 -1.000000 0.015862
0 0 0.117210 0.280350 235.673004 -1.000000 -1.000000 0.050533
2 -2 0.255000 0.166079 92.623497 -1.000000 -1.000000 0.054451
0 0 0.189062 0.125569 160.531998 -1.000000 -1.000000 0.089227
0 1 0.095882 0.324468 146.391998 -1.000000 -1.000000 0.088461
1 0 0.215346 0.138268 189.067993 -1.000000 -1.000000 0.007726
0 0 0.308406 0.067399 66.202797 -1.000000 -1.000000 0.056638
0 0 0.374897 0.070252 62.364799 -1.000000 -1.000000 0.055835
0 2 0.166753 0.118506 88.469803 -1.000000 -1.000000 0.061306
0 0 0.609049 0.141280 144.589996 -1.000000 -1.000000 0.049235
0 0 0.204455 0.179933 47.552601 -1.000000 -1.000000 0.039104
0 2 0.163635 0.406521 122.314003 -1.000000 -1.000000 0.002687
2 0 0.275504 0.164122 73.430901 -1.000000 -1.000000 0.025039
0 0 0.557189 0.102765 74.752899 -1.000000 -1.000000 0.057338
0 0 0.057813 0.388708 95.550697 -1.000000 -1.000000 0.058134
0 2 0.383507 0.157096 241.292007 -1.000000 -1.000000 0.051657
5 0 0.105816 0.288479 81.093201 -1.000000 -1.000000 0.050737
0 0 0.336351 0.175408 99.491997 -1.000000 -1.000000 0.020844
2 0 0.165249 0.202761 192.556000 -1.000000 -1.000000 0.042869
0 0 0.540967 0.048462 106.352997 -1.000000 -1.000000 0.011937
0 2 0.275325 0.197706 91.920197 -1.000000 -1.000000 0.041428
0 0 0.078849 0.352190 54.841301 -1.000000 -1.000000 0.018231
0 2 0.116088 0.277319 40.903999 -1.000000 -1.000000 0.052800
-2 2 0.153272 0.231320 86.429802 -1.000000 -1.000000 0.053528
0 2 0.111888 0.328231 60.434898 -1.000000 -1.000000 0.074673
-2 0 0.073660 0.277085 69.874802 -1.000000 -1.000000 0.002360
0 1 0.232892 0.537358 373.363007 -1.000000 -1.000000 0.055002
0 2 0.302237 0.181188 180.695007 -1.000000 -1.000000 0.003275
0 0 0.292011 0.268516 371.998993 -1.000000 -1.000000 0.056317
2 -2 0.185716 0.184129 161.240005 -1.000000 -1.000000 0.005034
2 0 0.374476 0.077345 10.549500 -1.000000 -1.000000 0.076984
0 2 0.151971 0.334566 221.794998 -1.000000 -1.000000 0.052613
0 0 0.224135 0.171540 93.255798 -1.000000 -1.000000 0.042488
0 0 0.279027 0.101043 155.391006 -1.000000 -1.000000 0.008457
0 0 0.288415 0.084514 143.470993 -1.000000 -1.000000 0.015883
0 0 0.315673 0.085089 19.612801 -1.000000 -1.000000 0.048864
0 0 0.130526 0.182198 146.917999 -1.000000 -1.000000 0.071406
0 0 0.121403 0.170673 85.359901 -1.000000 -1.000000 0.055141
0 0 0.306880 0.086527 196.300995 -1.000000 -1.000000 0.054760
2 0 0.125069 0.179857 52.254501 -1.000000 -1.000000 0.032761
0 0 0.172485 0.115280 46.494301 -1.000000 -1.000000 0.031354
0 2 0.110335 0.192232 115.581001 -1.000000 -1.000000 0.053876
0 0 0.161387 0.182822 74.045700 -1.000000 -1.000000 0.037690
0 2 0.473391 0.295555 419.822998 -1.000000 -1.000000 0.070484
0 0 0.186670 0.336246 148.352997 -1.000000 -1.000000 0.088673
0 2 0.315087 0.075151 148.343994 -1.000000 -1.000000 0.031383
-1 0 0.151586 0.172911 211.429993 -1.000000 -1.000000 0.058360
0 0 0.105435 0.242002 51.432899 -1.000000 -1.000000 0.057463
0 0 0.157994 0.163583 81.710701 -1.000000 -1.000000 0.026427
0 0 0.176485 0.183785 7.926350 -1.000000 -1.000000 0.072376
2 0 0.355511 0.096887 83.091301 -1.000000 -1.000000 0.058340
0 0 0.169483 0.206502 91.054604 -1.000000 -1.000000 0.058546
0 0 0.160590 0.374411 119.306999 -1.000000 -1.000000 0.002250
0 0 0.193536 0.134415 75.762604 -1.000000 -1.000000 0.059685
2 0 0.621192 0.052767 136.779007 -1.000000 -1.000000 0.059904
0 0 0.119397 0.280333 85.253700 -1.000000 -1.000000 0.002806
0 0 0.327832 0.122189 78.949097 -1.000000 -1.000000 0.045117
0 0 0.359273 0.157707 330.540985 -1.000000 -1.000000 0.060114
0 0 0.370229 0.067496 70.154999 -1.000000 -1.000000 0.027890
0 0 0.345265 0.099287 54.682400 -1.000000 -1.000000 0.060371
2 0 0.244833 0.145258 281.899994 -1.000000 -1.000000 0.052801
0 0 0.099523 0.234861 46.590698 -1.000000 -1.000000 0.043296
0 0 0.185359 0.178282 295.964996 -1.000000 -1.000000 0.060289
0 2 0.135681 0.545128 401.317993 -1.000000 -1.000000 0.032718
0 0 0.197236 0.115844 82.118599 -1.000000 -1.000000 0.083864
0 0 0.178358 0.247396 101.781998 -1.000000 -1.000000 0.049002
-1 0 0.209553 0.195470 128.460999 -1.000000 -1.000000 0.083718
0 2 0.279750 0.203609 53.339600 -1.000000 -1.000000 0.015779
0 0 0.148714 0.126655 81.838501 -1.000000 -1.000000 0.052328
2 0 0.373796 0.079282 148.466995 -1.000000 -1.000000 0.026921
2 0 0.388433 0.074463 204.906998 -1.000000 -1.000000 0.006299
0 2 0.177189 0.319475 383.690002 -1.000000 -1.000000 0.054698
0 0 0.229876 0.096860 37.087200 -1.000000 -1.000000 0.056512
0 0 0.319348 0.073965 105.681000 -1.000000 -1.000000 0.081276
0 2 0.161995 0.128917 92.792702 -1.000000 -1.000000 0.002513
0 0 0.493373 0.052414 100.926003 -1.000000 -1.000000 0.051949
0 0 0.154858 0.468431 63.612301 -1.000000 -1.000000 0.004800
2 0 0.156626 0.116656 11.641000 -1.000000 -1.000000 0.043855
0 -1 0.200330 0.219255 227.742004 -1.000000 -1.000000 0.008208
2 0 0.294261 0.129121 441.384003 -1.000000 -1.000000 0.054673
0 2 0.321800 0.146678 25.471600 -1.000000 -1.000000 0.058298
0 0 0.319774 0.120054 97.911003 -1.000000 -1.000000 0.002461
0 0 0.094881 0.273623 219.423996 -1.000000 -1.000000 0.060793
2 -2 0.350519 0.084110 124.186996 -1.000000 -1.000000 0.040329
0 0 0.230308 0.154782 48.554100 -1.000000 -1.000000 0.009855
0 0 0.251037 0.516902 792.721985 -1.000000 -1.000000 0.048309
0 0 0.126435 0.245181 164.167999 -1.000000 -1.000000 0.057233
1 0 0.237482 0.275614 58.083500 -1.000000 -1.000000 0.058476
0 0 0.455192 0.120274 335.665009 -1.000000 -1.000000 0.057395
0 0 0.091418 0.246870 82.424301 -1.000000 -1.000000 0.051502
0 0 0.057604 0.442599 65.314003 -1.000000 -1.000000 0.016502
0 0 0.285293 0.126722 165.692001 -1.000000 -1.000000 0.042447
0 0 0.133403 0.191674 113.900002 -1.000000 -1.000000 0.046502
0 1 0.135111 0.330144 152.429001 -1.000000 -1.000000 0.051196
0 0 0.326445 0.158008 160.776993 -1.000000 -1.000000 0.054085
0 0 0.173033 0.358064 126.319000 -1.000000 -1.000000 0.056997
0 0 0.264365 0.137730 80.850601 -1.000000 -1.000000 0.053393
2 -2 0.172231 0.207986 116.431000 -1.000000 -1.000000 0.057672
2 0 0.274376 0.126138 123.315002 -1.000000 -1.000000 0.077125
0 0 0.194667 0.342941 246.768005 -1.000000 -1.000000 0.049107
2 0 0.353570 0.085934 191.082001 -1.000000 -1.000000 0.053854
0 0 0.082527 0.433187 134.656998 -1.000000 -1.000000 0.060709
1 0 0.134190 0.238420 228.207001 -1.000000 -1.000000 0.036977
0 0 0.163497 0.398918 461.154999 -1.000000 -1.000000 0.011646
0 0 0.270614 0.105325 168.106995 -1.000000 -1.000000 0.042463
2 0 0.237993 0.139547 233.903000 -1.000000 -1.000000 0.057011
0 0 0.180399 0.361800 133.615997 -1.000000 -1.000000 0.033214
0 0 0.211690 0.189079 138.121994 -1.000000 -1.000000 0.047831
-3 0 0.221424 0.150549 73.886703 -1.000000 -1.000000 0.053602
0 0 0.196887 0.114037 57.121700 -1.000000 -1.000000 0.053627
0 0 0.264719 0.140695 87.760498 -1.000000 -1.000000 0.033720
-2 2 0.120915 0.159691 62.956200 -1.000000 -1.000000 0.031842
2 0 0.324985 0.313869 306.574005 -1.000000 -1.000000 0.048937
0 0 0.304517 0.085174 185.076004 -1.000000 -1.000000 0.025553
2 -2 0.361990 0.076540 240.423996 -1.000000 -1.000000 0.059264
0 2 0.241562 0.158642 56.466999 -1.000000 -1.000000 0.063278
0 0 0.099883 0.285332 82.382004 -1.000000 -1.000000 0.027415
2 -2 0.305979 0.061471 24.738800 -1.000000 -1.000000 0.056603
0 0 0.143151 0.247390 40.666401 -1.000000 -1.000000 0.048439
0 0 0.175568 0.138692 151.436996 -1.000000 -1.000000 0.004361
0 0 0.261607 0.158405 227.179001 -1.000000 -1.000000 0.052053
0 0 0.316928 0.136450 473.390991 -1.000000 -1.000000 0.056571
-2 0 0.236305 0.150893 377.511993 -1.000000 -1.000000 0.055414
0 2 0.107241 0.304479 259.049011 -1.000000 -1.000000 0.053305
0 0 0.089130 0.287722 82.666702 -1.000000 -1.000000 0.056257
0 1 0.182034 0.214483 127.123001 -1.000000 -1.000000 0.050610
0 0 0.382629 0.125473 164.983994 -1.000000 -1.000000 0.054061
0 0 0.274428 0.215529 459.691986 -1.000000 -1.000000 0.008238
0 0 0.142882 0.157506 132.960007 -1.000000 -1.000000 0.057828
0 2 0.136352 0.397453 276.221985 -1.000000 -1.000000 0.034920
2 0 0.472209 0.197428 155.964005 -1.000000 -1.000000 0.054751
2 -2 0.430324 0.234385 78.474800 -1.000000 -1.000000 0.077071
0 0 0.340275 0.065905 88.021698 -1.000000 -1.000000 0.078619
4 0 0.093342 0.219500 31.064800 -1.000000 -1.000000 0.002467
0 0 0.210672 0.103694 36.755402 -1.000000 -1.000000 0.049638
