-2 2 0.159450 0.108550 96.391602 -1.000000 -1.000000 0.102853
2 0 0.100377 0.244808 98.047501 -1.000000 -1.000000 0.131935
1 -1 0.235883 0.041405 55.391201 -1.000000 -1.000000 0.021085
1 -1 0.098166 0.170752 59.358501 -1.000000 -1.000000 0.102402
1 -1 0.196506 0.071842 92.833702 -1.000000 -1.000000 0.097494
0 -2 0.147091 0.068879 66.278801 -1.000000 -1.000000 0.030421
2 0 0.075211 0.355604 212.565994 -1.000000 -1.000000 0.117948
2 0 0.281357 0.065607 92.995102 -1.000000 -1.000000 0.006661
2 0 0.124185 0.145311 159.817993 -1.000000 -1.000000 0.050510
0 0 0.089277 0.138965 77.438698 -1.000000 -1.000000 0.104240
2 0 0.134002 0.404358 358.403992 -1.000000 -1.000000 0.098311
0 0 0.228804 0.056468 51.734299 -1.000000 -1.000000 0.040149
2 0 0.289059 0.176824 401.286987 -1.000000 -1.000000 0.135719
