0 0 0.312885 0.027501 125.999962 0.148380 126.493034 0.005514
0 0 0.405255 0.093135 125.998642 0.035939 8.166249 0.027933
0 0 0.088200 0.107417 125.999161 9.539842 5.727996 0.022009
0 0 0.059113 0.146236 126.002045 25.164066 2.456429 0.027254
0 0 0.131088 0.035837 126.000397 3.511489 75.347946 0.026286
2 -2 0.398807 0.021076 125.998283 0.499943 15.784395 0.024170
2 -2 0.267976 0.031325 126.002892 1.339116 8.049184 0.001688
-1 1 0.046928 0.171444 125.984398 4.542695 1.404571 0.022812
0 0 0.222455 0.028597 125.999596 0.630120 118.028870 0.020926
2 -2 0.083179 0.068414 126.001053 6.724999 1.839694 0.026644
