2 -2 0.076613 0.101485 126.002701 7.339244 0.769549 0.030276
2 -2 0.341689 0.059882 126.002670 0.747133 2.391901 0.030531
-2 2 0.053160 0.301573 125.992462 3.034540 1.025349 0.031014
0 0 0.101035 0.058102 125.999924 6.967199 26.422318 0.015106
-2 2 0.028911 0.400848 125.987808 9.269663 0.475623 0.037005
0 0 0.188723 0.035965 125.994835 1.127382 74.339371 0.022786
2 -2 0.349667 0.015068 125.998871 0.738780 27.241541 0.024598
0 0 0.606319 0.011602 125.997635 0.001679 652.561401 0.020831
2 -2 0.223937 0.033388 125.977768 1.859403 7.190777 0.016920
-1 1 0.081360 0.361332 125.999451 1.643467 0.210863 0.003324
1 -1 0.376820 0.038745 126.002464 0.189331 6.271467 0.024750
-1 1 0.315318 0.014857 125.998856 0.028245 38.809631 0.009913
-1 1 0.023639 0.264888 126.134377 13.993411 0.570297 0.001245
0 0 0.125888 0.096893 126.000038 3.806290 7.688249 0.023771
-2 2 0.150148 0.093702 126.001358 0.278934 5.845400 0.012336
0 0 0.179881 0.045185 126.002136 1.269992 45.278912 0.026187
0 0 0.154859 0.079254 125.989342 1.992300 12.336023 0.026524
2 -2 0.413371 0.031930 125.988121 0.423695 7.797110 0.009630
2 -2 0.228773 0.039646 125.975677 1.804142 5.279686 0.027161
-1 1 0.136929 0.193891 125.999451 0.517319 1.068165 0.011862
2 -2 0.449467 0.012615 126.003769 0.328066 36.387039 0.021978
2 -2 0.327116 0.023409 126.012817 0.859684 13.272840 0.001336
-2 2 0.042800 0.114902 126.004433 4.589879 4.688937 0.023066
0 0 0.036763 0.155783 125.998596 71.152481 2.086524 0.027608
1 -1 0.078583 0.129956 126.031883 4.517909 0.615130 0.025383
0 0 0.312885 0.027501 125.999962 0.148380 126.493034 0.005590
0 0 0.060783 0.121066 125.998779 23.584093 4.216496 0.023431
2 -2 0.171952 0.051274 126.001709 2.786959 3.258639 0.025121
0 0 0.124737 0.064174 125.998322 3.830690 20.641384 0.028556
2 -2 0.273619 0.019018 125.999947 1.305951 18.650425 0.032749
0 0 0.216136 0.060672 126.002930 0.658679 23.275450 0.026738
0 0 0.096129 0.077600 126.000427 7.883460 13.415648 0.011884
1 -1 0.269336 0.037499 126.000313 0.550030 6.621148 0.014894
0 0 0.035875 0.181970 126.064629 74.264397 1.250415 0.025950
2 -2 0.406828 0.009686 126.003403 0.478531 54.592628 0.003525
2 -2 0.421949 0.013998 125.997589 0.413300 30.801306 0.027246
-2 2 0.112720 0.138717 126.008430 0.594212 3.695520 0.024568
-2 2 0.081870 0.109221 126.000160 1.250690 4.946251 0.027475
2 -2 0.351864 0.035824 125.998680 0.694317 6.347163 0.024722
-1 1 0.071779 0.214763 126.002083 2.093501 0.868793 0.022325
2 -2 0.330665 0.032471 126.001427 0.809396 7.570234 0.023446
0 0 0.081967 0.077670 126.004333 11.967869 13.626723 0.015879
0 0 0.040496 0.121264 126.005249 58.438675 4.361383 0.026361
-2 2 0.040137 0.234513 125.998878 5.161680 1.717461 0.025680
3 -3 0.063837 0.088531 126.000717 1.536886 0.760783 0.006894
0 0 0.140470 0.068453 126.000198 2.718746 17.738342 0.025016
0 0 0.219978 0.076649 125.944077 0.611749 13.342420 0.024667
0 0 0.052100 0.153627 126.002052 33.411251 2.119964 0.041133
0 0 0.412115 0.029814 125.997505 0.035064 108.079155 0.023761
-2 2 0.058377 0.199682 125.999580 2.516579 2.206580 0.027056
-1 1 0.066324 0.293815 126.001572 2.454988 0.422880 0.005578
0 0 0.026664 0.161667 125.999573 136.417709 1.887484 0.024272
0 0 0.199836 0.029776 126.001099 0.924001 108.943573 0.027869
-2 2 0.101073 0.079496 126.002029 0.772971 7.040540 0.033191
0 0 0.125686 0.144433 126.003242 3.677682 2.455812 0.025533
2 -2 0.536767 0.028905 125.997688 0.134624 9.311567 0.026284
2 -2 0.264654 0.030073 125.958244 1.401494 8.615178 0.019981
-3 3 0.049264 0.230566 126.000984 2.586058 0.049479 0.024004
-1 1 0.310477 0.026726 126.001778 0.029323 18.067827 0.025844
-2 2 0.017171 0.442731 125.993065 22.316431 0.337082 0.025943
0 0 0.139113 0.099604 125.986771 2.742028 6.908870 0.025631
2 -2 0.384980 0.016392 125.999069 0.561307 23.799683 0.025584
1 -1 0.296631 0.064606 126.004631 0.414053 2.579681 0.014875
2 -2 0.143490 0.166087 126.000473 3.478528 0.206149 0.008316
0 0 0.084438 0.237824 126.000893 10.316145 0.441419 0.005538
2 -2 0.070593 0.169743 126.001076 7.999573 0.198713 0.004917
0 0 0.024945 0.353622 126.001640 154.997070 0.085549 0.014383
0 0 0.030341 0.234366 126.001083 104.517105 0.511444 0.025272
-2 2 0.038008 0.294615 125.998260 5.702026 1.057883 0.028260
2 -2 0.079769 0.123776 125.993797 7.021790 0.473705 0.036877
1 -1 0.268597 0.042877 126.006577 0.537639 5.288265 0.026319
0 0 0.037240 0.246085 125.995361 68.834869 0.425301 0.019492
0 0 0.098178 0.189662 126.009453 7.104934 1.019573 0.024922
2 -2 0.155872 0.056124 125.996529 3.184668 2.730485 0.025537
0 0 0.204799 0.041896 126.000961 0.858758 54.221039 0.001671
2 -2 0.590193 0.014169 126.000977 0.082512 30.572794 0.026323
1 -1 0.204164 0.103246 126.000793 0.967316 1.004496 0.020629
0 0 0.081496 0.053056 125.995987 12.223062 32.876736 0.027048
-2 2 0.053217 0.221124 125.998863 3.022425 1.866605 0.024910
-1 1 0.192079 0.031868 125.994453 0.212987 14.360546 0.026206
-1 1 0.140389 0.233477 126.004379 0.494819 0.738986 0.041927
-2 2 0.036030 0.478064 125.998436 6.281233 0.246770 0.028046
-3 3 0.210383 0.141574 126.000092 0.065677 0.227215 0.025912
2 -2 0.226841 0.031345 126.002045 1.810725 8.047570 0.027796
0 0 0.086285 0.059814 126.001762 10.693750 25.295469 0.026649
-2 2 0.061741 0.065725 126.000252 2.278712 8.676734 0.025617
-1 1 0.032314 0.223459 125.970299 8.461851 0.834894 0.017867
2 -2 0.545007 0.024436 125.999504 0.124864 12.460332 0.034529
1 -1 0.241296 0.025776 126.008865 0.712291 12.186584 0.024543
-2 2 0.056964 0.083473 126.000992 2.666820 6.711481 0.023211
0 0 0.095029 0.199061 125.997650 7.808191 0.875323 0.024332
0 0 0.072228 0.181684 125.983696 15.776865 1.239532 0.028209
2 -2 0.027630 0.280953 126.000427 22.328211 0.037376 0.027459
0 0 0.224165 0.046768 126.002319 0.590675 42.034164 0.025243
0 0 0.112061 0.065164 125.981728 5.236843 20.171669 0.027236
0 0 0.018893 0.233046 125.999733 265.309998 0.551759 0.015227
0 0 0.106165 0.050735 126.001717 6.298180 36.339577 0.025626
0 0 0.109795 0.060183 125.999367 5.532670 24.211653 0.019921
-1 1 0.250571 0.031429 125.998741 0.081973 14.620420 0.034454
3 -3 0.192541 0.060581 125.997475 0.090932 1.705986 0.023125
0 0 0.036529 0.225154 125.996841 71.992043 0.605849 0.028942
0 0 0.066626 0.102077 125.987350 19.154640 6.706902 0.015129
0 0 0.021806 0.311790 126.002411 201.348602 0.159851 0.025418
2 -2 0.237834 0.031792 126.000443 1.699203 7.828220 0.017627
0 0 0.037438 0.125571 125.999443 68.624489 3.926945 0.025061
2 -2 0.420321 0.014394 126.003754 0.416765 29.488188 0.021994
0 0 0.220753 0.059008 126.000015 0.653672 25.663610 0.026088
-1 1 0.025396 0.246783 126.006912 12.438535 0.686267 0.012254
0 0 0.041988 0.112413 126.002548 53.853020 5.295397 0.027521
0 0 0.068154 0.186547 125.999977 17.921850 1.118155 0.011949
-2 2 0.034398 0.243712 126.000313 6.819589 1.602526 0.026996
0 0 0.119483 0.047484 125.980881 4.496163 41.457142 0.026702
2 -2 0.275429 0.017016 125.999008 1.285467 22.408876 0.037695
-2 2 0.041490 0.284364 125.996391 4.858341 1.193362 0.022585
0 0 0.034160 0.283182 125.976639 82.394150 0.241128 0.032272
-1 1 0.126532 0.082505 126.000923 0.653570 4.228307 0.016807
2 -2 0.343257 0.041551 126.000038 0.723877 4.834131 0.007309
-1 1 0.017477 0.441047 126.001831 22.628128 0.100270 0.025784
0 0 0.154506 0.038916 126.007217 2.095411 62.670300 0.006582
0 0 0.036371 0.230473 125.998505 72.112083 0.543115 0.012288
2 -2 0.186637 0.057242 125.996994 2.450914 2.618127 0.038057
0 0 0.036925 0.143471 125.998405 70.273216 2.648138 0.037824
0 0 0.114046 0.092490 125.999435 4.845598 8.419822 0.023761
-1 1 0.123255 0.221716 125.983795 0.678343 0.823408 0.005943
0 0 0.055730 0.460439 125.956642 28.049261 0.015937 0.021226
1 -1 0.067496 0.073787 125.999092 5.537978 2.040510 0.024877
0 0 0.139254 0.061197 126.001160 2.842154 23.284557 0.029622
0 0 0.101291 0.043007 125.973602 7.026398 51.419132 0.024031
0 0 0.405255 0.093135 125.998642 0.035939 8.166249 0.028125
2 -2 0.079095 0.051489 126.008652 7.120509 3.248021 0.024239
-2 2 0.081305 0.078840 126.001251 1.273841 7.121397 0.024970
-1 1 0.063196 0.173233 126.003113 2.700069 1.381184 0.004082
0 0 0.023995 0.220774 125.994263 166.830368 0.647806 0.023637
0 0 0.015522 0.307178 125.988708 382.621521 0.172305 0.027971
0 0 0.090878 0.132524 126.001198 8.738598 3.153022 0.026767
-2 2 0.034309 0.205327 126.002213 6.838491 2.182780 0.024997
0 0 0.088200 0.107417 125.999161 9.539842 5.727996 0.022741
0 0 0.050969 0.140746 125.999756 34.846756 2.723709 0.026536
1 -1 0.043620 0.099480 126.002266 9.646734 1.131466 0.022922
0 0 0.125373 0.086400 125.999733 3.741430 10.032883 0.023677
0 0 0.113065 0.084726 125.996323 4.984809 10.546527 0.024995
0 0 0.199359 0.067468 126.001686 0.890229 18.334145 0.028083
2 -2 0.320857 0.020308 126.004494 0.901934 16.842726 0.024733
0 0 0.087564 0.131220 125.996101 9.891145 3.366575 0.015445
-2 2 0.115802 0.098629 126.007126 0.555101 5.536822 0.024951
-2 2 0.031635 0.301736 125.996277 7.922039 1.024536 0.015597
2 -2 0.099162 0.096378 126.000282 5.496743 0.859334 0.030511
-5 5 0.179974 0.061742 126.003609 0.029551 0.674136 0.025105
0 0 0.192620 0.039993 125.998581 1.024687 59.007030 0.027116
0 0 0.102039 0.070195 126.007011 6.857547 17.248144 0.027083
-2 2 0.142524 0.096182 125.997688 0.320758 5.671211 0.027914
0 0 0.053212 0.119313 126.003967 32.301746 4.500655 0.015158
1 -1 0.082751 0.091077 125.994751 4.234352 1.353626 0.024123
0 0 0.054499 0.128422 126.001122 30.681267 3.677224 0.016075
-2 2 0.020137 0.387043 125.998444 17.159586 0.530357 0.027402
0 0 0.023271 0.229084 126.001320 177.418976 0.572098 0.025372
1 -1 0.272747 0.035661 126.003082 0.519471 7.199074 0.026054
0 0 0.035190 0.293605 125.918869 76.684113 0.197949 0.003249
-2 2 0.059658 0.075498 126.001205 2.437560 7.483202 0.026491
0 0 0.087586 0.105220 125.999382 9.936615 6.208188 0.017502
0 0 0.110269 0.087305 126.011787 5.437469 9.946919 0.023685
-2 2 0.011723 0.688396 126.000717 41.061913 0.026256 0.026841
0 0 0.032917 0.167505 126.005486 88.939079 1.653557 0.031195
0 0 0.093283 0.091011 125.996010 8.458426 9.002500 0.026872
0 0 0.190423 0.023804 126.000023 1.127607 170.634552 0.031635
0 0 0.076245 0.108282 125.997086 13.996989 5.777413 0.023671
-2 2 0.018439 0.288629 125.973824 19.689911 1.157894 0.025561
2 -2 0.587069 0.020337 126.008453 0.083505 16.943991 0.024514
-2 2 0.010594 0.492512 125.996513 47.868652 0.227156 0.026870
1 -1 0.179320 0.103300 126.031685 1.286848 1.030334 0.039423
0 0 0.214619 0.049871 125.983475 0.686267 36.389385 0.026582
0 0 0.062854 0.093611 126.000366 22.281910 8.561510 0.024972
0 0 0.042146 0.180660 126.003410 52.627285 1.258026 0.019526
0 0 0.128823 0.060080 126.102760 3.701977 24.905739 0.001121
1 -1 0.225507 0.062994 125.997604 0.821497 2.711553 0.001238
-2 2 0.045086 0.508375 125.999977 4.145465 0.176595 0.028958
0 0 0.254759 0.067320 125.999657 0.344678 18.102148 0.027816
0 0 0.089296 0.135827 125.998505 9.348908 3.021615 0.001088
0 0 0.027481 0.206608 126.001106 127.437241 0.813509 0.025656
0 0 0.066016 0.228209 125.994385 19.237776 0.544065 0.034117
2 -2 0.221636 0.064183 126.011772 1.840991 2.069082 0.021206
0 0 0.019464 0.494448 126.000076 250.203079 0.010763 0.022989
0 0 0.058111 0.200291 125.992607 25.592113 0.858462 0.027890
-5 5 0.056933 0.115838 126.003510 0.789717 0.123125 0.030872
0 0 0.204859 0.042632 125.997337 0.821965 51.404423 0.014950
2 -2 0.234182 0.041625 125.996735 1.709216 4.826232 0.003970
0 0 0.080736 0.120907 125.998596 12.170307 4.274640 0.025840
1 -1 0.264001 0.099727 126.002159 0.572208 1.114683 0.028546
-2 2 0.030748 0.435876 126.000572 8.310014 0.366025 0.018242
2 -2 0.152416 0.077328 126.001839 3.259890 1.405304 0.021455
0 0 0.127198 0.155333 126.000137 3.429950 1.893763 0.040352
0 0 0.443215 0.156552 125.999107 0.021518 1.967880 0.025066
2 -2 0.505130 0.073207 125.998039 0.176387 1.554927 0.023816
-2 2 0.054659 0.395572 126.000893 2.863020 0.482607 0.023792
2 -2 0.283522 0.051772 126.000603 1.176116 3.194916 0.023043
-2 2 0.030549 0.242418 125.998772 8.420271 1.607011 0.027789
2 -2 0.116883 0.053203 126.003700 4.597658 3.044451 0.027474
-2 2 0.013592 0.415825 125.990234 32.250542 0.436257 0.004852
0 0 0.059113 0.146236 126.002045 25.164066 2.456429 0.027634
0 0 0.274440 0.075524 125.999916 0.267764 14.177554 0.026393
0 0 0.274927 0.023082 125.998917 0.269920 179.389801 0.002855
-2 2 0.072458 0.180671 126.003059 1.637916 2.637295 0.041117
0 0 0.338912 0.038583 126.003868 0.104978 64.134567 0.026696
-2 2 0.018739 0.294930 126.000267 19.104853 1.115796 0.027031
0 0 0.063730 0.123857 125.995560 21.405470 4.025911 0.017432
0 0 0.480150 0.018689 125.995155 0.012182 267.794678 0.022635
0 0 0.257647 0.049243 125.999153 0.338689 37.294178 0.017630
-2 2 0.080180 0.094914 125.999504 1.315824 5.818440 0.025270
2 -2 0.180884 0.032468 126.000244 2.626156 7.543406 0.022421
-2 2 0.033572 0.201658 126.000961 7.106182 2.243374 0.034951
0 0 0.153848 0.060755 125.996460 2.171100 24.064556 0.029774
0 0 0.050406 0.087954 125.989594 36.762295 10.135934 0.027165
0 0 0.171181 0.157903 125.991173 1.357056 1.755300 0.026707
2 -2 0.575123 0.008779 125.999390 0.103443 64.097404 0.024336
-2 2 0.193978 0.065739 125.999077 0.131704 8.631866 0.022626
-2 2 0.091980 0.146542 125.998680 0.953308 3.421515 0.014704
2 -2 0.109274 0.130995 126.000847 4.899849 0.401776 0.027846
2 -2 0.267539 0.033511 126.000504 1.329758 7.147862 0.022714
0 0 0.185640 0.048927 126.015152 1.137937 37.972984 0.008178
0 0 0.092684 0.108985 125.998466 8.560981 5.613972 0.025614
0 0 0.152043 0.042720 125.993919 2.201622 51.491924 0.022713
0 0 0.159705 0.032687 125.997322 1.925246 90.329521 0.025081
0 0 0.380943 0.027178 125.998322 0.052468 128.609665 0.025260
2 -2 0.084473 0.172995 125.997673 6.572039 0.187494 0.030687
0 0 0.174120 0.045565 126.001617 1.483578 45.457748 0.015634
2 -2 0.507114 0.019663 125.992165 0.191272 17.823406 0.025164
2 -2 0.152360 0.043184 126.001335 3.322369 4.515659 0.025855
0 0 0.130882 0.035972 125.997803 3.496252 74.504990 0.030586
2 -2 0.464807 0.032274 126.003082 0.278355 7.643407 0.029260
-1 1 0.120097 0.055250 126.000687 0.738908 7.135703 0.025292
2 -2 0.140739 0.042106 125.981720 3.678179 4.730299 0.003694
0 0 0.116469 0.108838 125.994659 4.513524 5.429690 0.016924
-1 1 0.143635 0.036556 126.002647 0.488085 12.057599 0.022622
0 0 0.064479 0.064366 126.004990 21.213341 21.298746 0.023584
2 -2 0.121427 0.090547 125.993393 4.327465 0.987350 0.023691
1 -1 0.127344 0.114686 126.001350 2.243723 0.804499 0.017377
1 -1 0.318467 0.078540 125.998734 0.311883 1.743901 0.015135
-1 1 0.063178 0.116423 126.000656 2.704944 2.624831 0.016503
-1 1 0.073852 0.104389 126.000114 2.038601 3.087186 0.028040
0 0 0.165010 0.040293 126.000252 1.710928 58.260731 0.021107
0 0 0.135039 0.119960 125.999519 3.020085 4.225892 0.030362
0 0 0.159107 0.044342 125.998375 2.002354 48.533775 0.022806
0 0 0.031563 0.280611 126.002449 96.321327 0.245408 0.001567
0 0 0.019392 0.341451 126.000801 251.747391 0.102522 0.024831
0 0 0.082447 0.159324 125.983170 11.195440 1.823734 0.039808
0 0 0.115885 0.060506 126.079315 4.804136 23.998989 0.031682
0 0 0.116224 0.065639 125.999100 4.779809 19.942259 0.042235
-1 1 0.074203 0.128024 126.001915 1.986921 2.235526 0.007409
-1 1 0.042202 0.228657 125.996574 5.429773 0.780035 0.022516
-2 2 0.036295 0.605679 125.998497 6.200050 0.068709 0.025717
-2 2 0.050172 0.351562 126.001152 3.378034 0.675792 0.042936
0 0 0.207570 0.117915 126.061737 0.705973 4.167749 0.005543
0 0 0.202529 0.035670 125.993965 0.859965 74.852234 0.025061
2 -2 0.258825 0.082424 125.999458 1.398458 1.220171 0.021567
-2 2 0.127226 0.162121 126.000038 0.434973 2.991102 0.029596
0 0 0.053777 0.137372 125.994270 31.070087 2.943865 0.014766
2 -2 0.095890 0.236807 125.984421 5.653756 0.065911 0.025155
2 -2 0.274291 0.029646 125.999435 1.278856 8.858462 0.023254
1 -1 0.177457 0.033064 126.001137 1.319736 8.144002 0.023264
0 0 0.169550 0.030347 126.000854 1.600851 105.076607 0.024898
-2 2 0.070569 0.093154 126.004883 1.719679 5.925922 0.041991
0 0 0.100238 0.055512 125.998558 7.107437 29.252823 0.027813
0 0 0.174344 0.038681 126.000130 1.461755 63.930428 0.028833
0 0 0.112480 0.058731 126.001076 5.286516 25.924410 0.024557
0 0 0.131088 0.035837 126.000397 3.511489 75.347946 0.026804
0 0 0.276410 0.021579 126.005264 0.265459 204.695312 0.002063
2 -2 0.068739 0.501704 126.001694 8.176064 0.001328 0.030710
2 -2 0.561096 0.013250 125.911217 0.117030 33.679386 0.025758
1 -1 0.135783 0.266754 126.014687 2.002996 0.057050 0.026315
-2 2 0.083292 0.110540 126.002930 1.211154 4.897963 0.019763
0 0 0.139244 0.066693 125.995651 2.928848 19.465731 0.008691
0 0 0.085494 0.214854 125.998505 10.132071 0.659692 0.010898
-1 1 0.046144 0.115428 125.998711 4.682902 2.674899 0.011467
0 0 0.083866 0.100660 126.001205 11.129210 7.011552 0.020398
2 -2 0.398807 0.021076 125.998283 0.499943 15.784395 0.024052
2 -2 0.194134 0.068519 125.986771 2.278199 1.804015 0.032708
0 0 0.181502 0.082029 125.997284 1.237301 11.564862 0.012357
0 0 0.137230 0.180137 126.002625 2.809577 1.205852 0.013349
-1 1 0.161678 0.098421 125.998657 0.339814 3.285756 0.026942
0 0 0.062397 0.076427 126.004669 22.993509 14.341330 0.026408
-1 1 0.060131 0.135473 125.992897 2.940675 2.062234 0.023287
0 0 0.110530 0.063241 125.999985 5.395282 21.510492 0.031023
0 0 0.135598 0.104379 126.005684 3.007380 6.202093 0.001259
0 0 0.209716 0.072655 126.013939 0.733552 15.261971 0.025847
0 0 0.070921 0.089802 126.000580 16.591240 9.339596 0.031945
1 -1 0.233622 0.054574 125.994049 0.763613 3.501551 0.029393
0 0 0.183995 0.147736 126.000008 1.204207 2.400632 0.013544
0 0 0.201213 0.041030 125.996605 0.879905 55.853367 0.024372
-1 1 0.108555 0.042989 125.997917 0.943060 9.825533 0.022150
0 0 0.027813 0.227111 126.001205 125.693474 0.603276 0.026190
0 0 0.129846 0.130543 126.000061 3.340754 3.289914 0.007534
-1 1 0.033559 0.220346 126.000801 7.957017 0.853207 0.034139
0 0 0.313237 0.037731 126.001930 0.147606 66.428802 0.023130
2 -2 0.515560 0.018509 125.999977 0.173886 19.759060 0.002954
-1 1 0.085126 0.085288 126.021461 1.542184 4.054627 0.031306
0 0 0.099032 0.081916 126.001511 7.197008 11.618849 0.024977
0 0 0.099726 0.065080 126.004738 7.148655 20.277473 0.024882
0 0 0.037820 0.217998 126.005066 66.575439 0.668964 0.025759
0 0 0.221617 0.056030 126.096664 0.616471 28.223539 0.024436
-2 2 0.035006 0.228820 125.977898 6.615350 1.768024 0.023486
0 0 0.124155 0.066728 126.000504 3.876879 18.830147 0.024734
-1 1 0.077218 0.071956 125.997139 1.876183 5.103112 0.027322
1 -1 0.224194 0.042351 126.000519 0.819356 5.399580 0.027707
0 0 0.286933 0.045484 125.995682 0.206582 43.686588 0.023083
0 0 0.074886 0.138165 125.998787 14.548100 2.915060 0.022890
0 0 0.061679 0.240737 126.006874 22.914625 0.459430 0.025961
-2 2 0.071563 0.075925 125.998909 1.679426 7.429105 0.004720
-4 4 0.037757 0.183997 126.000259 3.044012 0.048119 0.038330
2 -2 0.157989 0.039569 126.000618 3.151126 5.298435 0.028618
0 0 0.117173 0.080857 125.999237 4.667940 12.144997 0.027943
0 0 0.133612 0.078622 125.999649 3.171911 12.817093 0.023068
-1 1 0.083797 0.133039 126.000404 1.586828 2.133865 0.024712
-2 2 0.033530 0.184393 126.009056 7.126460 2.555129 0.021084
-2 2 0.228137 0.025703 125.996170 0.081962 24.124510 0.026339
2 -2 0.088516 0.139729 125.997757 6.244923 0.341910 0.024077
0 0 0.167657 0.088200 125.999840 1.622668 9.758996 0.021984
0 0 0.165003 0.111677 126.000877 1.651092 5.151144 0.007184
-4 4 0.146810 0.122052 125.997536 0.101623 0.179273 0.026635
2 -2 0.267976 0.031325 126.002892 1.339116 8.049184 0.001720
-1 1 0.026658 0.257858 126.003799 11.534472 0.611577 0.027646
1 -1 0.250544 0.029961 125.983665 0.640378 9.583961 0.009412
1 -1 0.357739 0.020697 126.002769 0.231295 17.386343 0.035534
2 -2 0.614897 0.010710 126.008659 0.064742 47.496975 0.022965
-2 2 0.038277 0.162862 125.999390 5.627542 3.053929 0.008912
0 0 0.252544 0.043214 126.002312 0.371916 49.753723 0.023340
0 0 0.044657 0.224059 125.991638 45.990883 0.576853 0.027144
0 0 0.116278 0.116766 125.998985 4.696733 4.643342 0.030992
2 -2 0.273594 0.015490 126.002144 1.315700 25.953053 0.023217
2 -2 0.163609 0.078545 125.999870 2.978053 1.363989 0.034683
0 0 0.123473 0.055800 125.972816 4.048105 28.854422 0.022978
0 0 0.132478 0.051134 125.998543 3.367282 35.303997 0.025238
-2 2 0.022606 0.263886 126.000504 14.060090 1.386019 0.008750
-2 2 0.097477 0.072852 126.006157 0.841051 7.740438 0.023357
-2 2 0.066645 0.090110 126.000443 1.942870 6.164165 0.014627
-2 2 0.134716 0.112593 126.003899 0.372739 4.726880 0.027567
0 0 0.035546 0.216947 125.998108 75.608414 0.679358 0.024579
0 0 0.039625 0.141598 125.997253 60.686829 2.758001 0.023448
0 0 0.028180 0.247841 126.000969 121.328323 0.415178 0.027269
0 0 0.056575 0.116853 125.996948 28.255373 4.785856 0.024904
0 0 0.163073 0.046235 126.000587 1.786832 43.618279 0.027587
-1 1 0.046928 0.171444 125.984398 4.542695 1.404571 0.022701
-2 2 0.085327 0.112292 126.004158 1.151702 4.819920 0.025394
-2 2 0.021228 0.470147 126.003494 15.575994 0.277865 0.021886
2 -2 0.249237 0.019497 125.999634 1.561993 17.917124 0.024768
2 -2 0.289949 0.036160 126.001343 1.102805 6.242658 0.027464
0 0 0.052302 0.197529 125.997963 33.606533 0.970092 0.037048
0 0 0.138688 0.047474 126.000107 2.880859 40.963306 0.026315
0 0 0.327644 0.026481 126.001068 0.120659 136.782578 0.025702
2 -2 0.225188 0.118918 126.004898 1.814832 0.518147 0.027986
-2 2 0.031083 0.325895 126.001808 8.177662 0.846500 0.024580
0 0 0.211448 0.049427 126.000122 0.722524 37.075253 0.024512
-2 2 0.131233 0.134038 125.995827 0.397530 3.814614 0.023637
0 0 0.060121 0.088999 126.010628 24.694649 9.743771 0.016454
0 0 0.076471 0.099247 126.012367 14.215541 7.453384 0.027214
0 0 0.014382 0.464545 126.000420 440.871857 0.017264 0.027584
-1 1 0.076953 0.159641 125.998276 1.859615 1.570259 0.033457
-1 1 0.208718 0.041077 125.993988 0.158768 10.406735 0.024830
-1 1 0.053092 0.373961 125.999100 3.629406 0.182463 0.011872
0 0 0.072648 0.093850 126.000786 15.663931 8.349494 0.030083
2 -2 0.267395 0.147800 126.004105 1.248791 0.280493 0.027400
2 -2 0.166072 0.048620 125.999023 2.969994 3.618641 0.006990
2 -2 0.128820 0.075704 125.999062 4.078598 1.484419 0.028000
-1 1 0.013745 0.349843 125.999733 32.758640 0.258879 0.023996
0 0 0.156373 0.121139 125.999397 1.862617 3.954054 0.026076
1 -1 0.163906 0.065975 125.999702 1.505282 2.485101 0.030315
0 0 0.047363 0.227600 126.001320 40.765488 0.554059 0.027288
-2 2 0.031616 0.148229 126.000801 7.904426 3.443745 0.028697
0 0 0.179711 0.063476 126.043877 1.294013 21.425207 0.040546
-2 2 0.028490 0.634197 126.006729 9.557330 0.046164 0.024604
0 0 0.222455 0.028597 125.999596 0.630120 118.028870 0.021153
1 -1 0.080320 0.153810 125.981628 4.357618 0.392221 0.022660
-1 1 0.036228 0.385613 125.991447 7.017063 0.170390 0.025777
-1 1 0.261285 0.082293 126.003296 0.065495 4.219952 0.026055
0 0 0.063375 0.124597 126.011337 21.499056 3.909009 0.014299
-2 2 0.183199 0.141744 125.999756 0.155875 3.554746 0.024897
0 0 0.165531 0.038907 125.960083 1.684816 62.582317 0.025967
-2 2 0.020609 0.300383 125.999542 16.357506 1.068697 0.022154
-2 2 0.089890 0.187976 126.001755 1.001863 2.407365 0.026557
0 0 0.025673 0.204840 125.858627 146.177124 0.844835 0.024344
0 0 0.125504 0.183775 125.997383 3.502110 1.080058 0.001299
2 -2 0.354522 0.016578 125.998383 0.706435 23.419676 0.028031
0 0 0.071489 0.186845 126.001343 15.734841 1.080258 0.028059
-1 1 0.032371 0.400193 126.000992 8.460016 0.145364 0.025093
0 0 0.108998 0.048010 126.000221 5.771397 40.514668 0.027722
2 -2 0.074378 0.074654 126.000381 7.593507 1.535318 0.025519
0 0 0.025548 0.220979 126.001648 147.815109 0.648890 0.024583
-2 2 0.040519 0.343296 125.999916 5.064848 0.723403 0.007612
0 0 0.156542 0.074520 125.989075 1.926149 14.320794 0.016752
0 0 0.023925 0.231296 125.997787 168.423264 0.556591 0.022953
0 0 0.064392 0.154390 125.984703 20.485647 2.051553 0.022289
-2 2 0.077680 0.184198 126.002762 1.393120 2.505149 0.026330
1 -1 0.217680 0.033631 126.001732 0.876159 7.928621 0.024338
2 -2 0.207728 0.048849 126.001610 2.062525 3.563398 0.025580
-2 2 0.511797 0.019018 125.999802 0.001311 34.519569 0.028828
1 -1 0.099748 0.084063 125.997116 3.247110 1.568591 0.019451
-2 2 0.026514 0.210713 126.000931 10.688339 2.098233 0.022742
2 -2 0.446074 0.021988 126.002480 0.331497 14.763513 0.015051
0 0 0.098167 0.147539 125.998604 7.395183 2.388363 0.015082
0 0 0.030222 0.149701 126.001068 106.502815 2.390625 0.017008
0 0 0.111855 0.055479 126.000175 5.267638 29.098368 0.036867
-1 1 0.171359 0.064869 125.994797 0.290802 5.786486 0.027218
0 0 0.070486 0.114978 125.978813 16.586195 4.803610 0.034170
0 0 0.052996 0.216266 125.997849 31.940615 0.672376 0.024946
-1 1 0.018427 0.403403 125.997337 20.653376 0.153776 0.027162
2 -2 0.093511 0.083985 125.987907 5.887174 1.179040 0.001182
0 0 0.037155 0.148997 126.002060 70.255806 2.444478 0.007519
0 0 0.034919 0.149904 126.003067 79.062569 2.345571 0.024967
0 0 0.087456 0.220606 126.001007 9.822596 0.623874 0.027624
0 0 0.060057 0.108166 126.000946 24.774782 5.911801 0.005633
2 -2 0.175863 0.040257 125.995750 2.707877 5.133562 0.019973
1 -1 0.171269 0.121699 126.000641 1.360462 0.695893 0.023917
0 0 0.156889 0.189944 126.003319 1.824114 0.979079 0.026484
1 -1 0.210831 0.078932 125.992050 0.949615 1.784967 0.035768
2 -2 0.275641 0.029329 126.002541 1.269818 9.020547 0.023846
2 -2 0.234190 0.066068 126.000580 1.704630 1.963109 0.005606
1 -1 0.137821 0.074706 126.001106 2.005199 1.970512 0.027749
-2 2 0.092807 0.165342 125.997269 0.925521 2.879164 0.024718
0 0 0.044407 0.186605 126.003677 47.350021 1.144351 0.043006
2 -2 0.414430 0.045670 125.999268 0.397158 4.038200 0.002877
2 -2 0.168828 0.043776 125.999840 2.873839 4.400372 0.024145
0 0 0.107548 0.050785 126.003212 6.000124 35.942604 0.022348
2 -2 0.118353 0.241132 125.996140 4.472468 0.064461 0.031057
0 0 0.062180 0.147417 125.994049 22.792250 2.461278 0.024178
0 0 0.162757 0.046477 126.094673 1.803331 43.190491 0.031271
2 -2 0.247869 0.024108 125.999611 1.587180 12.558915 0.024690
2 -2 0.062445 0.103896 126.000526 9.156427 0.735761 0.028361
2 -2 0.357665 0.022826 125.995972 0.665347 13.912317 0.037096
0 0 0.102347 0.141903 126.005722 6.304866 2.524816 0.002862
0 0 0.071397 0.061056 125.998772 16.724161 23.987625 0.021708
-2 2 0.016720 0.259784 125.999138 23.017632 1.448450 0.033809
0 0 0.124847 0.049006 126.002289 3.931114 38.450863 0.037530
0 0 0.043136 0.143381 126.032875 51.087769 2.695834 0.019665
-1 1 0.107049 0.183074 125.999321 0.946947 1.227300 0.019775
0 0 0.128977 0.076786 125.999649 3.564121 13.732585 0.026565
0 0 0.165634 0.077876 125.989395 1.653001 13.076299 0.022980
0 0 0.062098 0.109290 125.999039 22.555511 5.604847 0.023973
0 0 0.027535 0.280789 126.003006 127.742790 0.255151 0.031884
1 -1 0.144445 0.103162 125.997818 1.848051 1.023621 0.026604
2 -2 0.194077 0.020816 125.999458 2.386119 16.031460 0.024301
2 -2 0.094052 0.088391 126.001602 5.873600 1.060445 0.023268
0 0 0.033380 0.260743 125.990051 85.350815 0.326598 0.028504
0 0 0.151088 0.030916 126.001205 2.346047 102.067818 0.026656
0 0 0.062811 0.168862 126.001587 21.473749 1.522776 0.027540
0 0 0.086607 0.063120 125.993858 10.541222 22.308405 0.026634
0 0 0.064614 0.078137 126.002350 21.007677 13.443907 0.025407
1 -1 0.389926 0.069151 126.008049 0.158355 2.249061 0.023785
1 -1 0.069764 0.087779 125.999184 5.283345 1.446958 0.022159
2 -2 0.246904 0.041779 126.024765 1.558367 4.794342 0.026570
-2 2 0.041330 0.276066 126.001579 4.891618 1.258699 0.037792
0 0 0.147957 0.083668 125.989319 2.341692 10.982412 0.024742
1 -1 0.058602 0.153425 126.000092 6.620008 0.403430 0.014598
0 0 0.303000 0.016818 125.998642 0.184670 330.016235 0.015506
1 -1 0.385591 0.024058 126.015930 0.177453 13.637313 0.026142
0 0 0.302027 0.033714 126.009933 0.169184 83.051689 0.023243
-1 1 0.080573 0.244759 125.997063 1.668611 0.644673 0.002951
2 -2 0.262907 0.039438 125.999222 1.379641 5.329859 0.033558
0 0 0.090744 0.143518 125.999069 8.804819 2.507661 0.027233
0 0 0.169307 0.029935 125.999626 1.639033 108.575729 0.024196
2 -2 0.083179 0.068414 126.001053 6.724999 1.839694 0.027530
0 0 0.077839 0.136032 125.998909 13.037385 2.982641 0.025140
0 0 0.177987 0.106383 126.001137 1.238480 5.670715 0.025843
0 0 0.338502 0.020962 125.996811 0.101791 215.757187 0.017692
0 0 0.176186 0.081794 125.998978 1.296944 11.258555 0.025528
0 0 0.050562 0.124798 126.002861 35.824615 3.916571 0.027329
0 0 0.092037 0.169441 125.948822 8.529206 1.510902 0.012281
0 0 0.058688 0.132071 126.002380 25.798828 3.354713 0.024897
-2 2 0.048831 0.165289 125.999969 3.589918 2.992973 0.025807
2 -2 0.352746 0.024527 126.001602 0.720383 12.223891 0.024811
2 -2 0.087673 0.069765 125.998970 6.352384 1.768233 0.022281
2 -2 0.134778 0.049079 126.000877 3.862350 3.548425 0.025796
1 -1 0.092467 0.100635 125.999603 3.594676 1.078374 0.034526
0 0 0.119121 0.077708 126.001259 4.469813 13.387674 0.024910
0 0 0.025389 0.406118 125.998466 148.255508 0.037407 0.027038
0 0 0.115260 0.058705 125.999908 4.941005 25.921206 0.027103
2 -2 0.574328 0.014089 126.000496 0.098833 30.768154 0.031732
2 -2 0.430438 0.053028 126.002464 0.357455 3.034667 0.041549
0 0 0.360088 0.028112 126.008034 0.073875 121.089371 0.039490
0 0 0.138077 0.053442 125.994331 2.994273 32.078773 0.029004
