1 -1 0.118673 0.020845 174.300003 -1.000000 -1.000000 0.053990
0 0 0.043179 0.123164 174.300003 -1.000000 -1.000000 0.052266
0 0 0.042393 0.119629 174.300003 -1.000000 -1.000000 0.045487
0 0 0.089582 0.033407 174.300003 -1.000000 -1.000000 0.079758
0 0 0.064088 0.046143 174.300003 -1.000000 -1.000000 0.053309
0 0 0.140781 0.016631 174.300003 -1.000000 -1.000000 0.061857
0 0 0.092664 0.049346 174.300003 -1.000000 -1.000000 0.071957
0 0 0.040637 0.116762 174.300003 -1.000000 -1.000000 0.046322
0 0 0.137180 0.039439 174.300003 -1.000000 -1.000000 0.047192
0 0 0.053947 0.100881 174.300003 -1.000000 -1.000000 0.067406
0 0 0.051276 0.154433 174.300003 -1.000000 -1.000000 0.062022
-2 2 0.049476 0.199711 174.300003 -1.000000 -1.000000 0.052911
-2 2 0.017852 0.302283 174.300003 -1.000000 -1.000000 0.052027
0 0 0.040388 0.062653 174.300003 -1.000000 -1.000000 0.058449
2 -2 0.141486 0.097702 174.300003 -1.000000 -1.000000 0.026842
-2 2 0.069162 0.078000 174.300003 -1.000000 -1.000000 0.055226
0 0 0.014986 0.187507 174.300003 -1.000000 -1.000000 0.064049
-2 2 0.085233 0.032499 174.300003 -1.000000 -1.000000 0.060458
0 0 0.080090 0.024716 174.300003 -1.000000 -1.000000 0.064249
0 0 0.326853 0.008706 174.300003 -1.000000 -1.000000 0.053417
-2 2 0.094820 0.035470 174.300003 -1.000000 -1.000000 0.051864
0 0 0.052065 0.086095 174.300003 -1.000000 -1.000000 0.055478
0 0 0.119103 0.063463 174.300003 -1.000000 -1.000000 0.041081
0 0 0.154762 0.054196 174.300003 -1.000000 -1.000000 0.042231
-2 2 0.096906 0.171216 174.300003 -1.000000 -1.000000 0.053750
0 0 0.121245 0.030552 174.300003 -1.000000 -1.000000 0.056057
2 -2 0.019832 0.172154 174.300003 -1.000000 -1.000000 0.056637
0 0 0.043409 0.202516 174.300003 -1.000000 -1.000000 0.060110
0 0 0.129407 0.039810 174.300003 -1.000000 -1.000000 0.058596
0 0 0.307541 0.023723 174.300003 -1.000000 -1.000000 0.061507
-2 2 0.126721 0.051875 174.300003 -1.000000 -1.000000 0.051920
0 0 0.131359 0.078769 174.300003 -1.000000 -1.000000 0.077827
-2 2 0.030805 0.208502 174.300003 -1.000000 -1.000000 0.044626
0 0 0.023532 0.126993 174.300003 -1.000000 -1.000000 0.053434
0 0 0.026030 0.100226 174.300003 -1.000000 -1.000000 0.055825
-2 2 0.027766 0.325866 174.300003 -1.000000 -1.000000 0.088020
0 0 0.096955 0.044304 174.300003 -1.000000 -1.000000 0.051925
0 0 0.111155 0.069232 174.300003 -1.000000 -1.000000 0.050603
-2 2 0.351705 0.068929 174.300003 -1.000000 -1.000000 0.058350
0 0 0.087850 0.081216 174.300003 -1.000000 -1.000000 0.050820
0 0 0.021992 0.255239 174.300003 -1.000000 -1.000000 0.058921
-1 1 0.057276 0.274197 174.300003 -1.000000 -1.000000 0.087370
0 0 0.121488 0.163788 174.300003 -1.000000 -1.000000 0.048625
-1 1 0.056203 0.076453 174.300003 -1.000000 -1.000000 0.057691
0 0 0.096028 0.031718 174.300003 -1.000000 -1.000000 0.049429
0 0 0.132217 0.069653 174.300003 -1.000000 -1.000000 0.050596
2 -2 0.182220 0.036489 174.300003 -1.000000 -1.000000 0.052895
0 0 0.060054 0.080154 174.300003 -1.000000 -1.000000 0.057873
0 0 0.030198 0.100875 174.300003 -1.000000 -1.000000 0.060798
0 0 0.067833 0.067049 174.300003 -1.000000 -1.000000 0.081001
-2 2 0.110326 0.079770 174.300003 -1.000000 -1.000000 0.060854
0 0 0.052263 0.105310 174.300003 -1.000000 -1.000000 0.048578
0 0 0.066477 0.055197 174.300003 -1.000000 -1.000000 0.051931
2 -2 0.031888 0.106882 174.300003 -1.000000 -1.000000 0.056328
0 0 0.166481 0.100099 174.300003 -1.000000 -1.000000 0.089876
0 0 0.041381 0.099917 174.300003 -1.000000 -1.000000 0.052638
2 -2 0.167817 0.034669 174.300003 -1.000000 -1.000000 0.089936
-2 2 0.339294 0.078668 174.300003 -1.000000 -1.000000 0.055347
0 0 0.089273 0.054576 174.300003 -1.000000 -1.000000 0.052894
0 0 0.290781 0.021293 174.300003 -1.000000 -1.000000 0.011978
0 0 0.088487 0.026468 174.300003 -1.000000 -1.000000 0.050892
0 0 0.062995 0.150151 174.300003 -1.000000 -1.000000 0.037130
0 0 0.196153 0.026751 174.300003 -1.000000 -1.000000 0.028025
0 0 0.056027 0.056087 174.300003 -1.000000 -1.000000 0.050527
0 0 0.032326 0.171532 174.300003 -1.000000 -1.000000 0.058547
0 0 0.081957 0.052657 174.300003 -1.000000 -1.000000 0.069842
-2 2 0.042756 0.138716 174.300003 -1.000000 -1.000000 0.048138
0 0 0.103673 0.029754 174.300003 -1.000000 -1.000000 0.055287
0 0 0.053309 0.320976 174.300003 -1.000000 -1.000000 0.044633
-2 2 0.039949 0.208486 174.300003 -1.000000 -1.000000 0.048446
0 0 0.220180 0.035549 174.300003 -1.000000 -1.000000 0.030138
2 -2 0.131037 0.028236 174.300003 -1.000000 -1.000000 0.053480
0 0 0.068599 0.152527 174.300003 -1.000000 -1.000000 0.078901
-2 2 0.022684 0.257712 174.300003 -1.000000 -1.000000 0.025446
0 0 0.076629 0.156497 174.300003 -1.000000 -1.000000 0.049909
2 -2 0.145495 0.047462 174.300003 -1.000000 -1.000000 0.089446
0 0 0.068772 0.032545 174.300003 -1.000000 -1.000000 0.058836
0 0 0.084806 0.072148 174.300003 -1.000000 -1.000000 0.067051
0 0 0.081087 0.058487 174.300003 -1.000000 -1.000000 0.052006
0 0 0.086359 0.047797 174.300003 -1.000000 -1.000000 0.052915
0 0 0.071032 0.061511 174.300003 -1.000000 -1.000000 0.085576
2 -2 0.437446 0.046036 174.300003 -1.000000 -1.000000 0.057823
-1 1 0.070039 0.107655 174.300003 -1.000000 -1.000000 0.059789
0 0 0.108697 0.056439 174.300003 -1.000000 -1.000000 0.055598
0 0 0.086776 0.119444 174.300003 -1.000000 -1.000000 0.057620
0 0 0.059467 0.297260 174.300003 -1.000000 -1.000000 0.052730
0 0 0.022732 0.276321 174.300003 -1.000000 -1.000000 0.068196
0 0 0.130280 0.028898 174.300003 -1.000000 -1.000000 0.081932
0 0 0.024384 0.340848 174.300003 -1.000000 -1.000000 0.058103
2 -2 0.019523 0.207172 174.300003 -1.000000 -1.000000 0.050936
0 0 0.032284 0.114245 174.300003 -1.000000 -1.000000 0.063106
1 -1 0.058529 0.077965 174.300003 -1.000000 -1.000000 0.034472
0 0 0.150295 0.096370 174.300003 -1.000000 -1.000000 0.075649
0 0 0.118173 0.058359 174.300003 -1.000000 -1.000000 0.057724
2 -2 0.074128 0.054021 174.300003 -1.000000 -1.000000 0.056471
0 0 0.057583 0.150272 174.300003 -1.000000 -1.000000 0.042147
1 -1 0.024225 0.185510 174.300003 -1.000000 -1.000000 0.053592
0 0 0.188722 0.027712 174.300003 -1.000000 -1.000000 0.056712
0 0 0.093044 0.053968 174.300003 -1.000000 -1.000000 0.059347
0 0 0.220242 0.018228 174.300003 -1.000000 -1.000000 0.053141
0 0 0.063257 0.072359 174.300003 -1.000000 -1.000000 0.068439
2 -2 0.043083 0.053671 174.300003 -1.000000 -1.000000 0.054344
2 -2 0.091230 0.116122 174.300003 -1.000000 -1.000000 0.050767
-2 2 0.046826 0.121130 174.300003 -1.000000 -1.000000 0.051496
-2 2 0.018514 0.215520 174.300003 -1.000000 -1.000000 0.056871
-2 2 0.228776 0.066648 174.300003 -1.000000 -1.000000 0.057239
0 0 0.056375 0.189696 174.300003 -1.000000 -1.000000 0.088121
0 0 0.027184 0.108354 174.300003 -1.000000 -1.000000 0.052830
-2 2 0.019371 0.121183 174.300003 -1.000000 -1.000000 0.090629
0 0 0.077016 0.108557 174.300003 -1.000000 -1.000000 0.055651
0 0 0.064063 0.135497 174.300003 -1.000000 -1.000000 0.060001
-2 2 0.028169 0.248269 174.300003 -1.000000 -1.000000 0.085593
0 0 0.027836 0.103872 174.300003 -1.000000 -1.000000 0.054423
2 -2 0.260943 0.017048 174.300003 -1.000000 -1.000000 0.088904
0 0 0.016402 0.286104 174.300003 -1.000000 -1.000000 0.057536
2 -2 0.123638 0.041798 174.300003 -1.000000 -1.000000 0.057737
0 0 0.064323 0.206678 174.300003 -1.000000 -1.000000 0.056160
-2 2 0.316422 0.101348 174.300003 -1.000000 -1.000000 0.058654
2 -2 0.058010 0.112680 174.300003 -1.000000 -1.000000 0.073439
0 0 0.166298 0.063291 174.300003 -1.000000 -1.000000 0.060556
0 0 0.042525 0.142658 174.300003 -1.000000 -1.000000 0.077352
0 0 0.248183 0.024660 174.300003 -1.000000 -1.000000 0.061456
-2 2 0.008870 0.250670 174.300003 -1.000000 -1.000000 0.053897
-2 2 0.086348 0.145169 174.300003 -1.000000 -1.000000 0.051979
0 0 0.083599 0.033070 174.300003 -1.000000 -1.000000 0.056360
0 0 0.291072 0.020384 174.300003 -1.000000 -1.000000 0.077725
1 -1 0.203765 0.024439 174.300003 -1.000000 -1.000000 0.067209
0 0 0.034846 0.143692 174.300003 -1.000000 -1.000000 0.042717
0 0 0.073028 0.048326 174.300003 -1.000000 -1.000000 0.055529
0 0 0.068922 0.051796 174.300003 -1.000000 -1.000000 0.051634
0 0 0.116637 0.028154 174.300003 -1.000000 -1.000000 0.044052
0 0 0.068295 0.095923 174.300003 -1.000000 -1.000000 0.055793
-2 2 0.119987 0.055275 174.300003 -1.000000 -1.000000 0.090549
-2 2 0.171239 0.064380 174.300003 -1.000000 -1.000000 0.055255
-2 2 0.046426 0.064914 174.300003 -1.000000 -1.000000 0.059433
0 0 0.072888 0.076165 174.300003 -1.000000 -1.000000 0.034172
2 -2 0.120617 0.192056 174.300003 -1.000000 -1.000000 0.085803
0 0 0.081316 0.195040 174.300003 -1.000000 -1.000000 0.052847
2 -2 0.205887 0.015422 174.300003 -1.000000 -1.000000 0.059973
3 -3 0.157317 0.026510 174.300003 -1.000000 -1.000000 0.051624
0 0 0.019120 0.103789 174.300003 -1.000000 -1.000000 0.052907
-2 2 0.044906 0.067831 174.300003 -1.000000 -1.000000 0.067673
0 0 0.091195 0.125383 174.300003 -1.000000 -1.000000 0.052482
2 -2 0.198427 0.020035 174.300003 -1.000000 -1.000000 0.049564
0 0 0.166167 0.109314 174.300003 -1.000000 -1.000000 0.050462
-2 2 0.021117 0.148612 174.300003 -1.000000 -1.000000 0.052993
-2 2 0.026105 0.094212 174.300003 -1.000000 -1.000000 0.053343
0 0 0.082517 0.044231 174.300003 -1.000000 -1.000000 0.032924
0 0 0.035898 0.099970 174.300003 -1.000000 -1.000000 0.049299
2 -2 0.190516 0.028259 174.300003 -1.000000 -1.000000 0.025912
0 0 0.079103 0.024486 174.300003 -1.000000 -1.000000 0.057640
0 0 0.154427 0.032647 174.300003 -1.000000 -1.000000 0.054875
2 -2 0.120144 0.023666 174.300003 -1.000000 -1.000000 0.051808
0 0 0.025389 0.104269 174.300003 -1.000000 -1.000000 0.055428
0 0 0.046157 0.082696 174.300003 -1.000000 -1.000000 0.054586
0 0 0.082798 0.067512 174.300003 -1.000000 -1.000000 0.060970
0 0 0.097098 0.104311 174.300003 -1.000000 -1.000000 0.056772
0 0 0.106755 0.140435 174.300003 -1.000000 -1.000000 0.071020
0 0 0.032684 0.092884 174.300003 -1.000000 -1.000000 0.049816
2 -2 0.328748 0.049305 174.300003 -1.000000 -1.000000 0.052750
0 0 0.043950 0.101145 174.300003 -1.000000 -1.000000 0.056830
0 0 0.068056 0.140665 174.300003 -1.000000 -1.000000 0.054485
0 0 0.038020 0.109097 174.300003 -1.000000 -1.000000 0.052096
0 0 0.059099 0.042935 174.300003 -1.000000 -1.000000 0.052700
0 0 0.060365 0.152696 174.300003 -1.000000 -1.000000 0.058305
0 0 0.043683 0.072479 174.300003 -1.000000 -1.000000 0.053169
0 0 0.088677 0.050598 174.300003 -1.000000 -1.000000 0.049833
-2 2 0.048268 0.168906 174.300003 -1.000000 -1.000000 0.053801
0 0 0.129485 0.042571 174.300003 -1.000000 -1.000000 0.053434
2 -2 0.092764 0.054479 174.300003 -1.000000 -1.000000 0.057612
0 0 0.082689 0.047211 174.300003 -1.000000 -1.000000 0.057834
0 0 0.047160 0.107624 174.300003 -1.000000 -1.000000 0.076440
4 -4 0.011820 0.276548 174.300003 -1.000000 -1.000000 0.048965
0 0 0.119124 0.071316 174.300003 -1.000000 -1.000000 0.060721
0 0 0.191520 0.015382 174.300003 -1.000000 -1.000000 0.073948
0 0 0.047036 0.095503 174.300003 -1.000000 -1.000000 0.085340
0 0 0.145714 0.036082 174.300003 -1.000000 -1.000000 0.073755
0 0 0.036989 0.105192 174.300003 -1.000000 -1.000000 0.055433
2 -2 0.182331 0.031715 174.300003 -1.000000 -1.000000 0.091253
0 0 0.066806 0.061607 174.300003 -1.000000 -1.000000 0.051134
0 0 0.260564 0.046936 174.300003 -1.000000 -1.000000 0.057052
2 -2 0.178598 0.020037 174.300003 -1.000000 -1.000000 0.059729
0 0 0.312138 0.055642 174.300003 -1.000000 -1.000000 0.051447
0 0 0.106704 0.042801 174.300003 -1.000000 -1.000000 0.083618
-2 2 0.087077 0.061491 174.300003 -1.000000 -1.000000 0.046705
2 -2 0.035771 0.091219 174.300003 -1.000000 -1.000000 0.079692
0 0 0.359662 0.032271 174.300003 -1.000000 -1.000000 0.067492
0 0 0.099208 0.104845 174.300003 -1.000000 -1.000000 0.060458
0 0 0.055274 0.067375 174.300003 -1.000000 -1.000000 0.071193
0 0 0.199382 0.016724 174.300003 -1.000000 -1.000000 0.063323
0 0 0.074775 0.097450 174.300003 -1.000000 -1.000000 0.060935
0 0 0.147622 0.015397 174.300003 -1.000000 -1.000000 0.048284
-2 2 0.103729 0.043675 174.300003 -1.000000 -1.000000 0.057305
0 0 0.097338 0.142822 174.300003 -1.000000 -1.000000 0.065952
-1 1 0.076572 0.087893 174.300003 -1.000000 -1.000000 0.049524
2 -2 0.088543 0.046330 174.300003 -1.000000 -1.000000 0.052842
0 0 0.114968 0.204040 174.300003 -1.000000 -1.000000 0.041811
0 0 0.062975 0.100199 174.300003 -1.000000 -1.000000 0.052459
-2 2 0.087018 0.096219 174.300003 -1.000000 -1.000000 0.051931
0 0 0.046243 0.047173 174.300003 -1.000000 -1.000000 0.074405
0 0 0.072285 0.047475 174.300003 -1.000000 -1.000000 0.083771
0 0 0.173247 0.057289 174.300003 -1.000000 -1.000000 0.059199
0 0 0.019104 0.158954 174.300003 -1.000000 -1.000000 0.049147
0 0 0.097441 0.034590 174.300003 -1.000000 -1.000000 0.053632
-2 2 0.032539 0.091655 174.300003 -1.000000 -1.000000 0.053743
0 0 0.127842 0.067249 174.300003 -1.000000 -1.000000 0.052389
-2 2 0.067846 0.091424 174.300003 -1.000000 -1.000000 0.057535
0 0 0.057643 0.075445 174.300003 -1.000000 -1.000000 0.056005
0 0 0.089248 0.138514 174.300003 -1.000000 -1.000000 0.037354
0 0 0.069410 0.060649 174.300003 -1.000000 -1.000000 0.057611
-2 2 0.034632 0.133377 174.300003 -1.000000 -1.000000 0.059427
0 0 0.080944 0.044853 174.300003 -1.000000 -1.000000 0.055324
0 0 0.053606 0.178803 174.300003 -1.000000 -1.000000 0.057775
0 0 0.046552 0.070190 174.300003 -1.000000 -1.000000 0.053427
2 -2 0.340425 0.020287 174.300003 -1.000000 -1.000000 0.063254
-2 2 0.058134 0.119033 174.300003 -1.000000 -1.000000 0.064875
0 0 0.072384 0.045776 174.300003 -1.000000 -1.000000 0.060809
2 -2 0.213242 0.072456 174.300003 -1.000000 -1.000000 0.080734
1 -1 0.435283 0.019668 174.300003 -1.000000 -1.000000 0.054622
0 0 0.061853 0.079942 174.300003 -1.000000 -1.000000 0.056224
2 -2 0.107540 0.037453 174.300003 -1.000000 -1.000000 0.059321
-2 2 0.072523 0.170330 174.300003 -1.000000 -1.000000 0.052923
0 0 0.011237 0.269671 174.300003 -1.000000 -1.000000 0.090029
2 -2 0.109353 0.119991 174.300003 -1.000000 -1.000000 0.055976
0 0 0.112679 0.110127 174.300003 -1.000000 -1.000000 0.077108
0 0 0.054526 0.115893 174.300003 -1.000000 -1.000000 0.057144
0 0 0.021576 0.225409 174.300003 -1.000000 -1.000000 0.049887
-2 2 0.205672 0.025189 174.300003 -1.000000 -1.000000 0.083852
-2 2 0.070462 0.094618 174.300003 -1.000000 -1.000000 0.063028
0 0 0.312422 0.009183 174.300003 -1.000000 -1.000000 0.051008
0 0 0.016794 0.203233 174.300003 -1.000000 -1.000000 0.057611
0 0 0.165310 0.144346 174.300003 -1.000000 -1.000000 0.090147
-2 2 0.017647 0.278131 174.300003 -1.000000 -1.000000 0.051893
3 -3 0.167004 0.086932 174.300003 -1.000000 -1.000000 0.051981
0 0 0.095672 0.057088 174.300003 -1.000000 -1.000000 0.054062
0 0 0.016507 0.191339 174.300003 -1.000000 -1.000000 0.060027
0 0 0.014714 0.128802 174.300003 -1.000000 -1.000000 0.057500
0 0 0.030847 0.176140 174.300003 -1.000000 -1.000000 0.058312
0 0 0.071035 0.139169 174.300003 -1.000000 -1.000000 0.057320
0 0 0.015173 0.192245 174.300003 -1.000000 -1.000000 0.049153
0 0 0.091409 0.054701 174.300003 -1.000000 -1.000000 0.054381
0 0 0.174921 0.018799 174.300003 -1.000000 -1.000000 0.048166
0 0 0.209673 0.164679 174.300003 -1.000000 -1.000000 0.083242
0 0 0.047980 0.246773 174.300003 -1.000000 -1.000000 0.050611
1 -1 0.064261 0.041844 174.300003 -1.000000 -1.000000 0.089972
0 0 0.049834 0.073657 174.300003 -1.000000 -1.000000 0.047496
0 0 0.052931 0.076416 174.300003 -1.000000 -1.000000 0.048267
0 0 0.099977 0.074019 174.300003 -1.000000 -1.000000 0.052974
0 0 0.110767 0.069846 174.300003 -1.000000 -1.000000 0.085707
0 0 0.320084 0.064943 174.300003 -1.000000 -1.000000 0.055991
0 0 0.080508 0.044612 174.300003 -1.000000 -1.000000 0.056601
0 0 0.028667 0.147240 174.300003 -1.000000 -1.000000 0.054012
0 0 0.013565 0.228553 174.300003 -1.000000 -1.000000 0.058843
0 0 0.094522 0.043747 174.300003 -1.000000 -1.000000 0.035663
0 0 0.031691 0.096222 174.300003 -1.000000 -1.000000 0.046796
0 0 0.040688 0.057219 174.300003 -1.000000 -1.000000 0.086328
-2 2 0.024765 0.292864 174.300003 -1.000000 -1.000000 0.048798
0 0 0.023046 0.136756 174.300003 -1.000000 -1.000000 0.064528
0 0 0.111639 0.045674 174.300003 -1.000000 -1.000000 0.043969
0 0 0.047632 0.107291 174.300003 -1.000000 -1.000000 0.056251
0 0 0.043448 0.163557 174.300003 -1.000000 -1.000000 0.093051
0 0 0.096546 0.038568 174.300003 -1.000000 -1.000000 0.051989
-2 2 0.010713 0.382001 174.300003 -1.000000 -1.000000 0.053123
0 0 0.071960 0.254478 174.300003 -1.000000 -1.000000 0.052748
0 0 0.029300 0.150375 174.300003 -1.000000 -1.000000 0.074266
0 0 0.178587 0.017131 174.300003 -1.000000 -1.000000 0.048729
0 0 0.154472 0.156864 174.300003 -1.000000 -1.000000 0.048502
0 0 0.164070 0.091530 174.300003 -1.000000 -1.000000 0.035703
0 0 0.218556 0.020672 174.300003 -1.000000 -1.000000 0.084763
0 0 0.060520 0.110156 174.300003 -1.000000 -1.000000 0.051651
0 0 0.122404 0.035091 174.300003 -1.000000 -1.000000 0.042490
0 0 0.296998 0.011296 174.300003 -1.000000 -1.000000 0.050213
0 0 0.229937 0.034767 174.300003 -1.000000 -1.000000 0.059333
