1 -1 0.112187 0.063581 124.999817 2.783510 2.681047 0.002732
1 -1 0.411857 0.039760 124.998329 0.132780 6.004673 0.002828
0 0 0.147372 0.133106 125.000244 2.242183 3.031856 0.002191
1 -1 0.314134 0.026266 125.012245 0.357158 11.837160 0.002671
0 0 0.063646 0.152039 124.991905 21.005486 2.142999 0.002589
2 -2 0.064367 0.185934 124.943359 8.836867 0.151070 0.002801
2 -2 0.108370 0.058848 124.995255 5.024385 2.500751 0.001112
2 -2 0.425556 0.024372 125.006721 0.401942 12.370448 0.002686
-2 2 0.120869 0.071654 124.998795 0.506798 7.897904 0.002767
-1 1 0.050883 0.312862 125.034653 3.928994 0.344104 0.002761
2 -2 0.232461 0.043935 124.999397 1.714082 4.362783 0.002951
-2 2 0.035031 0.240250 125.001923 6.603879 1.636897 0.002493
0 0 0.108192 0.049735 125.055794 5.925202 37.682499 0.000213
0 0 0.233961 0.093220 124.987701 0.465068 7.967819 0.000415
-3 3 0.085169 0.089121 124.997543 0.827556 0.747076 0.002385
-1 1 0.033580 0.172760 124.998352 7.941085 1.382480 0.001802
-2 2 0.076825 0.058724 124.997391 1.451890 9.777843 0.004348
-2 2 0.037194 0.318867 125.000023 5.932121 0.881155 0.002634
1 -1 0.168933 0.071578 125.033447 1.415763 2.128408 0.002405
0 0 0.057294 0.103389 125.004311 27.688229 6.710240 0.000117
0 0 0.045475 0.145146 124.998795 45.049175 2.527311 0.002908
0 0 0.081950 0.135625 124.981163 11.492892 3.005734 0.001282
-1 1 0.021329 0.322199 124.999794 16.533495 0.329243 0.002520
-2 2 0.068459 0.369696 125.010796 1.806420 0.585226 0.002162
0 0 0.069499 0.099077 125.002129 17.287285 7.211743 0.002498
-1 1 0.071427 0.065344 125.001823 2.169109 5.775817 0.002578
0 0 0.194223 0.055457 125.001877 0.968993 28.662163 0.002593
0 0 0.212460 0.059861 124.991905 0.723345 24.391451 0.002974
1 -1 0.060824 0.102830 125.002319 6.305504 1.040752 0.000758
-2 2 0.085163 0.189679 124.996414 1.138297 2.394998 0.002412
0 0 0.150324 0.061390 125.000275 2.194203 22.679100 0.000705
0 0 0.095453 0.053303 124.997559 8.148516 32.257877 0.004440
0 0 0.122497 0.044780 124.999641 4.272908 47.475811 0.002484
2 -2 0.180974 0.057233 125.000221 2.585536 2.626295 0.002741
0 0 0.073769 0.057175 124.996956 15.537920 27.873852 0.000564
2 -2 0.411432 0.037833 124.998322 0.445011 5.750886 0.002700
-2 2 0.084719 0.092768 124.997452 1.165017 5.962541 0.002926
-2 2 0.105104 0.043449 124.994019 0.718602 13.488040 0.002681
2 -2 0.083133 0.088014 124.996780 6.733655 1.073649 0.002921
0 0 0.027046 0.222729 124.994675 132.048752 0.630952 0.002582
-2 2 0.055327 0.248052 124.982887 2.789967 1.499611 0.001083
0 0 0.236076 0.049662 124.999420 0.468502 36.293293 0.002136
0 0 0.285412 0.047062 124.989380 0.216691 40.920021 0.001525
0 0 0.107984 0.151590 125.000710 5.525655 2.095765 0.003256
1 -1 0.165085 0.212040 124.998268 1.431864 0.139657 0.002568
3 -3 0.039738 0.146241 124.999786 3.892287 0.217708 0.002114
0 0 0.322414 0.033050 124.999321 0.126069 86.799812 0.002607
1 -1 0.071778 0.136298 124.994980 5.067647 0.538808 0.002421
1 -1 0.108527 0.112454 124.995697 2.898316 0.861226 0.002567
-1 1 0.044802 0.359125 124.999466 4.915582 0.231909 0.002597
3 -3 0.145942 0.080741 124.998901 0.216357 0.929145 0.002806
2 -2 0.129100 0.068458 125.002785 4.056374 1.829645 0.001241
0 0 0.065910 0.100856 125.007919 19.713804 6.953122 0.002943
-1 1 0.128764 0.095334 125.023537 0.611650 3.429066 0.002603
-2 2 0.034633 0.237390 124.993111 6.738689 1.675896 0.003461
0 0 0.033689 0.113211 125.003700 85.888206 5.330132 0.002571
0 0 0.168842 0.072679 124.997795 1.574259 15.563864 0.001431
2 -2 0.109729 0.161982 124.998657 4.865537 0.223909 0.002094
2 -2 0.195860 0.118538 124.995209 2.226585 0.510783 0.001872
0 0 0.083487 0.079411 124.986374 11.234864 12.690885 0.002097
-2 2 0.049087 0.179889 125.000549 3.546793 2.629481 0.002786
-1 1 0.054524 0.185132 124.999207 3.494298 1.203664 0.002866
0 0 0.193808 0.064399 125.000870 1.017299 20.853516 0.003244
-3 3 0.210389 0.021195 125.000862 0.070780 12.037473 0.002627
0 0 0.084862 0.095427 124.998833 10.605059 7.886995 0.003930
0 0 0.140803 0.061881 125.000732 2.710094 22.488749 0.002853
0 0 0.057471 0.366765 125.000702 26.571218 0.066310 0.001284
0 0 0.060721 0.269703 124.999496 23.112459 0.274934 0.000116
2 -2 0.262692 0.046572 125.004250 1.381155 3.913712 0.002558
0 0 0.296396 0.030698 125.006271 0.197460 102.438530 0.002668
0 0 0.447244 0.024436 124.997993 0.019983 159.301102 0.000443
-1 1 0.058522 0.252925 125.000160 3.067740 0.611125 0.001013
0 0 0.143511 0.141109 125.008659 2.487077 2.614974 0.004332
0 0 0.158139 0.069425 124.991348 1.864175 16.943155 0.002875
-1 1 0.029194 0.129752 125.003319 9.930238 2.252999 0.002730
0 0 0.120056 0.093722 125.000435 4.293857 8.285776 0.000153
2 -2 0.244607 0.027263 124.999268 1.607812 10.220943 0.002588
-2 2 0.037191 0.337596 124.998825 5.933188 0.770642 0.002736
-5 5 0.115906 0.039400 124.844887 0.121603 1.774826 0.002519
0 0 0.050942 0.107909 125.004059 35.379230 5.859889 0.001741
-2 2 0.030855 0.247639 125.000443 8.277881 1.540240 0.004473
0 0 0.113158 0.096606 125.029976 4.925704 7.496032 0.003169
0 0 0.118756 0.069081 125.002319 4.426803 17.477339 0.000405
0 0 0.082577 0.115598 124.999619 11.445989 4.796719 0.002626
-2 2 0.084464 0.169429 124.998260 1.148005 2.787495 0.002908
0 0 0.215635 0.064613 124.997650 0.654467 19.963047 0.002683
0 0 0.087622 0.094034 125.000656 9.824511 8.220668 0.002426
-1 1 0.108426 0.138231 125.001556 0.915966 1.978709 0.002655
0 0 0.061345 0.117574 125.000755 23.286644 4.625939 0.001856
0 0 0.060389 0.065146 124.998489 24.723614 20.802164 0.002763
-1 1 0.208311 0.247011 124.999855 0.141828 0.603584 0.002529
0 0 0.052130 0.093059 125.001808 33.833012 8.675064 0.001164
0 0 0.147686 0.072750 125.000809 2.331751 15.314822 0.000119
0 0 0.058158 0.138867 124.999413 26.567636 2.946703 0.001295
-2 2 0.262713 0.026783 125.000984 0.048787 23.098137 0.002541
-2 2 0.115515 0.176216 124.999931 0.550481 2.639196 0.002619
-3 3 0.052520 0.071781 125.000763 2.275494 1.204341 0.002182
0 0 0.134414 0.065361 125.004822 3.212154 20.264626 0.002472
-3 3 0.060350 0.145885 124.999435 1.722608 0.216363 0.003150
0 0 0.096844 0.079127 125.000687 7.832504 12.943477 0.002807
0 0 0.043894 0.202343 124.999298 48.488762 0.865985 0.002237
2 -2 0.311642 0.028006 124.999329 0.957379 9.787704 0.000592
-1 1 0.125147 0.373528 124.999458 0.645011 0.185233 0.002598
0 0 0.140758 0.055492 124.996834 2.722541 28.841511 0.002147
0 0 0.074310 0.099631 124.997696 14.742497 7.103206 0.002963
0 0 0.128398 0.131396 125.000496 3.496230 3.273389 0.002654
-1 1 0.038908 0.135138 124.994675 6.226678 2.098608 0.002858
-2 2 0.132517 0.157962 124.997116 0.387822 3.078272 0.002999
2 -2 0.185089 0.028912 124.994659 2.534065 9.236685 0.002070
-1 1 0.013472 0.479151 125.000641 34.067738 0.065381 0.002652
-2 2 0.054651 0.095674 125.002853 2.888108 5.769555 0.003768
1 -1 0.277744 0.023219 125.005325 0.508406 14.380097 0.002800
0 0 0.161574 0.029024 125.001709 1.891857 115.340118 0.002606
0 0 0.055696 0.243808 125.005203 29.077456 0.445260 0.001552
2 -2 0.031570 0.218572 124.998787 19.176563 0.093451 0.003951
0 0 0.081806 0.104961 125.001770 11.553190 6.118270 0.002775
0 0 0.113629 0.082815 124.998894 5.004189 11.324489 0.002619
2 -2 0.135646 0.043172 124.999565 3.837921 4.516482 0.002913
0 0 0.061212 0.098430 124.999657 23.447880 7.436930 0.002901
2 -2 0.156346 0.075388 124.999817 3.207512 1.503315 0.002758
-2 2 0.034433 0.234514 125.021271 6.801263 1.736527 0.002307
0 0 0.046883 0.140408 124.999275 42.759724 2.866485 0.002348
2 -2 0.306820 0.136901 125.000313 0.920714 0.345888 0.001833
0 0 0.025869 0.254996 124.998901 143.824753 0.370219 0.003332
0 0 0.042187 0.141961 124.998444 53.355961 2.755411 0.002544
0 0 0.046771 0.148150 124.995956 42.683655 2.412332 0.002778
0 0 0.080723 0.111954 124.988640 12.128215 5.247527 0.000400
-1 1 0.097575 0.199408 125.002510 1.132123 1.011952 0.004423
