2 0 0.144037 0.113198 67.733398 -1.000000 -1.000000 0.202907
2 0 0.275333 0.374584 210.845001 -1.000000 -1.000000 0.192247
1 0 0.177907 0.165308 218.822998 -1.000000 -1.000000 0.215943
0 0 0.074668 0.071345 43.931801 -1.000000 -1.000000 0.174048
0 0 0.046811 0.172396 31.324400 -1.000000 -1.000000 0.223312
0 0 0.322038 0.060336 105.129997 -1.000000 -1.000000 0.277731
2 0 0.179621 0.041008 83.607101 -1.000000 -1.000000 0.226191
-1 1 0.043138 0.052099 35.241600 -1.000000 -1.000000 0.185632
0 0 0.035816 0.216003 124.907997 -1.000000 -1.000000 0.209967
0 1 0.059584 0.470171 169.763000 -1.000000 -1.000000 0.254751
0 0 0.272541 0.055303 101.495003 -1.000000 -1.000000 0.165859
0 0 0.194455 0.042997 73.788300 -1.000000 -1.000000 0.147183
0 0 0.082135 0.182268 158.789993 -1.000000 -1.000000 0.208103
0 2 0.124519 0.058158 124.867996 -1.000000 -1.000000 0.234182
0 0 0.039272 0.145415 64.029297 -1.000000 -1.000000 0.217578
2 0 0.082326 0.258525 99.927299 -1.000000 -1.000000 0.010334
0 1 0.026319 0.166989 85.646797 -1.000000 -1.000000 0.218892
0 0 0.073804 0.200240 155.850006 -1.000000 -1.000000 0.220133
0 0 0.157491 0.041878 67.302902 -1.000000 -1.000000 0.204892
2 -2 0.053289 0.077175 51.215099 -1.000000 -1.000000 0.222497
0 -2 0.224096 0.047204 248.666000 -1.000000 -1.000000 0.207769
2 -2 0.149913 0.047888 40.430801 -1.000000 -1.000000 0.204764
1 0 0.364480 0.233195 268.289001 -1.000000 -1.000000 0.344744
0 0 0.092241 0.135461 20.337299 -1.000000 -1.000000 0.222789
-4 0 0.202054 0.028100 185.630997 -1.000000 -1.000000 0.011069
0 0 0.413827 0.018422 45.392200 -1.000000 -1.000000 0.181574
0 0 0.050756 0.234873 62.798199 -1.000000 -1.000000 0.236633
0 0 0.043211 0.117410 61.837502 -1.000000 -1.000000 0.233510
0 2 0.098527 0.317714 216.182007 -1.000000 -1.000000 0.021013
0 0 0.052225 0.179878 48.519100 -1.000000 -1.000000 0.178687
2 0 0.166459 0.221711 171.113998 -1.000000 -1.000000 0.231565
0 0 0.135745 0.043395 141.065002 -1.000000 -1.000000 0.317960
0 2 0.064952 0.245906 105.420998 -1.000000 -1.000000 0.201329
0 0 0.067736 0.075288 48.149502 -1.000000 -1.000000 0.212507
0 -4 0.112922 0.071420 78.433899 -1.000000 -1.000000 0.228054
0 0 0.101449 0.329528 56.474499 -1.000000 -1.000000 0.225941
0 2 0.022177 0.270277 119.241997 -1.000000 -1.000000 0.203489
1 0 0.226120 0.093036 448.191986 -1.000000 -1.000000 0.204478
0 0 0.229732 0.070106 93.304802 -1.000000 -1.000000 0.255485
0 0 0.312028 0.054646 160.024994 -1.000000 -1.000000 0.067904
0 0 0.102789 0.084725 82.635902 -1.000000 -1.000000 0.205974
0 1 0.419642 0.075590 303.342010 -1.000000 -1.000000 0.182445
2 0 0.174296 0.057673 196.552994 -1.000000 -1.000000 0.199657
0 1 0.053766 0.173465 119.198997 -1.000000 -1.000000 0.192723
2 0 0.345177 0.131384 277.829987 -1.000000 -1.000000 0.222808
2 0 0.122846 0.221286 95.948097 -1.000000 -1.000000 0.171712
0 0 0.280395 0.041272 61.386799 -1.000000 -1.000000 0.224312
0 2 0.058438 0.357362 160.787003 -1.000000 -1.000000 0.133801
