-1 1 0.044331 0.069416 219.681702 -1.000000 -1.000000 0.066551
2 0 0.101069 0.115475 213.057907 -1.000000 -1.000000 0.092936
0 0 0.060317 0.072824 187.624207 -1.000000 -1.000000 0.069785
0 0 0.045767 0.048017 184.884506 -1.000000 -1.000000 0.123067
0 2 0.201646 0.110251 266.753510 -1.000000 -1.000000 0.092630
0 2 0.052363 0.416540 459.506287 -1.000000 -1.000000 0.089994
2 2 0.392920 0.146332 310.480194 -1.000000 -1.000000 0.070301
0 1 0.043296 0.266451 302.368500 -1.000000 -1.000000 0.086309
0 0 0.094226 0.134677 226.322205 -1.000000 -1.000000 0.088509
2 -2 0.414078 0.029289 332.209595 -1.000000 -1.000000 0.004704
0 0 0.161273 0.078793 246.006393 -1.000000 -1.000000 0.077681
0 0 0.221117 0.022446 234.153503 -1.000000 -1.000000 0.090520
2 2 0.380200 0.060127 226.346893 -1.000000 -1.000000 0.096490
0 0 0.228272 0.166692 282.020203 -1.000000 -1.000000 0.095179
2 -2 0.137507 0.024208 222.410904 -1.000000 -1.000000 0.041921
0 0 0.126055 0.065033 203.656097 -1.000000 -1.000000 0.086147
0 0 0.045362 0.206635 174.426102 -1.000000 -1.000000 0.074735
-2 2 0.179483 0.105880 199.193497 -1.000000 -1.000000 0.057064
0 0 0.024004 0.144195 232.431305 -1.000000 -1.000000 0.077580
0 0 0.095108 0.044398 229.165207 -1.000000 -1.000000 0.081699
0 0 0.026455 0.114919 178.195007 -1.000000 -1.000000 0.092099
2 -2 0.446781 0.048035 530.055725 -1.000000 -1.000000 0.069249
2 0 0.394249 0.042148 206.012100 -1.000000 -1.000000 0.049168
0 2 0.118809 0.171700 206.650406 -1.000000 -1.000000 0.142614
0 0 0.142765 0.094447 311.627991 -1.000000 -1.000000 0.079354
2 -2 0.609827 0.007014 188.954697 -1.000000 -1.000000 0.080847
0 0 0.049568 0.379501 265.038696 -1.000000 -1.000000 0.012675
3 0 0.095355 0.040145 201.087006 -1.000000 -1.000000 0.032140
0 0 0.081380 0.072045 181.319000 -1.000000 -1.000000 0.081927
0 0 0.090178 0.052248 225.386795 -1.000000 -1.000000 0.036286
2 0 0.279268 0.046528 181.317200 -1.000000 -1.000000 0.077380
0 1 0.051743 0.155960 185.910202 -1.000000 -1.000000 0.086279
0 0 0.121615 0.119499 435.902313 -1.000000 -1.000000 0.074463
0 0 0.087996 0.029391 201.416397 -1.000000 -1.000000 0.076342
0 1 0.147225 0.270239 251.383301 -1.000000 -1.000000 0.085373
1 -1 0.087940 0.046473 254.694901 -1.000000 -1.000000 0.115457
0 0 0.102653 0.078116 210.396698 -1.000000 -1.000000 0.086381
0 0 0.061268 0.122785 188.435806 -1.000000 -1.000000 0.127762
0 2 0.045298 0.164595 209.092407 -1.000000 -1.000000 0.011801
0 0 0.151169 0.017275 194.491699 -1.000000 -1.000000 0.080378
0 0 0.345977 0.033586 179.915497 -1.000000 -1.000000 0.070300
1 0 0.077628 0.186065 206.158493 -1.000000 -1.000000 0.075794
0 0 0.034563 0.329556 257.840515 -1.000000 -1.000000 0.009357
0 0 0.125353 0.055979 252.943893 -1.000000 -1.000000 0.090401
0 0 0.057926 0.304193 279.915894 -1.000000 -1.000000 0.085206
0 0 0.072862 0.039803 183.071106 -1.000000 -1.000000 0.018497
0 0 0.199089 0.043181 180.284393 -1.000000 -1.000000 0.090317
1 -1 0.076400 0.124361 327.114014 -1.000000 -1.000000 0.127377
0 0 0.057283 0.092458 224.164795 -1.000000 -1.000000 0.089793
0 0 0.047167 0.111345 186.065399 -1.000000 -1.000000 0.033314
1 0 0.119232 0.066893 176.309692 -1.000000 -1.000000 0.049360
0 0 0.082395 0.089719 186.236603 -1.000000 -1.000000 0.084103
-1 0 0.060223 0.143514 251.534897 -1.000000 -1.000000 0.085075
0 0 0.030003 0.152113 189.244904 -1.000000 -1.000000 0.057446
0 0 0.186907 0.191083 203.160706 -1.000000 -1.000000 0.088997
0 0 0.096721 0.073077 266.138000 -1.000000 -1.000000 0.041162
2 -2 0.070363 0.032855 191.018600 -1.000000 -1.000000 0.061745
2 0 0.226613 0.067415 293.151398 -1.000000 -1.000000 0.094398
0 0 0.131047 0.213037 273.664093 -1.000000 -1.000000 0.013520
0 0 0.202373 0.022810 245.881393 -1.000000 -1.000000 0.081798
0 0 0.223231 0.057477 262.771606 -1.000000 -1.000000 0.109088
0 0 0.132308 0.050582 176.932495 -1.000000 -1.000000 0.070838
2 0 0.079753 0.101883 199.299606 -1.000000 -1.000000 0.005759
0 2 0.088642 0.436902 254.364899 -1.000000 -1.000000 0.033304
0 0 0.078577 0.185435 199.312393 -1.000000 -1.000000 0.097367
0 1 0.029274 0.136508 185.776093 -1.000000 -1.000000 0.081390
0 0 0.131240 0.028927 189.802795 -1.000000 -1.000000 0.072449
-2 2 0.012096 0.263701 220.400208 -1.000000 -1.000000 0.008051
-3 0 0.075345 0.085408 175.250595 -1.000000 -1.000000 0.092554
0 3 0.067585 0.132308 248.365005 -1.000000 -1.000000 0.127293
0 0 0.039517 0.250886 184.269302 -1.000000 -1.000000 0.088696
1 0 0.194860 0.046489 179.456100 -1.000000 -1.000000 0.093711
0 1 0.059707 0.130842 183.193405 -1.000000 -1.000000 0.096069
0 2 0.047112 0.158053 196.376907 -1.000000 -1.000000 0.095555
0 0 0.049678 0.119116 193.889801 -1.000000 -1.000000 0.083685
