0 2 0.126982 0.109439 239.300995 -1.000000 -1.000000 0.043629
0 0 0.164520 0.026994 224.130203 -1.000000 -1.000000 0.039022
0 -5 0.268773 0.052190 332.445312 -1.000000 -1.000000 0.036617
0 0 0.100160 0.070385 179.146103 -1.000000 -1.000000 0.038063
0 0 0.081792 0.124770 218.333496 -1.000000 -1.000000 0.020276
2 2 0.241981 0.162373 203.315903 -1.000000 -1.000000 0.003030
1 0 0.236515 0.024412 175.376099 -1.000000 -1.000000 0.063624
0 0 0.046844 0.217863 282.856415 -1.000000 -1.000000 0.018099
0 2 0.145075 0.164144 301.515503 -1.000000 -1.000000 0.039206
0 2 0.201123 0.255519 248.410797 -1.000000 -1.000000 0.045071
0 0 0.087579 0.160017 205.949997 -1.000000 -1.000000 0.009842
2 1 0.217142 0.090998 261.792297 -1.000000 -1.000000 0.028206
2 0 0.278089 0.048788 203.481903 -1.000000 -1.000000 0.043673
1 1 0.586220 0.158093 216.837006 -1.000000 -1.000000 0.034389
-1 2 0.153676 0.323338 274.972198 -1.000000 -1.000000 0.052874
1 0 0.606117 0.039156 192.492493 -1.000000 -1.000000 0.036632
0 -3 0.075911 0.121462 226.533997 -1.000000 -1.000000 0.043908
0 0 0.071824 0.106849 203.413300 -1.000000 -1.000000 0.039609
0 0 0.058380 0.210418 180.003693 -1.000000 -1.000000 0.044627
2 0 0.177227 0.064010 198.510406 -1.000000 -1.000000 0.033582
0 0 0.066861 0.163237 198.713806 -1.000000 -1.000000 0.038828
2 0 0.147032 0.094079 210.768097 -1.000000 -1.000000 0.040171
4 0 0.106834 0.110737 295.862091 -1.000000 -1.000000 0.046035
0 2 0.061910 0.319423 279.984100 -1.000000 -1.000000 0.041627
0 0 0.060461 0.081955 242.657806 -1.000000 -1.000000 0.037412
0 0 0.161041 0.037433 194.650406 -1.000000 -1.000000 0.044757
0 2 0.160114 0.590072 272.728088 -1.000000 -1.000000 0.041736
2 -1 0.452210 0.106207 383.033813 -1.000000 -1.000000 0.051309
0 0 0.043737 0.184265 260.070801 -1.000000 -1.000000 0.010303
0 0 0.030632 0.348471 235.716293 -1.000000 -1.000000 0.037801
2 0 0.246910 0.048146 179.603302 -1.000000 -1.000000 0.046219
2 0 0.369550 0.046430 184.403900 -1.000000 -1.000000 0.042950
0 0 0.074189 0.077477 267.348907 -1.000000 -1.000000 0.041795
0 0 0.077984 0.043784 185.326096 -1.000000 -1.000000 0.007960
0 2 0.116044 0.108505 189.269806 -1.000000 -1.000000 0.022930
0 2 0.042583 0.203143 228.493301 -1.000000 -1.000000 0.002107
3 2 0.232549 0.376110 351.843414 -1.000000 -1.000000 0.037259
0 0 0.089903 0.022483 179.830704 -1.000000 -1.000000 0.040390
-1 2 0.228449 0.348298 179.643295 -1.000000 -1.000000 0.035891
-2 0 0.133562 0.117246 241.090302 -1.000000 -1.000000 0.053273
-1 0 0.107254 0.120431 198.729004 -1.000000 -1.000000 0.038534
4 2 0.036844 0.602595 314.516602 -1.000000 -1.000000 0.039164
0 0 0.178189 0.022400 213.591599 -1.000000 -1.000000 0.032619
0 0 0.046127 0.207523 184.150696 -1.000000 -1.000000 0.011928
2 0 0.151760 0.200020 182.896805 -1.000000 -1.000000 0.023459
0 2 0.023380 0.230154 184.321594 -1.000000 -1.000000 0.038922
0 0 0.222970 0.076594 246.720795 -1.000000 -1.000000 0.039760
2 2 0.220685 0.289231 238.848694 -1.000000 -1.000000 0.042318
0 -3 0.121027 0.083132 217.147400 -1.000000 -1.000000 0.022843
0 0 0.078987 0.135129 197.158905 -1.000000 -1.000000 0.041589
0 0 0.115341 0.057543 180.028397 -1.000000 -1.000000 0.043579
0 0 0.336825 0.071060 299.549591 -1.000000 -1.000000 0.015351
0 0 0.044086 0.146220 198.684097 -1.000000 -1.000000 0.045190
0 0 0.378831 0.033416 325.472198 -1.000000 -1.000000 0.040522
2 -2 0.070878 0.110234 220.991898 -1.000000 -1.000000 0.036821
0 0 0.084950 0.046829 190.151505 -1.000000 -1.000000 0.031625
1 0 0.110168 0.036122 188.867798 -1.000000 -1.000000 0.046174
0 2 0.137540 0.378850 307.044708 -1.000000 -1.000000 0.039290
0 0 0.028500 0.233926 211.944595 -1.000000 -1.000000 0.002215
2 0 0.119293 0.203622 173.396698 -1.000000 -1.000000 0.037014
0 2 0.065146 0.283736 214.270798 -1.000000 -1.000000 0.003996
1 1 0.031561 0.268338 187.198303 -1.000000 -1.000000 0.069910
2 0 0.107777 0.099835 190.460205 -1.000000 -1.000000 0.038949
2 1 0.475018 0.235551 316.384094 -1.000000 -1.000000 0.045060
0 0 0.242690 0.047273 188.004105 -1.000000 -1.000000 0.044117
0 0 0.133251 0.023792 190.401001 -1.000000 -1.000000 0.038786
1 -1 0.070280 0.161455 196.627396 -1.000000 -1.000000 0.039607
-2 0 0.127628 0.060377 213.706604 -1.000000 -1.000000 0.042719
2 4 0.221319 0.060573 195.346100 -1.000000 -1.000000 0.041363
0 0 0.047081 0.365747 284.806610 -1.000000 -1.000000 0.028313
0 1 0.181582 0.199739 273.316193 -1.000000 -1.000000 0.036357
0 1 0.109853 0.139719 250.943298 -1.000000 -1.000000 0.046240
