0 0 0.031301 0.173162 89.124603 -1.000000 -1.000000 0.326377
0 0 0.123186 0.060249 116.598999 -1.000000 -1.000000 0.313889
0 0 0.104836 0.201858 132.373001 -1.000000 -1.000000 0.374635
-1 0 0.220383 0.039637 21.322500 -1.000000 -1.000000 0.235117
0 2 0.249093 0.174158 92.949203 -1.000000 -1.000000 0.251409
0 2 0.065937 0.329545 154.673004 -1.000000 -1.000000 0.282219
0 0 0.041643 0.197494 94.012802 -1.000000 -1.000000 0.057619
2 0 0.132820 0.080547 59.896500 -1.000000 -1.000000 0.242028
0 2 0.065441 0.191369 204.274994 -1.000000 -1.000000 0.297519
0 0 0.027568 0.206341 176.057007 -1.000000 -1.000000 0.274820
0 0 0.079699 0.057668 44.789101 -1.000000 -1.000000 0.204197
0 0 0.077971 0.336620 119.403999 -1.000000 -1.000000 0.327929
-1 0 0.190051 0.056420 234.697006 -1.000000 -1.000000 0.168649
0 0 0.140320 0.066462 158.891998 -1.000000 -1.000000 0.024115
0 0 0.056342 0.248195 82.020599 -1.000000 -1.000000 0.117929
0 1 0.072654 0.248057 317.037994 -1.000000 -1.000000 0.327820
0 0 0.078419 0.144970 104.077003 -1.000000 -1.000000 0.279055
0 0 0.164132 0.096508 163.929001 -1.000000 -1.000000 0.298727
2 0 0.108126 0.057465 16.574200 -1.000000 -1.000000 0.171635
0 0 0.133679 0.025678 66.871201 -1.000000 -1.000000 0.319416
0 0 0.030278 0.169075 76.556396 -1.000000 -1.000000 0.329479
0 2 0.015027 0.334375 76.404503 -1.000000 -1.000000 0.047234
2 0 0.323295 0.118120 123.681999 -1.000000 -1.000000 0.282266
0 2 0.029410 0.373221 239.423004 -1.000000 -1.000000 0.311192
0 0 0.160832 0.104670 247.998001 -1.000000 -1.000000 0.257168
2 0 0.111119 0.071676 80.659401 -1.000000 -1.000000 0.236645
0 0 0.110095 0.061560 131.272003 -1.000000 -1.000000 0.219575
0 0 0.064386 0.150783 79.898102 -1.000000 -1.000000 0.327819
2 0 0.145683 0.042464 148.561996 -1.000000 -1.000000 0.321256
0 0 0.360942 0.034314 139.072998 -1.000000 -1.000000 0.138088
1 0 0.243633 0.041864 45.514900 -1.000000 -1.000000 0.279539
