0 0 0.166979 0.077434 121.968697 -1.000000 -1.000000 0.768007
-2 2 0.019964 0.227978 129.718094 -1.000000 -1.000000 0.906486
0 2 0.093162 0.163676 89.177040 -1.000000 -1.000000 0.765897
0 2 0.100841 0.607979 210.726501 -1.000000 -1.000000 0.185661
0 1 0.083176 0.390515 111.586899 -1.000000 -1.000000 0.032399
0 0 0.081192 0.149473 89.092491 -1.000000 -1.000000 0.710119
0 -1 0.149428 0.165293 101.406601 -1.000000 -1.000000 0.880296
1 0 0.316976 0.056868 90.059692 -1.000000 -1.000000 0.753692
0 0 0.183697 0.184202 96.245872 -1.000000 -1.000000 0.834744
3 0 0.238958 0.050376 128.002808 -1.000000 -1.000000 1.013372
0 0 0.016334 0.211386 111.740700 -1.000000 -1.000000 0.235799
