0 0 0.241881 0.012761 218.249893 -1.000000 -1.000000 0.081863
0 2 0.095546 0.103542 174.645599 -1.000000 -1.000000 0.083107
0 0 0.090487 0.023883 182.329102 -1.000000 -1.000000 0.073862
0 2 0.030302 0.227076 190.711105 -1.000000 -1.000000 0.254756
2 -2 0.298697 0.008903 195.656906 -1.000000 -1.000000 0.063901
1 0 0.110433 0.257905 195.329697 -1.000000 -1.000000 0.199721
0 0 0.179323 0.020104 206.278107 -1.000000 -1.000000 0.202077
-1 0 0.283859 0.225958 291.132996 -1.000000 -1.000000 0.168695
1 0 0.052950 0.101336 186.266296 -1.000000 -1.000000 0.113552
-1 0 0.231981 0.034208 421.719788 -1.000000 -1.000000 0.207458
1 0 0.080339 0.106728 186.725693 -1.000000 -1.000000 0.007090
1 -1 0.353560 0.005719 179.601807 -1.000000 -1.000000 0.181010
1 0 0.215617 0.040507 268.636505 -1.000000 -1.000000 0.114754
2 0 0.546387 0.049560 290.347595 -1.000000 -1.000000 0.182122
-2 2 0.070090 0.136713 384.762390 -1.000000 -1.000000 0.094766
0 0 0.152443 0.031466 188.633804 -1.000000 -1.000000 0.192880
0 2 0.093279 0.166601 197.388901 -1.000000 -1.000000 0.014223
