0 0 0.023765 0.287340 164.996994 -1.000000 -1.000000 0.295077
0 -1 0.209462 0.034443 133.330994 -1.000000 -1.000000 0.273624
2 0 0.293467 0.016405 50.893101 -1.000000 -1.000000 0.300169
2 0 0.082252 0.094525 53.222198 -1.000000 -1.000000 0.013583
0 0 0.072047 0.068591 46.166500 -1.000000 -1.000000 0.043557
0 0 0.119146 0.121183 129.681000 -1.000000 -1.000000 0.061987
0 0 0.146051 0.065393 168.807007 -1.000000 -1.000000 0.012037
1 0 0.118410 0.178233 58.093899 -1.000000 -1.000000 0.297923
-1 0 0.194635 0.058836 208.679993 -1.000000 -1.000000 0.294892
0 0 0.044402 0.177123 52.914902 -1.000000 -1.000000 0.269430
0 0 0.402240 0.134659 106.498001 -1.000000 -1.000000 0.013743
0 0 0.020232 0.141146 38.025200 -1.000000 -1.000000 0.319531
2 0 0.194707 0.330925 103.991997 -1.000000 -1.000000 0.034291
2 0 0.081010 0.040418 39.146702 -1.000000 -1.000000 0.099082
0 2 0.328840 0.104048 306.700012 -1.000000 -1.000000 0.127401
0 0 0.038642 0.239431 41.323002 -1.000000 -1.000000 0.020240
0 3 0.171815 0.114742 80.432602 -1.000000 -1.000000 0.312552
0 0 0.217738 0.014337 78.106400 -1.000000 -1.000000 0.319378
2 0 0.148070 0.126181 93.368797 -1.000000 -1.000000 0.264456
-1 0 0.153655 0.051724 174.248993 -1.000000 -1.000000 0.025280
0 2 0.086263 0.093043 63.113098 -1.000000 -1.000000 0.041423
0 0 0.204521 0.147863 112.111000 -1.000000 -1.000000 0.084456
0 0 0.058096 0.113201 51.944000 -1.000000 -1.000000 0.283561
0 0 0.187263 0.022101 106.287003 -1.000000 -1.000000 0.012233
0 0 0.129093 0.111034 56.076401 -1.000000 -1.000000 0.024064
0 0 0.154965 0.100858 111.344002 -1.000000 -1.000000 0.329548
0 0 0.051253 0.265363 139.764999 -1.000000 -1.000000 0.271486
0 0 0.303324 0.059540 78.486603 -1.000000 -1.000000 0.021425
0 1 0.234230 0.236691 171.210999 -1.000000 -1.000000 0.120902
0 0 0.268828 0.029985 143.927002 -1.000000 -1.000000 0.062326
0 0 0.052297 0.350099 91.124100 -1.000000 -1.000000 0.275693
0 2 0.095188 0.105434 170.992996 -1.000000 -1.000000 0.066844
0 0 0.063688 0.101987 9.930740 -1.000000 -1.000000 0.021695
0 0 0.031271 0.283331 147.384995 -1.000000 -1.000000 0.224170
