0 0 0.293490 0.022893 205.364105 -1.000000 -1.000000 0.080312
0 2 0.125296 0.120798 182.601700 -1.000000 -1.000000 0.088421
0 0 0.085672 0.103466 243.821503 -1.000000 -1.000000 0.083405
1 0 0.415202 0.046149 207.200897 -1.000000 -1.000000 0.086774
0 2 0.293288 0.188401 242.135696 -1.000000 -1.000000 0.091436
0 0 0.189355 0.022418 206.225494 -1.000000 -1.000000 0.074975
0 1 0.039540 0.329897 187.335297 -1.000000 -1.000000 0.093852
0 0 0.303109 0.018788 227.898300 -1.000000 -1.000000 0.082046
0 2 0.068027 0.281426 354.130615 -1.000000 -1.000000 0.092752
0 0 0.268062 0.023122 207.583496 -1.000000 -1.000000 0.092794
0 0 0.056559 0.161525 212.041107 -1.000000 -1.000000 0.023914
2 -2 0.167615 0.012335 175.573303 -1.000000 -1.000000 0.081518
0 0 0.061270 0.172534 210.125000 -1.000000 -1.000000 0.018452
2 -2 0.621915 0.085332 218.786194 -1.000000 -1.000000 0.080613
2 0 0.223469 0.153609 211.296204 -1.000000 -1.000000 0.072584
0 0 0.019142 0.178843 173.266296 -1.000000 -1.000000 0.073704
0 0 0.046420 0.151948 189.807495 -1.000000 -1.000000 0.088852
2 -2 0.203460 0.014518 202.310699 -1.000000 -1.000000 0.093161
0 0 0.150092 0.093748 254.860901 -1.000000 -1.000000 0.099990
0 3 0.107006 0.140633 367.805786 -1.000000 -1.000000 0.088386
0 2 0.075531 0.435900 329.381409 -1.000000 -1.000000 0.048776
0 0 0.110136 0.213731 297.537994 -1.000000 -1.000000 0.089647
2 2 0.223296 0.144435 175.474304 -1.000000 -1.000000 0.093544
0 -1 0.048903 0.107631 210.829697 -1.000000 -1.000000 0.086488
0 0 0.106177 0.122973 246.798492 -1.000000 -1.000000 0.090518
2 0 0.434512 0.252451 660.481079 -1.000000 -1.000000 0.078599
0 0 0.083142 0.030670 185.359207 -1.000000 -1.000000 0.080841
0 -1 0.188910 0.114062 290.763214 -1.000000 -1.000000 0.071651
0 1 0.027247 0.397050 179.292892 -1.000000 -1.000000 0.127371
2 0 0.294642 0.173297 319.708191 -1.000000 -1.000000 0.069671
1 0 0.153148 0.212700 415.139893 -1.000000 -1.000000 0.012729
2 0 0.096074 0.104246 244.356995 -1.000000 -1.000000 0.089031
0 0 0.057430 0.174009 276.421692 -1.000000 -1.000000 0.082024
1 0 0.076298 0.120674 224.970993 -1.000000 -1.000000 0.129953
2 2 0.581774 0.123344 299.406189 -1.000000 -1.000000 0.090578
1 0 0.161080 0.065912 240.905304 -1.000000 -1.000000 0.007835
-4 2 0.089201 0.086018 188.325195 -1.000000 -1.000000 0.120435
0 0 0.063137 0.076622 174.812195 -1.000000 -1.000000 0.021235
0 2 0.024462 0.129159 178.917297 -1.000000 -1.000000 0.091176
0 0 0.249543 0.065081 184.557007 -1.000000 -1.000000 0.079698
0 0 0.036319 0.165530 242.301498 -1.000000 -1.000000 0.077079
0 0 0.079706 0.225583 219.989197 -1.000000 -1.000000 0.077891
2 0 0.258078 0.065315 233.398895 -1.000000 -1.000000 0.088752
0 0 0.026473 0.508622 306.575592 -1.000000 -1.000000 0.079552
0 0 0.047982 0.276011 193.890503 -1.000000 -1.000000 0.080949
0 0 0.024566 0.154242 218.434204 -1.000000 -1.000000 0.052718
-3 0 0.450319 0.016877 226.911697 -1.000000 -1.000000 0.089022
0 2 0.034753 0.568991 225.984406 -1.000000 -1.000000 0.093947
0 2 0.033505 0.291248 194.409500 -1.000000 -1.000000 0.073323
0 0 0.089636 0.050225 252.947205 -1.000000 -1.000000 0.046708
0 0 0.026326 0.282675 231.469498 -1.000000 -1.000000 0.080029
0 2 0.321545 0.118788 266.030396 -1.000000 -1.000000 0.142391
0 2 0.102099 0.442604 251.673706 -1.000000 -1.000000 0.070660
-2 0 0.328638 0.034039 177.700806 -1.000000 -1.000000 0.082405
0 0 0.123949 0.108778 231.490494 -1.000000 -1.000000 0.088569
0 0 0.095916 0.150873 187.460693 -1.000000 -1.000000 0.076293
0 2 0.248949 0.227737 254.437897 -1.000000 -1.000000 0.138414
2 0 0.413159 0.036155 315.438507 -1.000000 -1.000000 0.033641
0 0 0.097511 0.045459 234.383698 -1.000000 -1.000000 0.012183
0 0 0.072585 0.412505 247.825302 -1.000000 -1.000000 0.079220
0 0 0.118631 0.093787 236.328003 -1.000000 -1.000000 0.081269
0 0 0.052357 0.232067 184.680893 -1.000000 -1.000000 0.082158
2 0 0.336982 0.207011 265.206787 -1.000000 -1.000000 0.080208
2 0 0.219603 0.026621 236.685806 -1.000000 -1.000000 0.060238
0 0 0.030228 0.127109 197.425797 -1.000000 -1.000000 0.075964
0 0 0.084968 0.075047 194.840607 -1.000000 -1.000000 0.085706
2 0 0.078497 0.089624 191.473206 -1.000000 -1.000000 0.072483
0 0 0.312117 0.030311 239.495193 -1.000000 -1.000000 0.084997
-2 0 0.199360 0.046934 243.936005 -1.000000 -1.000000 0.078095
0 -4 0.057229 0.199512 211.418503 -1.000000 -1.000000 0.065345
1 0 0.080038 0.151443 174.381699 -1.000000 -1.000000 0.079508
0 0 0.056921 0.127753 226.378403 -1.000000 -1.000000 0.034379
1 0 0.156390 0.064049 210.796494 -1.000000 -1.000000 0.084523
0 4 0.130988 0.091121 213.993301 -1.000000 -1.000000 0.079296
0 0 0.056190 0.208190 225.555695 -1.000000 -1.000000 0.046198
0 0 0.013915 0.232754 227.636902 -1.000000 -1.000000 0.137146
0 1 0.089180 0.144685 228.261597 -1.000000 -1.000000 0.080416
