-1 2 0.491063 0.024372 246.224899 -1.000000 -1.000000 0.009439
-2 1 0.062804 0.324140 296.480194 -1.000000 -1.000000 0.022292
-1 2 0.102877 0.177145 186.548706 -1.000000 -1.000000 0.020249
-1 2 0.031925 0.301629 208.695801 -1.000000 -1.000000 0.024366
2 0 0.606236 0.080664 328.221405 -1.000000 -1.000000 0.032910
2 0 0.609596 0.044954 237.847305 -1.000000 -1.000000 0.023121
-1 2 0.049966 0.218302 196.582794 -1.000000 -1.000000 0.019955
-2 1 0.061272 0.369035 289.299194 -1.000000 -1.000000 0.025351
0 2 0.033204 0.259522 191.577393 -1.000000 -1.000000 0.022769
2 2 0.414492 0.070869 322.357086 -1.000000 -1.000000 0.025578
-1 2 0.035293 0.440895 303.474792 -1.000000 -1.000000 0.023510
0 1 0.062628 0.537128 248.682999 -1.000000 -1.000000 0.025559
0 -4 0.057356 0.199704 193.403595 -1.000000 -1.000000 0.023318
2 2 0.192216 0.140318 290.698792 -1.000000 -1.000000 0.036604
1 0 0.410020 0.087638 221.729599 -1.000000 -1.000000 0.021494
2 -1 0.068808 0.073201 205.898407 -1.000000 -1.000000 0.023466
-1 0 0.146565 0.063616 204.817596 -1.000000 -1.000000 0.021844
2 -1 0.177199 0.060352 310.747589 -1.000000 -1.000000 0.004831
2 0 0.228800 0.055985 177.750198 -1.000000 -1.000000 0.020470
2 -1 0.356601 0.030690 281.203888 -1.000000 -1.000000 0.021929
2 -1 0.685833 0.017526 237.364395 -1.000000 -1.000000 0.025572
-1 2 0.025858 0.357442 175.848099 -1.000000 -1.000000 0.025146
1 -2 0.156758 0.131229 237.128799 -1.000000 -1.000000 0.024525
2 1 0.124038 0.366390 216.535507 -1.000000 -1.000000 0.024312
2 1 0.178505 0.174705 204.241104 -1.000000 -1.000000 0.013930
0 2 0.121308 0.107971 210.960098 -1.000000 -1.000000 0.022713
2 -1 0.298371 0.033056 471.210510 -1.000000 -1.000000 0.024339
0 2 0.090868 0.232869 251.612900 -1.000000 -1.000000 0.024518
-1 2 0.109904 0.117675 181.753403 -1.000000 -1.000000 0.011427
-2 1 0.023072 0.203308 227.991104 -1.000000 -1.000000 0.021782
1 -2 0.074387 0.224577 245.221298 -1.000000 -1.000000 0.018861
-1 2 0.146115 0.100448 277.464600 -1.000000 -1.000000 0.020455
-2 1 0.066554 0.097591 209.183594 -1.000000 -1.000000 0.023114
2 1 0.054078 0.385776 217.049606 -1.000000 -1.000000 0.019691
2 -1 0.166294 0.033220 213.273804 -1.000000 -1.000000 0.034312
2 -1 0.162606 0.059535 444.580688 -1.000000 -1.000000 0.021085
-1 2 0.041667 0.104000 196.961395 -1.000000 -1.000000 0.022156
2 -1 0.202684 0.050951 214.313202 -1.000000 -1.000000 0.024862
1 0 0.150025 0.232343 551.728577 -1.000000 -1.000000 0.008415
0 2 0.171817 0.205842 337.041290 -1.000000 -1.000000 0.015724
-2 1 0.104402 0.148462 260.176300 -1.000000 -1.000000 0.001635
-1 2 0.044871 0.507738 274.459595 -1.000000 -1.000000 0.014033
-1 2 0.174534 0.124599 525.722229 -1.000000 -1.000000 0.005002
-1 2 0.116904 0.083172 217.872604 -1.000000 -1.000000 0.021813
2 -1 0.205383 0.164799 223.233200 -1.000000 -1.000000 0.020764
2 -1 0.377720 0.082927 279.490601 -1.000000 -1.000000 0.021242
-2 1 0.062205 0.175002 309.123688 -1.000000 -1.000000 0.015964
0 2 0.253515 0.317746 478.045898 -1.000000 -1.000000 0.030323
2 -1 0.109592 0.124092 232.796707 -1.000000 -1.000000 0.021894
-1 2 0.024566 0.168137 185.626205 -1.000000 -1.000000 0.023211
2 -1 0.178076 0.066689 312.204590 -1.000000 -1.000000 0.024174
-3 4 0.152435 0.091840 218.475204 -1.000000 -1.000000 0.020928
2 -1 0.188876 0.272540 765.617493 -1.000000 -1.000000 0.023161
2 0 0.172909 0.124854 353.120605 -1.000000 -1.000000 0.021941
2 -1 0.302594 0.046717 226.352402 -1.000000 -1.000000 0.024769
0 1 0.104031 0.247029 255.880402 -1.000000 -1.000000 0.021927
2 -1 0.115982 0.100541 174.145096 -1.000000 -1.000000 0.022846
0 2 0.030241 0.369142 192.424393 -1.000000 -1.000000 0.029161
-2 1 0.047113 0.624109 325.335999 -1.000000 -1.000000 0.024697
1 2 0.434453 0.368919 264.073090 -1.000000 -1.000000 0.020040
-1 2 0.029575 0.287523 243.202805 -1.000000 -1.000000 0.020629
2 -1 0.292867 0.034135 284.061401 -1.000000 -1.000000 0.022018
2 -1 0.223787 0.045527 240.845398 -1.000000 -1.000000 0.028830
1 0 0.306831 0.153644 200.172607 -1.000000 -1.000000 0.024751
1 -2 0.284463 0.019552 194.029694 -1.000000 -1.000000 0.020176
-1 2 0.096720 0.096610 174.518600 -1.000000 -1.000000 0.023928
4 -3 0.080931 0.123404 437.997406 -1.000000 -1.000000 0.022240
2 -1 0.293921 0.024588 188.487900 -1.000000 -1.000000 0.026997
0 2 0.057505 0.123753 184.042007 -1.000000 -1.000000 0.002199
4 -3 0.162475 0.128017 208.541794 -1.000000 -1.000000 0.022534
2 0 0.451645 0.059372 654.109070 -1.000000 -1.000000 0.021770
2 0 0.293144 0.326943 399.377991 -1.000000 -1.000000 0.020115
1 -2 0.308111 0.095457 279.994995 -1.000000 -1.000000 0.024078
2 0 0.232192 0.021867 174.790298 -1.000000 -1.000000 0.006125
-2 1 0.071531 0.222360 326.926300 -1.000000 -1.000000 0.020812
-1 2 0.024095 0.168802 190.624496 -1.000000 -1.000000 0.017077
2 0 0.079245 0.096152 189.002899 -1.000000 -1.000000 0.020148
-1 2 0.112005 0.337588 313.391296 -1.000000 -1.000000 0.020929
0 2 0.054060 0.410228 364.794800 -1.000000 -1.000000 0.024764
2 0 0.093782 0.135712 182.597397 -1.000000 -1.000000 0.023119
2 -1 0.178932 0.027136 200.263794 -1.000000 -1.000000 0.020790
-1 2 0.103964 0.077423 229.923294 -1.000000 -1.000000 0.022249
2 0 0.248235 0.067796 256.515015 -1.000000 -1.000000 0.022818
2 -1 0.193301 0.053001 334.522797 -1.000000 -1.000000 0.021778
-2 1 0.060504 0.131592 236.831802 -1.000000 -1.000000 0.024281
-4 0 0.089739 0.470310 636.659180 -1.000000 -1.000000 0.024425
2 -1 0.206667 0.024226 178.730606 -1.000000 -1.000000 0.000962
-2 0 0.108779 0.110559 182.310898 -1.000000 -1.000000 0.023780
2 -1 0.309183 0.080909 220.235199 -1.000000 -1.000000 0.005876
2 -1 0.118232 0.127227 628.220825 -1.000000 -1.000000 0.025312
1 2 0.213437 0.366343 396.134094 -1.000000 -1.000000 0.022647
1 0 0.123048 0.301978 268.366394 -1.000000 -1.000000 0.013438
2 1 0.135300 0.251246 243.367004 -1.000000 -1.000000 0.008499
2 2 0.355549 0.198495 190.895493 -1.000000 -1.000000 0.010485
2 0 0.354718 0.041569 370.417999 -1.000000 -1.000000 0.018729
2 -1 0.249420 0.056781 222.358505 -1.000000 -1.000000 0.006638
0 1 0.059413 0.283770 277.789490 -1.000000 -1.000000 0.021114
2 -3 0.224644 0.120974 199.918106 -1.000000 -1.000000 0.034927
2 0 0.286744 0.065659 204.958893 -1.000000 -1.000000 0.037280
1 -2 0.174372 0.144415 455.204315 -1.000000 -1.000000 0.016646
-1 2 0.190842 0.161811 181.498398 -1.000000 -1.000000 0.013792
-2 1 0.031765 0.193557 182.892899 -1.000000 -1.000000 0.023231
-1 2 0.021409 0.458309 241.263306 -1.000000 -1.000000 0.003633
-1 2 0.075698 0.102758 181.883606 -1.000000 -1.000000 0.030855
2 -1 0.164667 0.029195 199.781097 -1.000000 -1.000000 0.001673
1 -2 0.472362 0.029254 285.674988 -1.000000 -1.000000 0.023528
2 -1 0.070613 0.105470 185.779099 -1.000000 -1.000000 0.010888
2 -1 0.126407 0.038483 209.669693 -1.000000 -1.000000 0.022433
2 0 0.082879 0.056265 181.723999 -1.000000 -1.000000 0.037609
0 1 0.010376 0.396590 177.021393 -1.000000 -1.000000 0.020060
0 2 0.117023 0.175038 339.045593 -1.000000 -1.000000 0.022704
-2 1 0.202337 0.036219 205.360901 -1.000000 -1.000000 0.003537
-1 2 0.202846 0.142604 274.165497 -1.000000 -1.000000 0.021129
-1 2 0.076643 0.160515 192.455704 -1.000000 -1.000000 0.023136
-2 1 0.043038 0.189393 289.645386 -1.000000 -1.000000 0.031224
-1 2 0.063626 0.427180 486.131287 -1.000000 -1.000000 0.022282
1 1 0.395358 0.322836 291.860413 -1.000000 -1.000000 0.021399
2 0 0.347205 0.082860 502.917114 -1.000000 -1.000000 0.021277
0 2 0.105080 0.285450 360.378387 -1.000000 -1.000000 0.023786
-1 2 0.045386 0.364029 410.113403 -1.000000 -1.000000 0.004890
-1 2 0.182554 0.051567 188.019897 -1.000000 -1.000000 0.033198
0 2 0.069708 0.458687 176.906998 -1.000000 -1.000000 0.017431
-2 1 0.148114 0.349450 334.773895 -1.000000 -1.000000 0.024554
-1 2 0.154785 0.146962 329.922913 -1.000000 -1.000000 0.003835
1 0 0.210407 0.078028 191.366394 -1.000000 -1.000000 0.018557
2 -1 0.093654 0.095690 241.804306 -1.000000 -1.000000 0.024356
2 -1 0.065197 0.100263 214.465805 -1.000000 -1.000000 0.032180
-1 2 0.173154 0.231954 636.049988 -1.000000 -1.000000 0.022350
2 3 0.125503 0.386782 411.924011 -1.000000 -1.000000 0.018023
0 2 0.175850 0.140301 325.930908 -1.000000 -1.000000 0.024992
0 1 0.091475 0.186267 186.154907 -1.000000 -1.000000 0.024995
0 2 0.142142 0.209779 174.750000 -1.000000 -1.000000 0.020256
0 2 0.115860 0.522858 575.911316 -1.000000 -1.000000 0.024169
2 -1 0.054247 0.126996 218.304901 -1.000000 -1.000000 0.023587
2 -1 0.015222 0.270648 175.376007 -1.000000 -1.000000 0.023633
-1 2 0.052519 0.392284 289.738098 -1.000000 -1.000000 0.024299
0 2 0.088574 0.184119 222.122604 -1.000000 -1.000000 0.022699
1 0 0.203052 0.069219 173.738907 -1.000000 -1.000000 0.016400
2 -1 0.550432 0.065430 475.109314 -1.000000 -1.000000 0.021112
2 0 0.381310 0.190516 199.197601 -1.000000 -1.000000 0.022601
2 1 0.350784 0.241282 341.926208 -1.000000 -1.000000 0.024733
2 -1 0.226040 0.153489 483.971985 -1.000000 -1.000000 0.021260
-1 2 0.069271 0.182610 197.072693 -1.000000 -1.000000 0.001390
-1 2 0.181617 0.445167 329.989807 -1.000000 -1.000000 0.015923
1 2 0.252948 0.141757 498.650513 -1.000000 -1.000000 0.012884
2 -1 0.089038 0.097134 192.256897 -1.000000 -1.000000 0.005627
2 0 0.270283 0.210652 463.426208 -1.000000 -1.000000 0.014174
1 -2 0.080887 0.121277 286.551910 -1.000000 -1.000000 0.022146
-2 0 0.276580 0.033168 203.087494 -1.000000 -1.000000 0.025160
2 -2 0.369473 0.157229 554.352417 -1.000000 -1.000000 0.021984
1 -2 0.359603 0.052250 349.995514 -1.000000 -1.000000 0.021909
-2 1 0.027550 0.226856 226.730392 -1.000000 -1.000000 0.033727
2 0 0.286850 0.126135 278.982788 -1.000000 -1.000000 0.003629
1 -2 0.258940 0.043048 214.129807 -1.000000 -1.000000 0.023185
2 0 0.226710 0.073668 295.454712 -1.000000 -1.000000 0.020738
-2 1 0.237251 0.249101 758.230591 -1.000000 -1.000000 0.030749
0 2 0.113743 0.292191 485.101105 -1.000000 -1.000000 0.023235
0 2 0.029048 0.271868 187.973206 -1.000000 -1.000000 0.014069
2 0 0.117830 0.076829 244.634598 -1.000000 -1.000000 0.021866
0 2 0.094240 0.385488 381.560608 -1.000000 -1.000000 0.001843
2 2 0.204636 0.130950 189.156494 -1.000000 -1.000000 0.024036
2 -1 0.208721 0.028856 205.767593 -1.000000 -1.000000 0.022940
2 2 0.156085 0.469741 274.106812 -1.000000 -1.000000 0.020915
-2 1 0.064089 0.127766 187.276993 -1.000000 -1.000000 0.009311
0 2 0.069021 0.264502 275.368103 -1.000000 -1.000000 0.022856
0 1 0.098524 0.187833 399.968903 -1.000000 -1.000000 0.023027
1 -2 0.083060 0.058002 175.031296 -1.000000 -1.000000 0.021593
-1 2 0.184961 0.272187 282.293304 -1.000000 -1.000000 0.000975
-1 2 0.106057 0.153719 209.347900 -1.000000 -1.000000 0.017950
2 0 0.258509 0.269497 474.357788 -1.000000 -1.000000 0.018597
-1 2 0.036943 0.186607 175.529907 -1.000000 -1.000000 0.015107
0 1 0.085401 0.272801 343.966309 -1.000000 -1.000000 0.021978
2 -1 0.278826 0.042425 332.955597 -1.000000 -1.000000 0.018049
-1 2 0.162484 0.174472 443.068604 -1.000000 -1.000000 0.015227
2 0 0.165072 0.278026 223.578995 -1.000000 -1.000000 0.013261
2 0 0.131408 0.222779 403.664703 -1.000000 -1.000000 0.015962
2 0 0.176694 0.076317 211.089401 -1.000000 -1.000000 0.024489
-1 2 0.048145 0.318221 263.161407 -1.000000 -1.000000 0.024513
0 2 0.134673 0.096194 215.869400 -1.000000 -1.000000 0.023870
-1 2 0.116152 0.156052 286.806396 -1.000000 -1.000000 0.024554
-1 2 0.136649 0.530560 417.490997 -1.000000 -1.000000 0.013119
2 0 0.243306 0.102432 202.730194 -1.000000 -1.000000 0.017501
-1 2 0.117415 0.301397 454.705109 -1.000000 -1.000000 0.032978
0 -4 0.147715 0.088289 195.997498 -1.000000 -1.000000 0.037159
1 2 0.226889 0.418776 222.225906 -1.000000 -1.000000 0.032429
2 -1 0.147116 0.093126 523.645813 -1.000000 -1.000000 0.023266
0 1 0.183182 0.027919 178.282104 -1.000000 -1.000000 0.018744
2 0 0.226498 0.049246 201.027695 -1.000000 -1.000000 0.018246
0 -3 0.147854 0.270920 197.896805 -1.000000 -1.000000 0.028806
2 1 0.223392 0.110438 259.553894 -1.000000 -1.000000 0.024327
-2 1 0.068362 0.329952 359.751404 -1.000000 -1.000000 0.021433
2 -1 0.115331 0.061233 208.582703 -1.000000 -1.000000 0.003035
2 -1 0.081297 0.128819 197.752106 -1.000000 -1.000000 0.014852
2 0 0.199090 0.088819 258.764496 -1.000000 -1.000000 0.019969
-1 2 0.124060 0.314933 412.902405 -1.000000 -1.000000 0.021677
-1 2 0.030158 0.126554 193.036301 -1.000000 -1.000000 0.037468
1 -2 0.195741 0.083218 179.743607 -1.000000 -1.000000 0.018657
-1 2 0.056835 0.318288 342.349396 -1.000000 -1.000000 0.005000
1 -2 0.140341 0.151744 249.363907 -1.000000 -1.000000 0.019363
-2 1 0.121628 0.065102 177.393204 -1.000000 -1.000000 0.023399
2 0 0.386305 0.044833 238.849106 -1.000000 -1.000000 0.008635
-2 1 0.041785 0.203956 219.379898 -1.000000 -1.000000 0.020443
-1 2 0.107298 0.075111 292.337006 -1.000000 -1.000000 0.023145
2 0 0.297588 0.035363 204.728806 -1.000000 -1.000000 0.016196
0 2 0.111444 0.055231 186.349106 -1.000000 -1.000000 0.000989
2 -1 0.202077 0.021255 177.826599 -1.000000 -1.000000 0.023087
0 1 0.098203 0.149172 334.308899 -1.000000 -1.000000 0.003682
-1 2 0.096676 0.188467 341.368103 -1.000000 -1.000000 0.024585
-1 2 0.074299 0.267408 406.947296 -1.000000 -1.000000 0.018171
1 -2 0.191721 0.055197 234.925293 -1.000000 -1.000000 0.025114
0 2 0.066784 0.447614 233.094299 -1.000000 -1.000000 0.021903
0 2 0.156429 0.467896 577.619080 -1.000000 -1.000000 0.025488
0 2 0.069030 0.218542 187.348999 -1.000000 -1.000000 0.025278
-1 2 0.038488 0.194661 245.511703 -1.000000 -1.000000 0.027857
-1 2 0.133240 0.158967 173.854706 -1.000000 -1.000000 0.008615
2 0 0.429565 0.065349 303.108490 -1.000000 -1.000000 0.035900
1 0 0.334269 0.061401 225.793503 -1.000000 -1.000000 0.021826
-1 2 0.060024 0.395767 197.690903 -1.000000 -1.000000 0.022221
2 0 0.391450 0.188752 571.089111 -1.000000 -1.000000 0.020896
0 2 0.039212 0.179414 205.868698 -1.000000 -1.000000 0.035260
-1 2 0.050842 0.096264 209.035706 -1.000000 -1.000000 0.023421
2 -1 0.354592 0.032570 236.894501 -1.000000 -1.000000 0.024719
2 -1 0.275044 0.046864 271.222107 -1.000000 -1.000000 0.004986
1 -2 0.266848 0.028509 240.375504 -1.000000 -1.000000 0.020312
2 -1 0.132714 0.065470 177.188004 -1.000000 -1.000000 0.022385
2 0 0.281720 0.334901 347.551392 -1.000000 -1.000000 0.033890
2 0 0.357682 0.027507 208.562393 -1.000000 -1.000000 0.018671
-1 2 0.224202 0.023925 230.388107 -1.000000 -1.000000 0.013140
-2 1 0.053865 0.156827 176.049606 -1.000000 -1.000000 0.020754
-1 2 0.054061 0.245834 234.291107 -1.000000 -1.000000 0.023641
-1 0 0.199888 0.064407 200.733902 -1.000000 -1.000000 0.023107
2 2 0.142237 0.252202 177.213699 -1.000000 -1.000000 0.033358
-2 1 0.030329 0.202618 173.774200 -1.000000 -1.000000 0.022796
0 1 0.134409 0.054791 183.730392 -1.000000 -1.000000 0.020537
-1 2 0.119653 0.334381 240.220093 -1.000000 -1.000000 0.024767
1 -2 0.240611 0.104094 272.447998 -1.000000 -1.000000 0.024608
0 2 0.348477 0.493260 379.959686 -1.000000 -1.000000 0.031556
-1 2 0.029168 0.365778 174.083298 -1.000000 -1.000000 0.020947
-2 1 0.078028 0.099969 206.878494 -1.000000 -1.000000 0.025323
-1 2 0.057857 0.336901 177.733994 -1.000000 -1.000000 0.024561
-1 2 0.164634 0.039575 188.414200 -1.000000 -1.000000 0.020655
-2 0 0.125033 0.122367 310.653595 -1.000000 -1.000000 0.005064
0 2 0.124404 0.069216 177.628693 -1.000000 -1.000000 0.008722
-2 1 0.120844 0.097821 283.015991 -1.000000 -1.000000 0.020335
2 0 0.173799 0.058872 282.339111 -1.000000 -1.000000 0.018824
1 -2 0.262628 0.138853 342.297302 -1.000000 -1.000000 0.023548
2 -1 0.144904 0.068002 287.602295 -1.000000 -1.000000 0.037886
2 -1 0.118854 0.086991 230.679993 -1.000000 -1.000000 0.021637
-1 2 0.063618 0.057501 186.978699 -1.000000 -1.000000 0.022310
0 2 0.178287 0.347308 467.027710 -1.000000 -1.000000 0.024904
0 2 0.082869 0.107669 187.395599 -1.000000 -1.000000 0.013031
2 -1 0.288398 0.023194 277.404602 -1.000000 -1.000000 0.009209
2 -1 0.058041 0.083703 235.991898 -1.000000 -1.000000 0.025608
2 0 0.261231 0.063148 218.112503 -1.000000 -1.000000 0.037106
-2 1 0.029591 0.147776 193.927994 -1.000000 -1.000000 0.021133
1 1 0.083465 0.198701 238.835007 -1.000000 -1.000000 0.020345
-1 2 0.021891 0.224170 215.281494 -1.000000 -1.000000 0.025130
2 0 0.121319 0.084074 175.005295 -1.000000 -1.000000 0.025580
-2 1 0.045468 0.292174 256.135010 -1.000000 -1.000000 0.024097
1 -2 0.370453 0.055971 195.759293 -1.000000 -1.000000 0.022122
1 -2 0.390881 0.030636 326.824188 -1.000000 -1.000000 0.023832
2 -1 0.139528 0.027389 196.742706 -1.000000 -1.000000 0.023862
-1 2 0.195112 0.038626 260.877014 -1.000000 -1.000000 0.023904
0 1 0.054511 0.339860 409.238312 -1.000000 -1.000000 0.038499
-1 2 0.058446 0.273636 409.032501 -1.000000 -1.000000 0.016201
-1 2 0.483473 0.015737 191.535797 -1.000000 -1.000000 0.012576
2 -1 0.100673 0.155451 233.966095 -1.000000 -1.000000 0.019968
2 -1 0.168252 0.032019 218.692001 -1.000000 -1.000000 0.024513
-1 2 0.055955 0.206589 242.231293 -1.000000 -1.000000 0.024322
2 -1 0.128347 0.194864 851.969971 -1.000000 -1.000000 0.028040
2 0 0.421543 0.041394 261.786591 -1.000000 -1.000000 0.007652
-1 2 0.143852 0.394597 199.192200 -1.000000 -1.000000 0.001825
2 -1 0.028472 0.425360 188.977707 -1.000000 -1.000000 0.019935
0 2 0.166882 0.071415 246.107101 -1.000000 -1.000000 0.022612
0 1 0.041975 0.125647 174.201599 -1.000000 -1.000000 0.022456
2 -1 0.360081 0.028776 278.509888 -1.000000 -1.000000 0.038972
0 2 0.062395 0.219274 252.022598 -1.000000 -1.000000 0.020515
2 -1 0.314813 0.029377 294.573792 -1.000000 -1.000000 0.025604
1 -2 0.208067 0.274560 330.739197 -1.000000 -1.000000 0.034548
-1 2 0.107729 0.116704 190.188004 -1.000000 -1.000000 0.021489
2 -1 0.037614 0.149758 195.028198 -1.000000 -1.000000 0.022522
1 0 0.229424 0.180661 251.269699 -1.000000 -1.000000 0.031281
-1 2 0.205207 0.043839 191.366394 -1.000000 -1.000000 0.024427
0 -1 0.157952 0.096452 197.528793 -1.000000 -1.000000 0.021906
1 0 0.057527 0.143571 223.187103 -1.000000 -1.000000 0.031588
1 0 0.408335 0.094162 237.281006 -1.000000 -1.000000 0.008784
2 0 0.323602 0.047073 232.683594 -1.000000 -1.000000 0.000816
2 -1 0.136321 0.101218 214.990295 -1.000000 -1.000000 0.007747
0 2 0.014475 0.529460 197.693405 -1.000000 -1.000000 0.020059
-1 2 0.112601 0.107729 511.287689 -1.000000 -1.000000 0.025395
-1 2 0.104536 0.301089 179.927902 -1.000000 -1.000000 0.021907
-2 1 0.352315 0.030701 265.692688 -1.000000 -1.000000 0.020550
-4 3 0.036221 0.181388 174.133606 -1.000000 -1.000000 0.023314
-1 2 0.042977 0.145338 203.694702 -1.000000 -1.000000 0.037373
-1 2 0.063133 0.248334 235.675903 -1.000000 -1.000000 0.024404
2 0 0.166961 0.258099 198.168106 -1.000000 -1.000000 0.024984
0 -2 0.034315 0.207006 184.687607 -1.000000 -1.000000 0.019832
1 -2 0.095618 0.071207 203.462494 -1.000000 -1.000000 0.023293
1 -2 0.139153 0.155456 214.452393 -1.000000 -1.000000 0.022257
2 1 0.434346 0.156440 236.657303 -1.000000 -1.000000 0.027499
0 2 0.067237 0.230038 313.338104 -1.000000 -1.000000 0.001204
2 0 0.353343 0.055577 173.434906 -1.000000 -1.000000 0.019345
-1 2 0.034980 0.253203 204.120193 -1.000000 -1.000000 0.005155
2 -1 0.397384 0.026425 251.295700 -1.000000 -1.000000 0.023321
2 2 0.292824 0.447452 814.726501 -1.000000 -1.000000 0.018124
-2 1 0.155539 0.160542 392.912109 -1.000000 -1.000000 0.033021
2 0 0.149962 0.065406 177.227997 -1.000000 -1.000000 0.021487
0 -2 0.151306 0.123612 174.411407 -1.000000 -1.000000 0.026765
1 0 0.280629 0.119447 363.335907 -1.000000 -1.000000 0.025090
2 0 0.530047 0.069255 318.314789 -1.000000 -1.000000 0.003668
1 -2 0.166354 0.072180 254.768707 -1.000000 -1.000000 0.021241
1 -2 0.130457 0.033163 193.003006 -1.000000 -1.000000 0.022844
2 0 0.439083 0.068493 227.644196 -1.000000 -1.000000 0.020997
-2 0 0.163414 0.628076 184.071701 -1.000000 -1.000000 0.015350
2 -1 0.086758 0.168071 524.971497 -1.000000 -1.000000 0.024633
-1 2 0.054238 0.600905 391.875000 -1.000000 -1.000000 0.001850
-2 1 0.044285 0.194253 207.744095 -1.000000 -1.000000 0.038182
1 -2 0.126115 0.043097 194.913101 -1.000000 -1.000000 0.021138
-1 2 0.031008 0.502818 175.253494 -1.000000 -1.000000 0.002068
2 -1 0.169730 0.037337 222.985596 -1.000000 -1.000000 0.012723
1 -2 0.075333 0.080387 214.129105 -1.000000 -1.000000 0.023008
-1 2 0.063021 0.117050 187.078506 -1.000000 -1.000000 0.021664
0 2 0.115201 0.121711 209.192703 -1.000000 -1.000000 0.024113
2 -1 0.217810 0.190039 187.640503 -1.000000 -1.000000 0.022560
-1 2 0.121583 0.103856 180.923996 -1.000000 -1.000000 0.020706
-2 1 0.064916 0.096957 195.430099 -1.000000 -1.000000 0.022341
-1 2 0.137511 0.437683 185.210098 -1.000000 -1.000000 0.021260
1 -2 0.103803 0.119346 245.884399 -1.000000 -1.000000 0.015792
-4 3 0.045221 0.205790 231.787506 -1.000000 -1.000000 0.025536
2 2 0.348079 0.482556 964.805481 -1.000000 -1.000000 0.022997
2 0 0.310590 0.231063 317.588409 -1.000000 -1.000000 0.020759
2 0 0.343214 0.051612 184.917801 -1.000000 -1.000000 0.022375
2 -1 0.436918 0.040782 235.518799 -1.000000 -1.000000 0.019781
2 -1 0.279084 0.025449 195.088196 -1.000000 -1.000000 0.020585
2 0 0.363444 0.012265 182.908798 -1.000000 -1.000000 0.003233
0 2 0.061044 0.243423 231.906906 -1.000000 -1.000000 0.001087
2 -1 0.035309 0.115641 207.988098 -1.000000 -1.000000 0.021641
-1 2 0.032063 0.238100 261.226410 -1.000000 -1.000000 0.029950
1 0 0.076893 0.286479 180.973801 -1.000000 -1.000000 0.024722
-1 2 0.028301 0.232803 176.287598 -1.000000 -1.000000 0.003127
-4 0 0.089347 0.174183 267.577606 -1.000000 -1.000000 0.022422
-2 1 0.076828 0.086984 233.289795 -1.000000 -1.000000 0.024006
0 2 0.074294 0.450247 278.249603 -1.000000 -1.000000 0.020348
2 0 0.491726 0.192030 456.285614 -1.000000 -1.000000 0.004273
2 -1 0.457973 0.028724 252.277893 -1.000000 -1.000000 0.022182
0 2 0.028364 0.292013 220.589996 -1.000000 -1.000000 0.024953
2 -1 0.264725 0.055109 199.100006 -1.000000 -1.000000 0.025059
2 -1 0.047935 0.109765 220.015305 -1.000000 -1.000000 0.024451
1 0 0.528736 0.141120 517.736694 -1.000000 -1.000000 0.023046
1 0 0.299712 0.101626 282.779297 -1.000000 -1.000000 0.021694
0 4 0.056706 0.119743 236.984406 -1.000000 -1.000000 0.010839
1 0 0.047953 0.223441 198.746399 -1.000000 -1.000000 0.017684
1 -2 0.164086 0.108586 434.766205 -1.000000 -1.000000 0.010162
1 -2 0.060916 0.347822 198.939407 -1.000000 -1.000000 0.004124
-1 2 0.063849 0.281860 374.311798 -1.000000 -1.000000 0.022605
2 0 0.017948 0.370139 176.940903 -1.000000 -1.000000 0.028463
-1 2 0.105444 0.452921 358.168213 -1.000000 -1.000000 0.022892
1 1 0.116974 0.075256 184.821396 -1.000000 -1.000000 0.032996
2 -1 0.046183 0.223850 300.723389 -1.000000 -1.000000 0.020799
0 2 0.065586 0.187603 222.776596 -1.000000 -1.000000 0.015724
2 -1 0.078228 0.415974 195.737701 -1.000000 -1.000000 0.015689
2 0 0.359539 0.105221 226.941193 -1.000000 -1.000000 0.036845
2 0 0.618761 0.162636 374.590515 -1.000000 -1.000000 0.001198
-1 2 0.066465 0.165870 271.243103 -1.000000 -1.000000 0.024875
2 -1 0.217443 0.047208 182.570694 -1.000000 -1.000000 0.000967
2 -1 0.168924 0.105302 223.441101 -1.000000 -1.000000 0.014084
2 0 0.203793 0.113614 238.817795 -1.000000 -1.000000 0.022386
2 -1 0.227243 0.119268 246.626205 -1.000000 -1.000000 0.022821
-1 2 0.211739 0.113796 266.300903 -1.000000 -1.000000 0.023349
1 0 0.334699 0.038792 256.886810 -1.000000 -1.000000 0.022587
2 -1 0.253537 0.053221 175.933701 -1.000000 -1.000000 0.023248
1 -2 0.037279 0.217221 190.048004 -1.000000 -1.000000 0.010809
-1 2 0.095188 0.066764 176.434906 -1.000000 -1.000000 0.004938
2 -1 0.152326 0.075881 235.961395 -1.000000 -1.000000 0.008649
2 -1 0.259556 0.117146 184.926193 -1.000000 -1.000000 0.018252
0 1 0.144356 0.149332 191.966705 -1.000000 -1.000000 0.024684
-1 2 0.050392 0.419194 496.724396 -1.000000 -1.000000 0.022502
1 -2 0.275473 0.107322 678.442322 -1.000000 -1.000000 0.023622
1 -2 0.280876 0.028546 194.425903 -1.000000 -1.000000 0.036143
1 0 0.070796 0.269773 261.931213 -1.000000 -1.000000 0.004972
2 -1 0.098251 0.161613 230.252396 -1.000000 -1.000000 0.022241
-2 0 0.133950 0.163964 205.488205 -1.000000 -1.000000 0.021871
-2 1 0.379050 0.022680 224.459503 -1.000000 -1.000000 0.022227
-3 0 0.134342 0.147606 198.959198 -1.000000 -1.000000 0.021613
-2 1 0.137094 0.182230 192.965698 -1.000000 -1.000000 0.023544
0 1 0.206393 0.447459 199.070099 -1.000000 -1.000000 0.025398
2 1 0.031831 0.356457 181.595200 -1.000000 -1.000000 0.018011
1 -2 0.145361 0.152054 262.538391 -1.000000 -1.000000 0.022447
-1 2 0.094145 0.091975 183.228806 -1.000000 -1.000000 0.022378
-1 2 0.051825 0.127846 175.926498 -1.000000 -1.000000 0.020211
-1 2 0.036768 0.088158 181.737793 -1.000000 -1.000000 0.037592
0 2 0.302627 0.129683 304.476105 -1.000000 -1.000000 0.024620
-2 0 0.229278 0.039682 247.230499 -1.000000 -1.000000 0.023565
-1 2 0.323359 0.039455 304.860199 -1.000000 -1.000000 0.023951
-1 2 0.061477 0.354653 225.854507 -1.000000 -1.000000 0.022993
-1 2 0.073929 0.720467 259.801300 -1.000000 -1.000000 0.028219
0 1 0.065006 0.392630 443.676300 -1.000000 -1.000000 0.024793
2 -1 0.352940 0.084824 265.581085 -1.000000 -1.000000 0.022804
2 0 0.391192 0.073903 505.775787 -1.000000 -1.000000 0.024993
2 -1 0.529762 0.022150 186.925095 -1.000000 -1.000000 0.022356
-1 2 0.114712 0.168963 235.928207 -1.000000 -1.000000 0.021721
2 2 0.266828 0.164176 192.841705 -1.000000 -1.000000 0.004928
1 -2 0.328915 0.023005 181.719894 -1.000000 -1.000000 0.029219
-1 2 0.216665 0.157962 494.114410 -1.000000 -1.000000 0.001409
2 -1 0.129575 0.160950 203.410904 -1.000000 -1.000000 0.018776
1 0 0.458546 0.032190 257.424011 -1.000000 -1.000000 0.017053
2 -1 0.141250 0.066017 173.045105 -1.000000 -1.000000 0.024512
2 -1 0.086378 0.129597 193.754105 -1.000000 -1.000000 0.023064
-1 2 0.153370 0.093148 204.796402 -1.000000 -1.000000 0.028226
-2 1 0.104826 0.164511 208.828293 -1.000000 -1.000000 0.005519
2 -1 0.167835 0.102552 209.356705 -1.000000 -1.000000 0.001046
1 -2 0.075579 0.212820 263.037201 -1.000000 -1.000000 0.023374
