2 -2 0.122195 0.168374 293.987396 -1.000000 -1.000000 0.000127
1 -1 0.102661 0.246245 212.461105 -1.000000 -1.000000 0.000181
0 0 0.344863 0.134469 361.653809 -1.000000 -1.000000 0.000052
0 0 0.173844 0.213134 299.659485 -1.000000 -1.000000 0.000165
2 0 0.548846 0.127885 333.669006 -1.000000 -1.000000 0.000168
1 -1 0.304297 0.028618 173.319794 -1.000000 -1.000000 0.000182
0 2 0.241436 0.185381 269.990204 -1.000000 -1.000000 0.000161
2 -2 0.203412 0.035621 192.410995 -1.000000 -1.000000 0.000311
1 0 0.332833 0.080546 273.522797 -1.000000 -1.000000 0.000029
-2 2 0.065789 0.283864 288.786499 -1.000000 -1.000000 0.000182
2 -2 0.107046 0.121132 210.139893 -1.000000 -1.000000 0.000178
-1 1 0.123790 0.143876 216.027603 -1.000000 -1.000000 0.000182
0 0 0.110025 0.116911 259.825195 -1.000000 -1.000000 0.000147
0 0 0.180900 0.173702 546.992126 -1.000000 -1.000000 0.000038
0 0 0.401300 0.428102 262.458191 -1.000000 -1.000000 0.000190
0 2 0.098091 0.325972 675.153625 -1.000000 -1.000000 0.000188
2 -2 0.401634 0.033814 221.266098 -1.000000 -1.000000 0.000168
-2 2 0.047825 0.372329 221.286804 -1.000000 -1.000000 0.000100
0 0 0.281792 0.132729 347.950500 -1.000000 -1.000000 0.000200
0 2 0.118524 0.333872 278.120087 -1.000000 -1.000000 0.000186
0 0 0.278042 0.111748 370.129303 -1.000000 -1.000000 0.000170
-2 2 0.096281 0.192660 261.872589 -1.000000 -1.000000 0.000197
0 0 0.125006 0.293008 396.599792 -1.000000 -1.000000 0.000230
2 -2 0.187928 0.102037 236.744003 -1.000000 -1.000000 0.000202
-1 1 0.060691 0.184219 527.924622 -1.000000 -1.000000 0.000199
2 0 0.516472 0.029690 218.907501 -1.000000 -1.000000 0.000093
-1 1 0.085153 0.223926 267.075806 -1.000000 -1.000000 0.000066
2 -2 0.109715 0.160361 520.593506 -1.000000 -1.000000 0.000240
-1 1 0.229355 0.144378 398.254913 -1.000000 -1.000000 0.000190
-2 2 0.114146 0.173455 324.174896 -1.000000 -1.000000 0.000064
-1 1 0.039408 0.308002 309.271210 -1.000000 -1.000000 0.000198
1 -1 0.213577 0.068725 231.827499 -1.000000 -1.000000 0.000008
2 -2 0.433963 0.020684 249.941101 -1.000000 -1.000000 0.000260
2 -2 0.486348 0.024591 192.989807 -1.000000 -1.000000 0.000020
2 0 0.428106 0.030069 239.825806 -1.000000 -1.000000 0.000064
0 0 0.319014 0.191194 260.305298 -1.000000 -1.000000 0.000272
2 -2 0.126985 0.087297 175.227295 -1.000000 -1.000000 0.000181
2 -2 0.210157 0.035964 184.386002 -1.000000 -1.000000 0.000164
1 -1 0.345686 0.055964 181.412796 -1.000000 -1.000000 0.000178
1 -1 0.294832 0.148031 293.785706 -1.000000 -1.000000 0.000029
-1 1 0.238029 0.294782 450.092804 -1.000000 -1.000000 0.000039
1 -1 0.424325 0.057418 304.618988 -1.000000 -1.000000 0.000075
0 0 0.321322 0.097377 515.920776 -1.000000 -1.000000 0.000009
2 -2 0.318176 0.033212 235.391296 -1.000000 -1.000000 0.000186
1 -1 0.677700 0.086718 845.947083 -1.000000 -1.000000 0.000008
0 2 0.253654 0.112226 221.360703 -1.000000 -1.000000 0.000149
2 0 0.320906 0.047570 439.118286 -1.000000 -1.000000 0.000110
-2 2 0.057859 0.325398 338.005310 -1.000000 -1.000000 0.000190
-1 1 0.065910 0.275354 344.460205 -1.000000 -1.000000 0.000224
0 0 0.286386 0.034212 244.645096 -1.000000 -1.000000 0.000168
-2 2 0.070781 0.345744 323.873993 -1.000000 -1.000000 0.000169
2 -2 0.227671 0.164317 377.442810 -1.000000 -1.000000 0.000166
0 0 0.079662 0.175761 333.367401 -1.000000 -1.000000 0.000196
-1 1 0.140631 0.240605 229.961899 -1.000000 -1.000000 0.000195
-2 2 0.026275 0.530992 205.627106 -1.000000 -1.000000 0.000181
2 0 0.468733 0.103954 237.033493 -1.000000 -1.000000 0.000107
0 0 0.303270 0.112546 316.925812 -1.000000 -1.000000 0.000013
-2 2 0.134402 0.381281 562.562378 -1.000000 -1.000000 0.000020
1 -1 0.195913 0.131030 225.245193 -1.000000 -1.000000 0.000024
2 0 0.685216 0.051688 488.362000 -1.000000 -1.000000 0.000247
0 0 0.203185 0.181920 303.677704 -1.000000 -1.000000 0.000224
2 -2 0.298558 0.109267 653.815613 -1.000000 -1.000000 0.000172
0 0 0.052322 0.258606 298.206299 -1.000000 -1.000000 0.000173
0 2 0.188863 0.190017 191.718307 -1.000000 -1.000000 0.000021
1 -1 0.384754 0.069977 278.842590 -1.000000 -1.000000 0.000201
0 0 0.115889 0.207879 363.464111 -1.000000 -1.000000 0.000199
-2 2 0.186744 0.088969 173.770004 -1.000000 -1.000000 0.000267
2 0 0.132982 0.065928 385.298096 -1.000000 -1.000000 0.000182
2 0 0.264316 0.094916 210.688095 -1.000000 -1.000000 0.000203
-1 1 0.140880 0.146685 255.307404 -1.000000 -1.000000 0.000188
2 -2 0.356063 0.042897 486.141602 -1.000000 -1.000000 0.000102
1 -1 0.339064 0.077530 368.265106 -1.000000 -1.000000 0.000186
1 -1 0.172045 0.086623 424.569214 -1.000000 -1.000000 0.000172
-2 2 0.129887 0.474920 469.596191 -1.000000 -1.000000 0.000173
0 0 0.345060 0.072650 313.677887 -1.000000 -1.000000 0.000029
0 0 0.111647 0.144409 295.766815 -1.000000 -1.000000 0.000143
2 -2 0.301366 0.020497 182.298401 -1.000000 -1.000000 0.000011
2 -2 0.191299 0.033632 197.831207 -1.000000 -1.000000 0.000187
2 -2 0.124161 0.192955 398.204193 -1.000000 -1.000000 0.000200
0 0 0.115491 0.472260 759.508301 -1.000000 -1.000000 0.000123
0 0 0.211243 0.162722 225.453995 -1.000000 -1.000000 0.000169
2 -2 0.206200 0.175013 250.665298 -1.000000 -1.000000 0.000141
0 0 0.135236 0.094786 274.900208 -1.000000 -1.000000 0.000158
-5 5 0.294937 0.061339 229.157394 -1.000000 -1.000000 0.000177
0 1 0.180276 0.464930 225.558502 -1.000000 -1.000000 0.000164
-1 1 0.107026 0.075690 185.232193 -1.000000 -1.000000 0.000139
2 -2 0.218787 0.124439 308.941589 -1.000000 -1.000000 0.000222
2 -2 0.342315 0.056411 312.410187 -1.000000 -1.000000 0.000221
0 2 0.072184 0.483714 390.736206 -1.000000 -1.000000 0.000026
2 -2 0.298929 0.086284 439.830994 -1.000000 -1.000000 0.000176
-2 2 0.037195 0.294785 213.092407 -1.000000 -1.000000 0.000198
2 0 0.177792 0.071326 211.247696 -1.000000 -1.000000 0.000167
2 -2 0.493771 0.092723 264.321686 -1.000000 -1.000000 0.000151
2 -2 0.148501 0.454693 309.954498 -1.000000 -1.000000 0.000176
0 0 0.173293 0.059111 200.844894 -1.000000 -1.000000 0.000165
2 0 0.258633 0.136099 209.911194 -1.000000 -1.000000 0.000180
1 -1 0.087733 0.408991 245.585602 -1.000000 -1.000000 0.000073
2 -2 0.280894 0.153545 231.628906 -1.000000 -1.000000 0.000183
0 0 0.065956 0.154428 500.523499 -1.000000 -1.000000 0.000182
-1 1 0.201420 0.175048 524.135803 -1.000000 -1.000000 0.000020
0 0 0.253319 0.153781 317.013702 -1.000000 -1.000000 0.000261
2 0 0.243548 0.064245 209.214096 -1.000000 -1.000000 0.000076
1 0 0.190967 0.376695 532.026306 -1.000000 -1.000000 0.000174
1 0 0.220870 0.216650 210.550293 -1.000000 -1.000000 0.000181
1 -1 0.227315 0.122349 664.201782 -1.000000 -1.000000 0.000178
2 -2 0.315779 0.049566 196.896301 -1.000000 -1.000000 0.000190
2 0 0.533282 0.081679 196.910599 -1.000000 -1.000000 0.000182
-2 2 0.100675 0.233689 210.556305 -1.000000 -1.000000 0.000182
2 -2 0.140164 0.111103 254.377304 -1.000000 -1.000000 0.000204
0 0 0.196803 0.171077 239.620102 -1.000000 -1.000000 0.000243
-1 1 0.195662 0.056521 489.743805 -1.000000 -1.000000 0.000197
-2 2 0.098147 0.262453 281.851288 -1.000000 -1.000000 0.000179
1 -1 0.128463 0.241898 446.144897 -1.000000 -1.000000 0.000176
2 -2 0.190782 0.050434 202.544601 -1.000000 -1.000000 0.000202
-1 1 0.043617 0.189306 206.635895 -1.000000 -1.000000 0.000039
1 0 0.213700 0.191068 177.649597 -1.000000 -1.000000 0.000182
1 -1 0.410794 0.088636 279.694092 -1.000000 -1.000000 0.000296
3 -3 0.126832 0.110327 173.742096 -1.000000 -1.000000 0.000007
-2 2 0.032965 0.553128 226.397400 -1.000000 -1.000000 0.000166
2 -2 0.211573 0.154584 251.071793 -1.000000 -1.000000 0.000028
0 0 0.107776 0.076590 206.186600 -1.000000 -1.000000 0.000221
1 -1 0.341763 0.036068 486.907990 -1.000000 -1.000000 0.000176
0 1 0.230407 0.078443 255.063995 -1.000000 -1.000000 0.000102
-2 0 0.185141 0.094994 190.048096 -1.000000 -1.000000 0.000167
0 2 0.079287 0.422606 246.500900 -1.000000 -1.000000 0.000068
-2 2 0.048479 0.260430 421.946808 -1.000000 -1.000000 0.000183
-2 2 0.037082 0.310064 238.722305 -1.000000 -1.000000 0.000177
0 0 0.234300 0.072362 251.401093 -1.000000 -1.000000 0.000186
0 0 0.115830 0.219812 578.112427 -1.000000 -1.000000 0.000210
2 -2 0.154087 0.066086 202.473007 -1.000000 -1.000000 0.000203
-1 1 0.461812 0.052385 206.205597 -1.000000 -1.000000 0.000179
0 2 0.085082 0.249482 246.412094 -1.000000 -1.000000 0.000107
0 0 0.302774 0.071956 474.415588 -1.000000 -1.000000 0.000154
-2 2 0.030356 0.760052 274.579987 -1.000000 -1.000000 0.000143
-2 2 0.067878 0.575739 260.360687 -1.000000 -1.000000 0.000180
0 0 0.163265 0.394098 302.560913 -1.000000 -1.000000 0.000195
0 1 0.105081 0.359400 276.956696 -1.000000 -1.000000 0.000195
0 0 0.203497 0.064666 432.885010 -1.000000 -1.000000 0.000220
0 0 0.205125 0.072511 289.251312 -1.000000 -1.000000 0.000139
2 -2 0.256130 0.234666 361.515106 -1.000000 -1.000000 0.000174
0 0 0.247352 0.066540 216.737503 -1.000000 -1.000000 0.000194
1 -1 0.248329 0.209910 532.296570 -1.000000 -1.000000 0.000175
-1 1 0.222838 0.223077 681.981628 -1.000000 -1.000000 0.000190
2 -2 0.200883 0.060429 175.937103 -1.000000 -1.000000 0.000195
0 0 0.397677 0.099350 244.935593 -1.000000 -1.000000 0.000182
2 0 0.134200 0.073749 212.469101 -1.000000 -1.000000 0.000070
-2 2 0.098305 0.152031 245.525299 -1.000000 -1.000000 0.000183
0 0 0.133880 0.183729 352.280212 -1.000000 -1.000000 0.000187
0 0 0.374665 0.077262 314.140503 -1.000000 -1.000000 0.000195
-2 2 0.054637 0.159912 211.032104 -1.000000 -1.000000 0.000177
-2 2 0.130396 0.226762 490.608704 -1.000000 -1.000000 0.000176
0 0 0.087103 0.251372 341.320892 -1.000000 -1.000000 0.000117
-1 1 0.136037 0.257966 722.900696 -1.000000 -1.000000 0.000197
-2 2 0.022163 0.505206 244.559906 -1.000000 -1.000000 0.000219
2 -2 0.288085 0.141202 499.239502 -1.000000 -1.000000 0.000052
0 0 0.130378 0.193750 366.380402 -1.000000 -1.000000 0.000234
2 -2 0.293356 0.045893 295.248108 -1.000000 -1.000000 0.000009
-1 1 0.335581 0.197488 215.196899 -1.000000 -1.000000 0.000221
1 0 0.202325 0.163577 501.562408 -1.000000 -1.000000 0.000182
2 0 0.339533 0.147348 227.931793 -1.000000 -1.000000 0.000125
2 -2 0.374638 0.117258 247.765396 -1.000000 -1.000000 0.000029
-1 1 0.189472 0.119466 176.350204 -1.000000 -1.000000 0.000278
-2 2 0.066244 0.785326 318.159210 -1.000000 -1.000000 0.000120
1 -1 0.254278 0.048127 177.664902 -1.000000 -1.000000 0.000238
-1 1 0.057608 0.330463 217.688797 -1.000000 -1.000000 0.000136
-3 3 0.050731 0.239937 211.986206 -1.000000 -1.000000 0.000192
0 1 0.039951 0.565264 233.653198 -1.000000 -1.000000 0.000200
2 -2 0.128149 0.362012 403.041901 -1.000000 -1.000000 0.000171
1 -1 0.041858 0.754785 270.590210 -1.000000 -1.000000 0.000117
0 0 0.185720 0.077499 495.490204 -1.000000 -1.000000 0.000186
-2 2 0.148858 0.179274 266.626587 -1.000000 -1.000000 0.000147
2 -2 0.214602 0.050905 430.346100 -1.000000 -1.000000 0.000198
0 0 0.123195 0.224242 412.135895 -1.000000 -1.000000 0.000178
0 0 0.103597 0.110738 275.688812 -1.000000 -1.000000 0.000184
-2 2 0.038447 0.298369 180.059998 -1.000000 -1.000000 0.000166
1 -1 0.415794 0.107196 451.688812 -1.000000 -1.000000 0.000031
0 0 0.064395 0.257056 313.839294 -1.000000 -1.000000 0.000176
-2 2 0.089265 0.389664 218.660706 -1.000000 -1.000000 0.000012
-1 0 0.164484 0.119102 267.778198 -1.000000 -1.000000 0.000143
2 0 0.552649 0.059072 294.647186 -1.000000 -1.000000 0.000197
1 -1 0.352396 0.179959 869.608704 -1.000000 -1.000000 0.000189
1 -1 0.107126 0.100165 202.772903 -1.000000 -1.000000 0.000194
0 0 0.298147 0.131579 261.796600 -1.000000 -1.000000 0.000087
2 -2 0.262279 0.087364 214.015503 -1.000000 -1.000000 0.000269
0 0 0.300994 0.190048 236.568100 -1.000000 -1.000000 0.000085
2 -2 0.130479 0.124284 202.697693 -1.000000 -1.000000 0.000165
0 0 0.202115 0.175408 256.594696 -1.000000 -1.000000 0.000196
0 2 0.055065 0.556414 296.536591 -1.000000 -1.000000 0.000199
-1 1 0.069187 0.327317 457.295593 -1.000000 -1.000000 0.000147
-1 1 0.135663 0.340437 427.843109 -1.000000 -1.000000 0.000188
1 -1 0.167527 0.150943 249.296005 -1.000000 -1.000000 0.000123
2 -2 0.038574 0.172572 200.374100 -1.000000 -1.000000 0.000159
-1 1 0.123346 0.280204 297.392090 -1.000000 -1.000000 0.000204
-1 1 0.181955 0.283279 648.306824 -1.000000 -1.000000 0.000194
0 0 0.131455 0.091371 192.929993 -1.000000 -1.000000 0.000043
0 0 0.124166 0.134304 217.802094 -1.000000 -1.000000 0.000029
1 -1 0.613678 0.049787 340.397095 -1.000000 -1.000000 0.000071
2 -2 0.296179 0.201385 355.282593 -1.000000 -1.000000 0.000174
1 0 0.215462 0.317985 299.388794 -1.000000 -1.000000 0.000307
0 0 0.205536 0.264040 404.278809 -1.000000 -1.000000 0.000228
3 0 0.149856 0.301980 698.832214 -1.000000 -1.000000 0.000180
0 -4 0.158434 0.246165 313.913513 -1.000000 -1.000000 0.000282
2 -2 0.344393 0.024125 204.851593 -1.000000 -1.000000 0.000275
0 0 0.114597 0.175976 195.038101 -1.000000 -1.000000 0.000262
-1 1 0.105396 0.356536 398.200989 -1.000000 -1.000000 0.000174
0 0 0.188221 0.212673 291.879913 -1.000000 -1.000000 0.000179
1 0 0.141322 0.151734 193.217499 -1.000000 -1.000000 0.000181
1 -1 0.281751 0.105535 426.420685 -1.000000 -1.000000 0.000140
-1 1 0.096816 0.170397 271.485992 -1.000000 -1.000000 0.000145
4 -4 0.147984 0.116624 239.250793 -1.000000 -1.000000 0.000190
-1 1 0.173479 0.156671 366.460388 -1.000000 -1.000000 0.000181
1 -1 0.344113 0.098536 433.078308 -1.000000 -1.000000 0.000189
-5 0 0.142056 0.150107 244.725998 -1.000000 -1.000000 0.000104
0 2 0.071565 0.136917 224.669601 -1.000000 -1.000000 0.000265
1 -1 0.180601 0.058528 449.931000 -1.000000 -1.000000 0.000235
2 0 0.364963 0.140240 358.755096 -1.000000 -1.000000 0.000161
-2 2 0.150601 0.035516 186.373001 -1.000000 -1.000000 0.000198
1 -1 0.545785 0.040464 404.262909 -1.000000 -1.000000 0.000181
0 0 0.095670 0.116337 183.755707 -1.000000 -1.000000 0.000145
0 0 0.233489 0.317812 344.397095 -1.000000 -1.000000 0.000237
0 0 0.211877 0.263258 273.631592 -1.000000 -1.000000 0.000182
0 -5 0.164792 0.134382 190.920807 -1.000000 -1.000000 0.000144
0 2 0.144164 0.252948 311.151001 -1.000000 -1.000000 0.000205
1 -1 0.230421 0.074878 409.862213 -1.000000 -1.000000 0.000196
-1 1 0.115179 0.161244 195.059006 -1.000000 -1.000000 0.000190
0 0 0.306181 0.130834 309.180603 -1.000000 -1.000000 0.000110
-2 2 0.196598 0.358058 234.362701 -1.000000 -1.000000 0.000166
1 0 0.325820 0.149120 236.777206 -1.000000 -1.000000 0.000051
2 -2 0.292490 0.120390 763.619202 -1.000000 -1.000000 0.000143
2 -2 0.079777 0.131342 173.888901 -1.000000 -1.000000 0.000179
-2 2 0.035038 0.427955 196.621796 -1.000000 -1.000000 0.000183
0 0 0.137271 0.136157 274.038086 -1.000000 -1.000000 0.000155
2 0 0.172491 0.279271 223.099503 -1.000000 -1.000000 0.000176
-2 2 0.113129 0.078192 182.949295 -1.000000 -1.000000 0.000169
1 -1 0.262809 0.202618 322.023407 -1.000000 -1.000000 0.000187
-1 1 0.106197 0.185405 224.950104 -1.000000 -1.000000 0.000146
-1 1 0.157591 0.234543 368.929504 -1.000000 -1.000000 0.000108
-2 2 0.107624 0.498906 1033.072998 -1.000000 -1.000000 0.000191
2 -2 0.234116 0.179947 334.580597 -1.000000 -1.000000 0.000070
2 0 0.260052 0.123086 414.119202 -1.000000 -1.000000 0.000175
1 -1 0.344145 0.117407 315.033813 -1.000000 -1.000000 0.000178
2 -2 0.373580 0.082104 249.881699 -1.000000 -1.000000 0.000192
1 -1 0.200578 0.076986 212.685699 -1.000000 -1.000000 0.000173
0 1 0.248524 0.159979 263.025909 -1.000000 -1.000000 0.000172
-2 2 0.061028 0.341848 263.162506 -1.000000 -1.000000 0.000240
-3 3 0.253778 0.129520 359.466095 -1.000000 -1.000000 0.000200
2 -2 0.144616 0.133046 225.982193 -1.000000 -1.000000 0.000177
-1 1 0.168454 0.190179 314.887787 -1.000000 -1.000000 0.000162
1 -1 0.294448 0.263052 324.681610 -1.000000 -1.000000 0.000224
2 -2 0.203950 0.161729 605.197327 -1.000000 -1.000000 0.000201
-2 2 0.194442 0.080792 417.911011 -1.000000 -1.000000 0.000194
-1 1 0.060307 0.193827 275.052612 -1.000000 -1.000000 0.000222
2 -2 0.040819 0.244595 218.575104 -1.000000 -1.000000 0.000174
2 -2 0.470328 0.053959 588.362427 -1.000000 -1.000000 0.000270
-2 2 0.065922 0.356254 355.289215 -1.000000 -1.000000 0.000079
0 0 0.063726 0.176187 209.955093 -1.000000 -1.000000 0.000198
-1 1 0.094245 0.167779 248.393204 -1.000000 -1.000000 0.000181
2 0 0.291275 0.067939 236.048096 -1.000000 -1.000000 0.000205
0 2 0.074934 0.364448 434.635590 -1.000000 -1.000000 0.000167
-1 1 0.119265 0.321625 321.841614 -1.000000 -1.000000 0.000072
-2 2 0.143311 0.257137 223.187607 -1.000000 -1.000000 0.000178
-1 1 0.041780 0.371559 254.532806 -1.000000 -1.000000 0.000181
-2 2 0.133459 0.261100 268.861694 -1.000000 -1.000000 0.000126
-1 1 0.047221 0.175334 192.154099 -1.000000 -1.000000 0.000191
-2 2 0.110137 0.566609 928.847412 -1.000000 -1.000000 0.000192
0 0 0.180753 0.219988 317.821991 -1.000000 -1.000000 0.000197
-2 2 0.138069 0.067402 224.618393 -1.000000 -1.000000 0.000204
2 0 0.170766 0.159938 214.032104 -1.000000 -1.000000 0.000209
0 0 0.213831 0.061319 311.680298 -1.000000 -1.000000 0.000189
0 0 0.142197 0.089872 246.812897 -1.000000 -1.000000 0.000179
0 0 0.112829 0.198259 400.080902 -1.000000 -1.000000 0.000088
-1 1 0.094689 0.262059 210.866302 -1.000000 -1.000000 0.000177
0 2 0.224680 0.296216 392.091797 -1.000000 -1.000000 0.000204
2 -2 0.467537 0.042195 217.242905 -1.000000 -1.000000 0.000180
0 0 0.123335 0.099430 338.653107 -1.000000 -1.000000 0.000169
0 0 0.123929 0.099643 237.028305 -1.000000 -1.000000 0.000167
2 -2 0.416036 0.037313 218.123093 -1.000000 -1.000000 0.000176
-1 0 0.223065 0.380273 270.596985 -1.000000 -1.000000 0.000075
0 0 0.314741 0.046476 241.827194 -1.000000 -1.000000 0.000192
-2 2 0.195095 0.232028 201.036301 -1.000000 -1.000000 0.000087
-2 2 0.078242 0.271793 314.087891 -1.000000 -1.000000 0.000198
1 -1 0.153479 0.113999 179.848099 -1.000000 -1.000000 0.000283
2 -2 0.072567 0.321171 286.818207 -1.000000 -1.000000 0.000192
1 -1 0.036480 0.180770 187.532196 -1.000000 -1.000000 0.000281
0 0 0.268872 0.102159 264.040894 -1.000000 -1.000000 0.000196
-1 1 0.082293 0.350829 263.715698 -1.000000 -1.000000 0.000196
2 0 0.081215 0.333415 442.934113 -1.000000 -1.000000 0.000223
0 2 0.196523 0.116359 396.773590 -1.000000 -1.000000 0.000162
-1 1 0.126233 0.123518 180.543503 -1.000000 -1.000000 0.000175
0 2 0.105434 0.236341 224.703705 -1.000000 -1.000000 0.000191
-2 2 0.181965 0.438156 505.177490 -1.000000 -1.000000 0.000280
2 -2 0.113686 0.249748 261.633087 -1.000000 -1.000000 0.000178
-2 2 0.097969 0.138206 182.355606 -1.000000 -1.000000 0.000201
0 0 0.092674 0.285259 285.612396 -1.000000 -1.000000 0.000194
0 0 0.380146 0.075805 450.214294 -1.000000 -1.000000 0.000190
0 2 0.056901 0.559146 259.568695 -1.000000 -1.000000 0.000245
1 -1 0.268560 0.046591 206.887604 -1.000000 -1.000000 0.000196
0 0 0.245642 0.115836 308.040405 -1.000000 -1.000000 0.000202
1 -1 0.085706 0.149147 192.076004 -1.000000 -1.000000 0.000291
-1 1 0.110177 0.300595 372.146515 -1.000000 -1.000000 0.000159
-2 2 0.044236 0.425380 246.600601 -1.000000 -1.000000 0.000180
0 0 0.043067 0.291507 216.421997 -1.000000 -1.000000 0.000190
-2 2 0.163891 0.049082 206.483398 -1.000000 -1.000000 0.000007
2 -2 0.306008 0.037038 199.261398 -1.000000 -1.000000 0.000158
1 -1 0.228313 0.110110 413.550293 -1.000000 -1.000000 0.000218
-2 2 0.134243 0.580273 379.889801 -1.000000 -1.000000 0.000246
0 2 0.108862 0.581837 416.018097 -1.000000 -1.000000 0.000168
0 0 0.335897 0.115064 276.386688 -1.000000 -1.000000 0.000146
-2 2 0.144936 0.249059 184.021896 -1.000000 -1.000000 0.000182
0 0 0.172761 0.126699 356.469604 -1.000000 -1.000000 0.000188
-2 2 0.087430 0.570648 1052.707031 -1.000000 -1.000000 0.000268
0 1 0.171726 0.259553 258.971008 -1.000000 -1.000000 0.000008
2 -2 0.272108 0.052003 500.627991 -1.000000 -1.000000 0.000191
2 -2 0.372401 0.049760 523.557007 -1.000000 -1.000000 0.000179
-2 0 0.467993 0.075589 268.184204 -1.000000 -1.000000 0.000158
1 -1 0.122319 0.220329 504.884399 -1.000000 -1.000000 0.000008
2 -2 0.165994 0.177564 213.596603 -1.000000 -1.000000 0.000086
0 2 0.072770 0.406843 426.473694 -1.000000 -1.000000 0.000185
-2 2 0.145818 0.043618 186.775406 -1.000000 -1.000000 0.000161
2 0 0.313858 0.071112 269.760101 -1.000000 -1.000000 0.000177
0 -5 0.360799 0.048872 411.789795 -1.000000 -1.000000 0.000159
0 5 0.252573 0.059337 226.556900 -1.000000 -1.000000 0.000296
1 0 0.252958 0.250221 662.548218 -1.000000 -1.000000 0.000175
-1 1 0.135632 0.181737 445.180389 -1.000000 -1.000000 0.000197
0 0 0.194213 0.122409 315.138794 -1.000000 -1.000000 0.000229
-1 1 0.113269 0.160908 323.283508 -1.000000 -1.000000 0.000118
0 0 0.216273 0.154070 253.810501 -1.000000 -1.000000 0.000180
-2 2 0.149681 0.072029 196.402603 -1.000000 -1.000000 0.000015
2 -2 0.315381 0.031893 232.505005 -1.000000 -1.000000 0.000163
1 -1 0.152841 0.176435 302.581696 -1.000000 -1.000000 0.000148
2 0 0.376935 0.047362 479.232208 -1.000000 -1.000000 0.000184
0 2 0.153429 0.265649 271.786987 -1.000000 -1.000000 0.000110
-1 1 0.135864 0.327805 531.391479 -1.000000 -1.000000 0.000149
0 0 0.184529 0.082027 294.979187 -1.000000 -1.000000 0.000118
0 0 0.264470 0.183410 238.848099 -1.000000 -1.000000 0.000129
-2 2 0.248457 0.196818 297.214996 -1.000000 -1.000000 0.000210
0 0 0.093021 0.156661 205.561493 -1.000000 -1.000000 0.000191
0 0 0.291929 0.140330 736.416077 -1.000000 -1.000000 0.000167
1 -1 0.275314 0.067366 379.739594 -1.000000 -1.000000 0.000230
1 -1 0.335388 0.020587 210.343796 -1.000000 -1.000000 0.000160
-2 2 0.062571 0.378393 288.098785 -1.000000 -1.000000 0.000018
2 0 0.687063 0.046260 697.169312 -1.000000 -1.000000 0.000088
-2 2 0.099803 0.181327 242.739304 -1.000000 -1.000000 0.000198
2 -2 0.276247 0.232020 476.009186 -1.000000 -1.000000 0.000162
2 -2 0.047003 0.295146 217.295700 -1.000000 -1.000000 0.000106
-2 2 0.220293 0.310242 710.292725 -1.000000 -1.000000 0.000179
1 -1 0.247184 0.101720 216.199295 -1.000000 -1.000000 0.000103
1 -1 0.164469 0.085036 202.145493 -1.000000 -1.000000 0.000227
0 0 0.061695 0.537852 282.139099 -1.000000 -1.000000 0.000189
-2 2 0.131676 0.253919 510.394897 -1.000000 -1.000000 0.000257
0 0 0.178222 0.219388 227.774200 -1.000000 -1.000000 0.000184
1 -1 0.409870 0.300046 399.827209 -1.000000 -1.000000 0.000200
-2 2 0.148737 0.122238 190.388596 -1.000000 -1.000000 0.000040
-1 1 0.034697 0.376109 173.788803 -1.000000 -1.000000 0.000190
2 -2 0.077107 0.191443 227.418198 -1.000000 -1.000000 0.000172
2 0 0.232216 0.055541 214.764206 -1.000000 -1.000000 0.000084
2 -2 0.509693 0.029120 325.321106 -1.000000 -1.000000 0.000184
1 -1 0.316689 0.083766 395.239410 -1.000000 -1.000000 0.000198
0 0 0.155595 0.277005 317.233002 -1.000000 -1.000000 0.000190
0 0 0.127288 0.158553 271.704987 -1.000000 -1.000000 0.000205
0 0 0.163427 0.103736 560.752991 -1.000000 -1.000000 0.000088
0 0 0.300687 0.133445 269.904297 -1.000000 -1.000000 0.000034
-2 2 0.031297 0.661608 278.395508 -1.000000 -1.000000 0.000189
-1 1 0.124639 0.288008 364.601501 -1.000000 -1.000000 0.000230
2 0 0.354310 0.047940 265.208893 -1.000000 -1.000000 0.000311
-2 2 0.151841 0.181243 198.367294 -1.000000 -1.000000 0.000040
-1 1 0.214302 0.171762 567.736206 -1.000000 -1.000000 0.000190
2 0 0.268061 0.047576 254.211304 -1.000000 -1.000000 0.000178
0 2 0.042801 0.408687 185.744797 -1.000000 -1.000000 0.000148
0 1 0.238354 0.282205 306.989685 -1.000000 -1.000000 0.000198
1 0 0.252253 0.074966 193.836899 -1.000000 -1.000000 0.000223
2 0 0.488306 0.393462 489.750885 -1.000000 -1.000000 0.000213
-2 2 0.103372 0.372231 296.882996 -1.000000 -1.000000 0.000107
2 -2 0.183508 0.233430 262.062408 -1.000000 -1.000000 0.000049
1 -1 0.086738 0.229354 407.481415 -1.000000 -1.000000 0.000195
2 0 0.472921 0.157040 616.723022 -1.000000 -1.000000 0.000180
0 0 0.071790 0.183617 267.455597 -1.000000 -1.000000 0.000202
-1 1 0.043077 0.246764 173.330597 -1.000000 -1.000000 0.000185
2 0 0.345297 0.081049 386.525909 -1.000000 -1.000000 0.000183
2 0 0.271477 0.136894 187.168793 -1.000000 -1.000000 0.000147
-2 2 0.178560 0.442969 657.855530 -1.000000 -1.000000 0.000020
1 -1 0.080889 0.198602 485.322693 -1.000000 -1.000000 0.000255
1 0 0.261606 0.213291 609.498901 -1.000000 -1.000000 0.000199
1 0 0.306431 0.144024 240.069702 -1.000000 -1.000000 0.000180
2 0 0.232707 0.065793 322.937103 -1.000000 -1.000000 0.000150
2 -2 0.102736 0.083967 186.436905 -1.000000 -1.000000 0.000185
0 2 0.167548 0.163976 579.733887 -1.000000 -1.000000 0.000193
0 0 0.134065 0.106445 204.233307 -1.000000 -1.000000 0.000203
1 -1 0.115729 0.251635 195.793701 -1.000000 -1.000000 0.000175
-1 1 0.077758 0.550787 223.706100 -1.000000 -1.000000 0.000190
0 0 0.349600 0.071144 359.130615 -1.000000 -1.000000 0.000263
0 5 0.110770 0.140098 211.918503 -1.000000 -1.000000 0.000285
-2 2 0.252973 0.041100 193.380493 -1.000000 -1.000000 0.000015
-1 1 0.059068 0.151587 204.307693 -1.000000 -1.000000 0.000062
1 -1 0.280510 0.031989 189.490204 -1.000000 -1.000000 0.000175
-1 1 0.041896 0.528791 337.997009 -1.000000 -1.000000 0.000188
-2 2 0.205895 0.181686 236.676697 -1.000000 -1.000000 0.000167
0 0 0.073270 0.242714 289.114899 -1.000000 -1.000000 0.000192
0 0 0.193350 0.207375 228.383301 -1.000000 -1.000000 0.000177
-1 1 0.063453 0.210801 215.019394 -1.000000 -1.000000 0.000007
0 0 0.177687 0.271571 304.724304 -1.000000 -1.000000 0.000009
-1 1 0.331042 0.053813 398.723602 -1.000000 -1.000000 0.000297
-1 1 0.055432 0.149998 184.391998 -1.000000 -1.000000 0.000187
0 0 0.092296 0.111490 231.336395 -1.000000 -1.000000 0.000192
0 2 0.068401 0.253339 442.344788 -1.000000 -1.000000 0.000302
2 -2 0.284861 0.153332 697.566528 -1.000000 -1.000000 0.000092
-2 2 0.068201 0.275880 535.049927 -1.000000 -1.000000 0.000164
0 2 0.246187 0.441278 348.331512 -1.000000 -1.000000 0.000269
0 0 0.085746 0.145841 251.826508 -1.000000 -1.000000 0.000007
-1 1 0.195082 0.175561 376.074188 -1.000000 -1.000000 0.000070
2 -2 0.223916 0.060171 259.320709 -1.000000 -1.000000 0.000207
-1 1 0.145412 0.044507 173.274094 -1.000000 -1.000000 0.000156
0 0 0.113809 0.341291 398.383209 -1.000000 -1.000000 0.000167
0 0 0.114166 0.137012 262.749695 -1.000000 -1.000000 0.000193
2 0 0.158628 0.266674 195.319794 -1.000000 -1.000000 0.000274
-2 2 0.133740 0.224339 190.223999 -1.000000 -1.000000 0.000046
2 0 0.379936 0.120155 325.186096 -1.000000 -1.000000 0.000107
2 -2 0.301518 0.109029 496.622986 -1.000000 -1.000000 0.000210
2 0 0.467339 0.017251 210.576996 -1.000000 -1.000000 0.000007
0 0 0.130868 0.143857 397.458008 -1.000000 -1.000000 0.000195
0 2 0.304828 0.308157 557.953491 -1.000000 -1.000000 0.000131
-2 2 0.075804 0.082871 183.713898 -1.000000 -1.000000 0.000185
0 2 0.047611 0.590462 283.650909 -1.000000 -1.000000 0.000157
2 -2 0.121911 0.171988 206.080002 -1.000000 -1.000000 0.000173
-2 2 0.185629 0.235681 539.906799 -1.000000 -1.000000 0.000203
2 -2 0.354145 0.056474 351.354889 -1.000000 -1.000000 0.000184
0 1 0.183077 0.111923 216.955505 -1.000000 -1.000000 0.000162
2 -2 0.161950 0.115993 489.804901 -1.000000 -1.000000 0.000173
-2 2 0.143022 0.247153 492.936005 -1.000000 -1.000000 0.000167
2 -2 0.296245 0.107245 281.366302 -1.000000 -1.000000 0.000177
1 -1 0.246231 0.170486 727.016418 -1.000000 -1.000000 0.000165
2 -2 0.306504 0.051244 220.334305 -1.000000 -1.000000 0.000143
0 0 0.076653 0.254846 184.339905 -1.000000 -1.000000 0.000172
2 -2 0.192884 0.127448 325.105194 -1.000000 -1.000000 0.000295
0 2 0.064761 0.233486 252.122406 -1.000000 -1.000000 0.000085
0 2 0.134933 0.414979 533.171387 -1.000000 -1.000000 0.000229
-2 2 0.057640 0.195527 174.318802 -1.000000 -1.000000 0.000176
1 -1 0.190033 0.124325 278.095886 -1.000000 -1.000000 0.000166
-2 2 0.352852 0.044247 265.430389 -1.000000 -1.000000 0.000105
2 -2 0.213750 0.099707 271.707306 -1.000000 -1.000000 0.000218
-2 2 0.056443 0.218517 258.981995 -1.000000 -1.000000 0.000191
0 2 0.124796 0.506905 292.114685 -1.000000 -1.000000 0.000175
1 -1 0.142598 0.116172 227.622406 -1.000000 -1.000000 0.000279
1 -1 0.298331 0.119395 217.345398 -1.000000 -1.000000 0.000170
0 2 0.417114 0.149383 210.213501 -1.000000 -1.000000 0.000195
0 0 0.042599 0.416934 268.802704 -1.000000 -1.000000 0.000185
1 -1 0.170796 0.118388 334.151093 -1.000000 -1.000000 0.000202
-1 1 0.081778 0.305506 594.003174 -1.000000 -1.000000 0.000226
0 1 0.063872 0.275470 524.274902 -1.000000 -1.000000 0.000144
0 0 0.155524 0.161655 490.774689 -1.000000 -1.000000 0.000179
0 0 0.133540 0.311655 485.128906 -1.000000 -1.000000 0.000149
2 -2 0.426435 0.034580 211.647797 -1.000000 -1.000000 0.000177
1 -1 0.317127 0.056229 510.901215 -1.000000 -1.000000 0.000128
1 -1 0.190585 0.159062 412.886597 -1.000000 -1.000000 0.000143
0 0 0.047337 0.642783 228.504593 -1.000000 -1.000000 0.000159
-1 1 0.155641 0.231523 187.228699 -1.000000 -1.000000 0.000180
2 -2 0.069477 0.099914 181.455399 -1.000000 -1.000000 0.000246
0 0 0.160841 0.224729 306.788513 -1.000000 -1.000000 0.000307
-2 2 0.240733 0.099717 253.509796 -1.000000 -1.000000 0.000175
0 2 0.275845 0.216905 1067.073975 -1.000000 -1.000000 0.000192
-1 1 0.193849 0.085543 234.160706 -1.000000 -1.000000 0.000050
-2 2 0.522656 0.029992 218.970901 -1.000000 -1.000000 0.000175
2 -2 0.462901 0.075243 546.521912 -1.000000 -1.000000 0.000178
-1 1 0.039832 0.342987 279.861206 -1.000000 -1.000000 0.000160
1 -1 0.268537 0.054818 194.884094 -1.000000 -1.000000 0.000194
-2 2 0.115605 0.269525 264.657715 -1.000000 -1.000000 0.000184
-2 2 0.130474 0.122286 196.628006 -1.000000 -1.000000 0.000103
2 -2 0.224640 0.054970 173.220703 -1.000000 -1.000000 0.000189
0 0 0.303357 0.032495 474.450989 -1.000000 -1.000000 0.000111
2 -2 0.434647 0.031527 263.689392 -1.000000 -1.000000 0.000011
0 2 0.115337 0.477543 849.976929 -1.000000 -1.000000 0.000170
2 -2 0.129044 0.241322 329.271088 -1.000000 -1.000000 0.000124
1 -1 0.316388 0.053447 208.120300 -1.000000 -1.000000 0.000162
0 1 0.108095 0.221434 279.813110 -1.000000 -1.000000 0.000011
1 -1 0.120791 0.084807 202.641205 -1.000000 -1.000000 0.000116
2 -2 0.241498 0.060849 238.039307 -1.000000 -1.000000 0.000184
0 2 0.138070 0.358861 299.183289 -1.000000 -1.000000 0.000179
0 -2 0.095893 0.339186 368.513092 -1.000000 -1.000000 0.000172
-1 1 0.220795 0.130241 226.612000 -1.000000 -1.000000 0.000182
0 0 0.036084 0.453414 339.589294 -1.000000 -1.000000 0.000175
1 -1 0.088399 0.141214 211.591904 -1.000000 -1.000000 0.000182
2 -2 0.242341 0.126041 275.943207 -1.000000 -1.000000 0.000148
-1 1 0.329181 0.119361 279.186401 -1.000000 -1.000000 0.000237
0 2 0.144484 0.393331 335.487091 -1.000000 -1.000000 0.000180
2 -2 0.204057 0.052660 212.389801 -1.000000 -1.000000 0.000181
-1 1 0.036693 0.198661 178.554596 -1.000000 -1.000000 0.000193
0 2 0.166986 0.147653 241.168900 -1.000000 -1.000000 0.000144
1 -1 0.408599 0.034624 439.656097 -1.000000 -1.000000 0.000201
1 -1 0.318935 0.052918 320.267212 -1.000000 -1.000000 0.000175
0 0 0.182077 0.115252 340.679596 -1.000000 -1.000000 0.000194
2 0 0.328664 0.104233 315.724609 -1.000000 -1.000000 0.000184
-1 1 0.025807 0.559077 189.163895 -1.000000 -1.000000 0.000143
-1 1 0.081070 0.162968 357.742706 -1.000000 -1.000000 0.000117
2 0 0.441234 0.105244 243.959000 -1.000000 -1.000000 0.000176
-1 1 0.062427 0.132426 189.319107 -1.000000 -1.000000 0.000157
-2 2 0.213798 0.129158 479.635498 -1.000000 -1.000000 0.000194
2 -2 0.330491 0.055405 245.709595 -1.000000 -1.000000 0.000140
-2 2 0.070208 0.296746 352.989014 -1.000000 -1.000000 0.000186
0 1 0.130720 0.506107 250.497894 -1.000000 -1.000000 0.000106
0 0 0.320868 0.063303 275.068298 -1.000000 -1.000000 0.000261
0 0 0.223636 0.286383 592.359009 -1.000000 -1.000000 0.000188
2 -2 0.435988 0.034217 191.464706 -1.000000 -1.000000 0.000224
0 0 0.344341 0.168838 341.350708 -1.000000 -1.000000 0.000185
3 -3 0.131652 0.152365 226.002808 -1.000000 -1.000000 0.000040
2 -2 0.184425 0.059407 174.205902 -1.000000 -1.000000 0.000084
-2 2 0.165228 0.735855 1330.840942 -1.000000 -1.000000 0.000175
0 1 0.091512 0.143262 251.088699 -1.000000 -1.000000 0.000222
0 0 0.412223 0.048570 251.451096 -1.000000 -1.000000 0.000012
2 -2 0.215294 0.085162 185.407394 -1.000000 -1.000000 0.000185
0 4 0.187402 0.055486 209.000107 -1.000000 -1.000000 0.000111
0 0 0.168930 0.104301 189.370407 -1.000000 -1.000000 0.000196
-1 1 0.353827 0.038161 221.391495 -1.000000 -1.000000 0.000076
0 0 0.113134 0.141793 338.414307 -1.000000 -1.000000 0.000199
2 0 0.216968 0.274602 218.913193 -1.000000 -1.000000 0.000166
-1 1 0.087942 0.203564 481.073395 -1.000000 -1.000000 0.000138
-1 1 0.087415 0.107988 286.061005 -1.000000 -1.000000 0.000306
2 -2 0.154672 0.048847 188.477402 -1.000000 -1.000000 0.000124
2 -2 0.256813 0.072088 209.887802 -1.000000 -1.000000 0.000147
1 -1 0.125675 0.170532 174.001099 -1.000000 -1.000000 0.000199
2 0 0.260286 0.170410 296.715912 -1.000000 -1.000000 0.000171
-1 1 0.197331 0.109218 209.431793 -1.000000 -1.000000 0.000174
-2 2 0.072793 0.249331 532.495300 -1.000000 -1.000000 0.000029
-2 2 0.415822 0.134224 318.459900 -1.000000 -1.000000 0.000197
-2 2 0.022287 0.475192 179.423004 -1.000000 -1.000000 0.000009
2 0 0.212916 0.105275 315.542206 -1.000000 -1.000000 0.000194
2 -2 0.346350 0.091866 219.932602 -1.000000 -1.000000 0.000162
-2 2 0.045468 0.301577 238.373993 -1.000000 -1.000000 0.000287
0 2 0.212991 0.088925 197.389496 -1.000000 -1.000000 0.000298
-2 2 0.119420 0.190607 308.158600 -1.000000 -1.000000 0.000176
2 -2 0.113005 0.291811 393.281799 -1.000000 -1.000000 0.000157
2 -2 0.487010 0.252564 216.829803 -1.000000 -1.000000 0.000272
0 0 0.260187 0.091303 174.091599 -1.000000 -1.000000 0.000163
-2 2 0.081359 0.122645 174.965805 -1.000000 -1.000000 0.000307
2 -2 0.165507 0.143783 283.878387 -1.000000 -1.000000 0.000227
-2 2 0.062081 0.459012 228.814896 -1.000000 -1.000000 0.000178
-2 2 0.217682 0.166691 233.706100 -1.000000 -1.000000 0.000163
2 -2 0.360536 0.095467 360.739807 -1.000000 -1.000000 0.000184
0 2 0.118488 0.377818 269.238312 -1.000000 -1.000000 0.000309
-2 2 0.118011 0.362357 637.164307 -1.000000 -1.000000 0.000092
0 0 0.161397 0.161543 259.514008 -1.000000 -1.000000 0.000240
1 -1 0.225653 0.132880 241.248505 -1.000000 -1.000000 0.000040
0 0 0.171189 0.080447 273.411987 -1.000000 -1.000000 0.000175
0 0 0.092500 0.211952 607.664429 -1.000000 -1.000000 0.000200
0 0 0.306754 0.214574 663.199219 -1.000000 -1.000000 0.000191
0 0 0.040264 0.267304 222.515305 -1.000000 -1.000000 0.000185
2 -2 0.107163 0.268947 365.158112 -1.000000 -1.000000 0.000081
1 -1 0.320384 0.028769 181.718201 -1.000000 -1.000000 0.000296
2 -2 0.424032 0.024228 218.928894 -1.000000 -1.000000 0.000113
2 0 0.562535 0.288361 195.982101 -1.000000 -1.000000 0.000264
0 1 0.115117 0.177333 287.950806 -1.000000 -1.000000 0.000195
0 0 0.149067 0.350802 375.471588 -1.000000 -1.000000 0.000201
0 0 0.227800 0.081617 547.727905 -1.000000 -1.000000 0.000025
-5 0 0.100727 0.184152 455.076904 -1.000000 -1.000000 0.000296
0 0 0.230061 0.211938 330.792999 -1.000000 -1.000000 0.000180
2 -2 0.326144 0.083596 590.764282 -1.000000 -1.000000 0.000174
2 -2 0.237574 0.042624 180.610901 -1.000000 -1.000000 0.000058
2 -2 0.280733 0.084095 274.494690 -1.000000 -1.000000 0.000197
-2 2 0.032753 0.421522 491.285187 -1.000000 -1.000000 0.000010
0 1 0.109516 0.489360 184.601807 -1.000000 -1.000000 0.000035
-2 2 0.081373 0.371717 289.189209 -1.000000 -1.000000 0.000107
1 -1 0.200182 0.153796 219.724197 -1.000000 -1.000000 0.000104
1 -1 0.296356 0.059868 206.857193 -1.000000 -1.000000 0.000194
0 2 0.515157 0.311130 396.760986 -1.000000 -1.000000 0.000190
2 -2 0.418747 0.076110 185.484207 -1.000000 -1.000000 0.000197
1 -1 0.295825 0.207220 261.150604 -1.000000 -1.000000 0.000008
1 -1 0.469431 0.076530 844.294617 -1.000000 -1.000000 0.000195
-2 2 0.262569 0.317157 1143.906006 -1.000000 -1.000000 0.000184
2 -2 0.249233 0.277310 530.544189 -1.000000 -1.000000 0.000229
2 -2 0.568573 0.062528 302.660706 -1.000000 -1.000000 0.000287
0 0 0.260721 0.150217 233.817993 -1.000000 -1.000000 0.000199
0 0 0.281386 0.175090 393.034302 -1.000000 -1.000000 0.000309
2 -2 0.110192 0.261066 180.479095 -1.000000 -1.000000 0.000180
-2 2 0.131265 0.411919 442.349701 -1.000000 -1.000000 0.000174
0 0 0.227298 0.112077 436.297089 -1.000000 -1.000000 0.000173
0 0 0.213460 0.108104 282.462494 -1.000000 -1.000000 0.000226
2 0 0.518997 0.046565 196.796204 -1.000000 -1.000000 0.000158
2 -2 0.438370 0.063723 206.886002 -1.000000 -1.000000 0.000063
0 0 0.074216 0.204371 277.203400 -1.000000 -1.000000 0.000230
0 2 0.127630 0.412985 616.735596 -1.000000 -1.000000 0.000118
2 0 0.441418 0.114482 330.944092 -1.000000 -1.000000 0.000191
-1 1 0.079430 0.183228 275.885712 -1.000000 -1.000000 0.000204
-2 2 0.073504 0.284851 289.550415 -1.000000 -1.000000 0.000009
1 -1 0.091130 0.155817 246.922302 -1.000000 -1.000000 0.000164
0 0 0.079168 0.090140 177.024002 -1.000000 -1.000000 0.000068
0 0 0.056729 0.336314 306.690308 -1.000000 -1.000000 0.000180
0 0 0.218581 0.122785 208.212708 -1.000000 -1.000000 0.000069
0 0 0.041830 0.218457 271.872009 -1.000000 -1.000000 0.000171
1 -1 0.249154 0.121337 257.311096 -1.000000 -1.000000 0.000173
2 0 0.377126 0.051368 336.818207 -1.000000 -1.000000 0.000185
-2 2 0.194198 0.163787 678.058289 -1.000000 -1.000000 0.000176
-1 1 0.049729 0.515349 236.115707 -1.000000 -1.000000 0.000166
2 -2 0.363808 0.012911 181.907196 -1.000000 -1.000000 0.000074
0 0 0.191118 0.132426 204.023804 -1.000000 -1.000000 0.000181
0 0 0.199001 0.278726 393.222992 -1.000000 -1.000000 0.000198
2 0 0.179432 0.107275 259.169708 -1.000000 -1.000000 0.000297
2 -2 0.246777 0.141055 385.840790 -1.000000 -1.000000 0.000176
2 -2 0.423601 0.036485 253.004303 -1.000000 -1.000000 0.000183
-2 2 0.067406 0.126483 228.543594 -1.000000 -1.000000 0.000126
-1 1 0.047558 0.408121 231.466400 -1.000000 -1.000000 0.000148
-1 1 0.228347 0.089424 481.568298 -1.000000 -1.000000 0.000172
0 2 0.109652 0.172363 191.712494 -1.000000 -1.000000 0.000201
-2 2 0.236723 0.405014 343.243591 -1.000000 -1.000000 0.000037
2 -2 0.355190 0.095306 241.981705 -1.000000 -1.000000 0.000189
0 2 0.044374 0.398848 200.692505 -1.000000 -1.000000 0.000169
0 0 0.098379 0.093515 201.744400 -1.000000 -1.000000 0.000276
0 0 0.177578 0.123045 318.790314 -1.000000 -1.000000 0.000194
1 -1 0.118513 0.179342 311.362000 -1.000000 -1.000000 0.000084
2 -2 0.498702 0.158196 915.290771 -1.000000 -1.000000 0.000167
2 -2 0.302708 0.074169 279.122498 -1.000000 -1.000000 0.000156
1 -1 0.164155 0.115733 316.060394 -1.000000 -1.000000 0.000009
1 -1 0.412229 0.047697 254.417099 -1.000000 -1.000000 0.000009
0 0 0.088820 0.279268 399.322388 -1.000000 -1.000000 0.000182
-2 2 0.053739 0.481133 498.220398 -1.000000 -1.000000 0.000226
2 0 0.204204 0.250058 277.816589 -1.000000 -1.000000 0.000144
2 0 0.305006 0.096869 288.691101 -1.000000 -1.000000 0.000054
1 -1 0.332439 0.055607 282.539398 -1.000000 -1.000000 0.000198
1 -1 0.261401 0.037272 205.137604 -1.000000 -1.000000 0.000174
0 0 0.059517 0.397401 581.250000 -1.000000 -1.000000 0.000028
0 2 0.075956 0.324544 234.323395 -1.000000 -1.000000 0.000275
-2 2 0.053355 0.313791 198.615295 -1.000000 -1.000000 0.000156
3 -3 0.222906 0.054711 195.305603 -1.000000 -1.000000 0.000191
-2 2 0.084345 0.247981 343.581512 -1.000000 -1.000000 0.000024
2 -2 0.220520 0.033364 177.193298 -1.000000 -1.000000 0.000201
-2 2 0.055241 0.350117 347.309387 -1.000000 -1.000000 0.000268
0 0 0.195000 0.365518 549.591980 -1.000000 -1.000000 0.000200
-1 1 0.300701 0.129088 206.615997 -1.000000 -1.000000 0.000189
2 0 0.173836 0.087961 272.984100 -1.000000 -1.000000 0.000020
2 0 0.157021 0.086368 236.431305 -1.000000 -1.000000 0.000179
0 0 0.126699 0.234426 372.361786 -1.000000 -1.000000 0.000174
-1 1 0.093314 0.372077 257.953888 -1.000000 -1.000000 0.000190
1 -1 0.228128 0.097739 278.702789 -1.000000 -1.000000 0.000187
0 2 0.084479 0.301362 288.690094 -1.000000 -1.000000 0.000181
2 0 0.176632 0.278306 276.727600 -1.000000 -1.000000 0.000176
3 -3 0.166391 0.164437 185.531006 -1.000000 -1.000000 0.000175
-1 1 0.017917 0.366254 172.893799 -1.000000 -1.000000 0.000175
-2 2 0.057284 0.176900 207.696594 -1.000000 -1.000000 0.000286
-2 2 0.066039 0.360390 216.909897 -1.000000 -1.000000 0.000199
0 2 0.096253 0.237144 196.831802 -1.000000 -1.000000 0.000131
-2 2 0.096258 0.120585 303.272003 -1.000000 -1.000000 0.000194
-3 3 0.098408 0.202411 296.493408 -1.000000 -1.000000 0.000205
1 -1 0.245683 0.072517 453.581909 -1.000000 -1.000000 0.000034
0 0 0.052902 0.337924 407.509796 -1.000000 -1.000000 0.000187
2 -2 0.318394 0.158124 371.282898 -1.000000 -1.000000 0.000032
0 2 0.130529 0.297948 409.235901 -1.000000 -1.000000 0.000262
0 2 0.072150 0.376156 311.377502 -1.000000 -1.000000 0.000178
1 -1 0.298867 0.093542 386.594086 -1.000000 -1.000000 0.000178
0 0 0.089515 0.284283 227.115906 -1.000000 -1.000000 0.000009
0 0 0.218569 0.038233 190.925293 -1.000000 -1.000000 0.000166
0 0 0.173065 0.132674 289.101013 -1.000000 -1.000000 0.000177
0 0 0.267722 0.478564 311.446991 -1.000000 -1.000000 0.000202
0 0 0.112676 0.179850 208.663406 -1.000000 -1.000000 0.000208
0 0 0.031724 0.785783 322.227295 -1.000000 -1.000000 0.000160
2 -2 0.285369 0.113439 409.809387 -1.000000 -1.000000 0.000297
1 -1 0.487773 0.199324 685.690796 -1.000000 -1.000000 0.000294
-2 2 0.116956 0.279159 193.404007 -1.000000 -1.000000 0.000295
2 -2 0.310452 0.040906 456.923798 -1.000000 -1.000000 0.000089
2 -2 0.050085 0.265459 193.869598 -1.000000 -1.000000 0.000181
0 0 0.196564 0.088532 261.143707 -1.000000 -1.000000 0.000075
2 -2 0.243936 0.044853 252.961197 -1.000000 -1.000000 0.000191
2 -2 0.160130 0.064874 202.074402 -1.000000 -1.000000 0.000197
1 -1 0.166906 0.270367 263.566193 -1.000000 -1.000000 0.000176
2 0 0.208688 0.065171 177.921204 -1.000000 -1.000000 0.000163
-5 0 0.046252 0.281875 200.816895 -1.000000 -1.000000 0.000192
2 -2 0.739330 0.065495 175.065506 -1.000000 -1.000000 0.000171
2 -2 0.249208 0.122970 602.661926 -1.000000 -1.000000 0.000193
-1 1 0.064170 0.198184 252.197205 -1.000000 -1.000000 0.000163
2 -2 0.154349 0.054367 204.084198 -1.000000 -1.000000 0.000179
-2 0 0.097701 0.104310 187.919800 -1.000000 -1.000000 0.000193
0 0 0.211012 0.109792 322.936188 -1.000000 -1.000000 0.000179
2 -2 0.288828 0.091869 388.899689 -1.000000 -1.000000 0.000008
2 -2 0.203835 0.090089 312.916687 -1.000000 -1.000000 0.000202
-3 3 0.135215 0.151341 293.631897 -1.000000 -1.000000 0.000247
0 0 0.031439 0.434620 225.701004 -1.000000 -1.000000 0.000198
-1 1 0.071862 0.128882 191.828995 -1.000000 -1.000000 0.000105
-2 2 0.051844 0.404881 218.288300 -1.000000 -1.000000 0.000280
2 0 0.511231 0.070508 296.147003 -1.000000 -1.000000 0.000081
2 -2 0.085906 0.281136 216.078598 -1.000000 -1.000000 0.000193
-1 1 0.094603 0.219395 178.573593 -1.000000 -1.000000 0.000162
1 -1 0.116685 0.094915 232.204895 -1.000000 -1.000000 0.000192
0 1 0.239412 0.086251 179.272598 -1.000000 -1.000000 0.000049
0 0 0.165394 0.122813 289.045105 -1.000000 -1.000000 0.000188
2 0 0.315663 0.109272 583.873779 -1.000000 -1.000000 0.000207
-2 2 0.091420 0.383295 362.884491 -1.000000 -1.000000 0.000166
-1 1 0.219655 0.185143 313.869293 -1.000000 -1.000000 0.000204
2 -2 0.337371 0.185127 256.781097 -1.000000 -1.000000 0.000020
2 -2 0.056388 0.248153 520.027527 -1.000000 -1.000000 0.000193
0 0 0.155042 0.301819 271.328400 -1.000000 -1.000000 0.000288
1 -1 0.181459 0.191302 567.188171 -1.000000 -1.000000 0.000191
2 -2 0.079885 0.205483 228.998901 -1.000000 -1.000000 0.000171
0 0 0.146051 0.110859 297.823486 -1.000000 -1.000000 0.000189
2 -2 0.512613 0.017141 462.665710 -1.000000 -1.000000 0.000193
0 0 0.101954 0.203346 220.410995 -1.000000 -1.000000 0.000156
0 -4 0.233055 0.099039 206.989304 -1.000000 -1.000000 0.000175
2 -2 0.121024 0.165672 281.620911 -1.000000 -1.000000 0.000269
-2 2 0.188477 0.290372 433.425201 -1.000000 -1.000000 0.000266
2 -2 0.422611 0.159365 322.276306 -1.000000 -1.000000 0.000173
2 0 0.060921 0.459964 451.604004 -1.000000 -1.000000 0.000182
-2 2 0.139026 0.225213 215.231506 -1.000000 -1.000000 0.000247
1 -1 0.191595 0.122993 479.866302 -1.000000 -1.000000 0.000177
2 -2 0.216703 0.362828 1072.233032 -1.000000 -1.000000 0.000176
1 -1 0.161037 0.115664 252.343994 -1.000000 -1.000000 0.000052
1 -1 0.142497 0.180163 220.955002 -1.000000 -1.000000 0.000177
0 2 0.082081 0.326170 359.063202 -1.000000 -1.000000 0.000198
0 0 0.143940 0.201543 302.601501 -1.000000 -1.000000 0.000296
1 -1 0.419287 0.061351 555.846680 -1.000000 -1.000000 0.000278
0 0 0.152505 0.094034 283.996887 -1.000000 -1.000000 0.000085
-2 2 0.136203 0.278386 197.319305 -1.000000 -1.000000 0.000302
0 0 0.131038 0.106087 210.867493 -1.000000 -1.000000 0.000054
1 -1 0.189559 0.046380 198.513901 -1.000000 -1.000000 0.000176
0 0 0.217076 0.153267 734.971497 -1.000000 -1.000000 0.000181
0 0 0.269101 0.133848 330.948914 -1.000000 -1.000000 0.000118
-2 2 0.118780 0.165852 254.774002 -1.000000 -1.000000 0.000179
0 1 0.116203 0.339283 415.281097 -1.000000 -1.000000 0.000143
-2 2 0.059286 0.305904 291.623901 -1.000000 -1.000000 0.000069
0 2 0.281944 0.151677 437.491791 -1.000000 -1.000000 0.000177
0 -5 0.379139 0.062125 228.351593 -1.000000 -1.000000 0.000177
-1 1 0.251861 0.077368 470.964813 -1.000000 -1.000000 0.000186
1 -1 0.071253 0.113537 189.509094 -1.000000 -1.000000 0.000159
1 -1 0.164755 0.342729 197.397507 -1.000000 -1.000000 0.000196
0 0 0.141475 0.141242 491.296387 -1.000000 -1.000000 0.000196
1 -1 0.057860 0.209998 298.749695 -1.000000 -1.000000 0.000039
-1 1 0.189422 0.087450 270.997314 -1.000000 -1.000000 0.000173
-1 1 0.251113 0.096324 381.480988 -1.000000 -1.000000 0.000192
-1 1 0.031147 0.715261 203.122406 -1.000000 -1.000000 0.000159
0 0 0.373716 0.139224 409.110413 -1.000000 -1.000000 0.000166
-2 2 0.043039 0.303695 237.001099 -1.000000 -1.000000 0.000179
-2 2 0.182962 0.190055 279.760590 -1.000000 -1.000000 0.000181
1 0 0.278026 0.173204 363.076111 -1.000000 -1.000000 0.000223
0 0 0.078016 0.403477 278.686707 -1.000000 -1.000000 0.000194
-2 2 0.092502 0.133177 219.363205 -1.000000 -1.000000 0.000029
-1 1 0.332100 0.138600 586.476990 -1.000000 -1.000000 0.000131
0 2 0.151489 0.293326 439.760101 -1.000000 -1.000000 0.000225
0 0 0.114924 0.369669 318.893707 -1.000000 -1.000000 0.000193
2 0 0.170281 0.284601 209.464905 -1.000000 -1.000000 0.000227
1 -1 0.264578 0.050913 218.069397 -1.000000 -1.000000 0.000195
0 0 0.216826 0.216516 454.204010 -1.000000 -1.000000 0.000182
-2 2 0.177515 0.207869 616.924683 -1.000000 -1.000000 0.000196
0 0 0.281156 0.087274 211.020493 -1.000000 -1.000000 0.000180
0 0 0.105940 0.209638 415.158691 -1.000000 -1.000000 0.000178
0 0 0.108677 0.190177 218.947693 -1.000000 -1.000000 0.000183
0 0 0.176872 0.069493 234.926804 -1.000000 -1.000000 0.000027
1 -1 0.533790 0.035196 327.739014 -1.000000 -1.000000 0.000160
-2 0 0.193233 0.155893 249.500702 -1.000000 -1.000000 0.000174
-2 2 0.108772 0.159916 260.924896 -1.000000 -1.000000 0.000177
0 2 0.107389 0.331938 392.188507 -1.000000 -1.000000 0.000173
2 -2 0.063191 0.165593 222.063400 -1.000000 -1.000000 0.000178
-1 1 0.071930 0.218815 187.398102 -1.000000 -1.000000 0.000185
2 0 0.248120 0.209592 283.954712 -1.000000 -1.000000 0.000163
-1 1 0.072652 0.186281 196.732498 -1.000000 -1.000000 0.000164
-1 1 0.075666 0.142009 176.871094 -1.000000 -1.000000 0.000188
-2 2 0.054860 0.226866 258.057495 -1.000000 -1.000000 0.000008
0 2 0.052894 0.355349 300.160187 -1.000000 -1.000000 0.000068
1 -1 0.093358 0.193262 239.775803 -1.000000 -1.000000 0.000189
2 -2 0.272325 0.099454 422.557190 -1.000000 -1.000000 0.000196
2 -2 0.334244 0.098082 251.807404 -1.000000 -1.000000 0.000105
0 0 0.519966 0.156692 204.654099 -1.000000 -1.000000 0.000169
-1 1 0.216575 0.119000 258.914612 -1.000000 -1.000000 0.000124
2 -2 0.417232 0.038628 292.987915 -1.000000 -1.000000 0.000177
-2 2 0.049085 0.342987 227.666504 -1.000000 -1.000000 0.000158
0 1 0.118026 0.151241 243.046494 -1.000000 -1.000000 0.000213
0 0 0.607778 0.116437 483.187286 -1.000000 -1.000000 0.000172
2 0 0.278762 0.108295 441.536407 -1.000000 -1.000000 0.000020
-2 2 0.087216 0.264532 430.140991 -1.000000 -1.000000 0.000188
2 -2 0.298769 0.036974 204.875000 -1.000000 -1.000000 0.000192
2 -2 0.254016 0.050478 417.501801 -1.000000 -1.000000 0.000107
-2 2 0.156956 0.197379 411.473602 -1.000000 -1.000000 0.000183
-2 2 0.048522 0.315164 213.352005 -1.000000 -1.000000 0.000108
0 0 0.192856 0.476811 413.889893 -1.000000 -1.000000 0.000169
-2 2 0.203164 0.218499 334.553497 -1.000000 -1.000000 0.000166
1 -1 0.423173 0.083414 472.522614 -1.000000 -1.000000 0.000189
-2 2 0.259613 0.285662 259.837006 -1.000000 -1.000000 0.000105
2 -2 0.149631 0.126979 296.674988 -1.000000 -1.000000 0.000196
0 0 0.105848 0.317978 306.745605 -1.000000 -1.000000 0.000127
2 -2 0.311511 0.093352 269.477997 -1.000000 -1.000000 0.000048
-2 2 0.231226 0.199257 181.591202 -1.000000 -1.000000 0.000186
2 0 0.335642 0.072737 297.180511 -1.000000 -1.000000 0.000192
0 0 0.122601 0.150510 194.472305 -1.000000 -1.000000 0.000087
-1 1 0.154458 0.071315 248.210297 -1.000000 -1.000000 0.000127
0 0 0.320158 0.368964 844.921021 -1.000000 -1.000000 0.000259
0 0 0.227070 0.189338 349.454193 -1.000000 -1.000000 0.000222
1 -1 0.335707 0.030973 181.856094 -1.000000 -1.000000 0.000161
0 2 0.218301 0.238928 201.644699 -1.000000 -1.000000 0.000195
0 0 0.284191 0.135815 386.895813 -1.000000 -1.000000 0.000183
-2 2 0.055056 0.153155 215.310699 -1.000000 -1.000000 0.000009
0 2 0.057027 0.192677 191.011002 -1.000000 -1.000000 0.000034
0 0 0.281288 0.132057 439.801300 -1.000000 -1.000000 0.000165
0 2 0.077206 0.380077 524.060425 -1.000000 -1.000000 0.000090
-2 2 0.046886 0.239459 214.893997 -1.000000 -1.000000 0.000300
1 -1 0.201909 0.098705 215.279907 -1.000000 -1.000000 0.000188
-2 2 0.066396 0.281081 298.938385 -1.000000 -1.000000 0.000018
2 -2 0.152256 0.102649 575.064270 -1.000000 -1.000000 0.000195
-2 2 0.137146 0.461803 544.710083 -1.000000 -1.000000 0.000201
1 -1 0.084698 0.238527 240.843796 -1.000000 -1.000000 0.000191
1 -1 0.156221 0.199750 382.540497 -1.000000 -1.000000 0.000039
0 0 0.095620 0.117561 214.317505 -1.000000 -1.000000 0.000199
2 -2 0.103470 0.267015 208.744095 -1.000000 -1.000000 0.000179
0 0 0.133973 0.125193 382.525787 -1.000000 -1.000000 0.000194
2 0 0.082769 0.325888 441.944214 -1.000000 -1.000000 0.000017
-1 0 0.086521 0.308073 438.882812 -1.000000 -1.000000 0.000200
1 -1 0.158844 0.171811 707.692810 -1.000000 -1.000000 0.000178
2 0 0.516092 0.028369 243.680695 -1.000000 -1.000000 0.000194
-1 1 0.118832 0.129236 267.746094 -1.000000 -1.000000 0.000189
0 0 0.175378 0.137755 410.826691 -1.000000 -1.000000 0.000187
0 0 0.158067 0.227329 307.235687 -1.000000 -1.000000 0.000179
2 -2 0.491463 0.058124 237.734604 -1.000000 -1.000000 0.000159
1 -1 0.247030 0.110792 173.659393 -1.000000 -1.000000 0.000183
0 0 0.265687 0.036745 267.181213 -1.000000 -1.000000 0.000162
2 -2 0.320869 0.059002 330.801208 -1.000000 -1.000000 0.000185
0 0 0.092012 0.178195 240.001999 -1.000000 -1.000000 0.000288
2 -2 0.593412 0.089268 244.983307 -1.000000 -1.000000 0.000190
0 2 0.132932 0.179800 410.451904 -1.000000 -1.000000 0.000193
-1 1 0.150415 0.417199 561.077393 -1.000000 -1.000000 0.000175
-2 2 0.156258 0.055601 175.096893 -1.000000 -1.000000 0.000104
0 -4 0.171823 0.223138 197.783493 -1.000000 -1.000000 0.000039
3 0 0.070136 0.442070 211.454803 -1.000000 -1.000000 0.000163
-1 1 0.238152 0.248020 261.052094 -1.000000 -1.000000 0.000175
-2 2 0.066415 0.312750 233.661102 -1.000000 -1.000000 0.000166
1 -1 0.413984 0.168062 298.269287 -1.000000 -1.000000 0.000128
-2 2 0.041186 0.251470 177.011093 -1.000000 -1.000000 0.000162
1 -1 0.093901 0.272967 514.409485 -1.000000 -1.000000 0.000146
1 -1 0.516088 0.017093 182.001999 -1.000000 -1.000000 0.000142
1 0 0.338969 0.107456 443.096313 -1.000000 -1.000000 0.000040
-2 2 0.069759 0.131977 203.366898 -1.000000 -1.000000 0.000194
2 -2 0.439160 0.026578 431.825897 -1.000000 -1.000000 0.000172
0 2 0.158251 0.300812 341.179993 -1.000000 -1.000000 0.000069
-2 2 0.060784 0.471914 374.344513 -1.000000 -1.000000 0.000177
2 -2 0.224745 0.177952 551.086121 -1.000000 -1.000000 0.000086
1 -1 0.137248 0.126042 256.828400 -1.000000 -1.000000 0.000145
-2 2 0.050705 0.518648 193.678696 -1.000000 -1.000000 0.000303
-2 2 0.083293 0.381869 349.001190 -1.000000 -1.000000 0.000192
0 2 0.102499 0.332706 283.705292 -1.000000 -1.000000 0.000222
2 -2 0.269173 0.045218 183.545395 -1.000000 -1.000000 0.000166
0 0 0.080203 0.242033 257.550293 -1.000000 -1.000000 0.000199
0 0 0.085920 0.187048 258.504395 -1.000000 -1.000000 0.000036
0 0 0.205350 0.328765 305.805115 -1.000000 -1.000000 0.000187
5 0 0.167679 0.101702 243.652206 -1.000000 -1.000000 0.000067
1 0 0.263412 0.263486 295.450409 -1.000000 -1.000000 0.000029
1 -1 0.255396 0.055110 265.067993 -1.000000 -1.000000 0.000294
1 -1 0.081727 0.274993 250.319504 -1.000000 -1.000000 0.000182
0 0 0.205155 0.132152 248.457397 -1.000000 -1.000000 0.000180
2 -2 0.366208 0.030691 204.099503 -1.000000 -1.000000 0.000194
-1 1 0.028791 0.280657 206.722305 -1.000000 -1.000000 0.000052
1 0 0.494489 0.014654 173.641907 -1.000000 -1.000000 0.000188
-2 2 0.152632 0.112394 219.647995 -1.000000 -1.000000 0.000159
-1 0 0.137974 0.374234 300.772888 -1.000000 -1.000000 0.000229
2 0 0.229259 0.292344 281.144714 -1.000000 -1.000000 0.000179
-2 2 0.130516 0.341662 830.576721 -1.000000 -1.000000 0.000161
0 0 0.224247 0.087517 318.236389 -1.000000 -1.000000 0.000086
2 -2 0.146528 0.201372 368.132904 -1.000000 -1.000000 0.000200
0 2 0.132288 0.351156 507.638489 -1.000000 -1.000000 0.000301
0 2 0.165362 0.080434 196.222595 -1.000000 -1.000000 0.000138
2 -2 0.102055 0.107645 226.303696 -1.000000 -1.000000 0.000205
-2 2 0.140889 0.202825 215.874695 -1.000000 -1.000000 0.000180
1 -1 0.245817 0.157638 210.470398 -1.000000 -1.000000 0.000275
3 -3 0.185332 0.105220 562.784790 -1.000000 -1.000000 0.000194
-1 1 0.115967 0.144820 205.026093 -1.000000 -1.000000 0.000189
-1 1 0.093048 0.114935 248.229202 -1.000000 -1.000000 0.000201
-2 2 0.083209 0.242811 228.018707 -1.000000 -1.000000 0.000197
1 -1 0.067038 0.174676 192.971695 -1.000000 -1.000000 0.000185
2 -2 0.458827 0.054394 287.647614 -1.000000 -1.000000 0.000180
1 -1 0.218384 0.409827 435.629700 -1.000000 -1.000000 0.000162
0 2 0.241195 0.344086 385.338196 -1.000000 -1.000000 0.000015
-2 2 0.113642 0.239816 202.485901 -1.000000 -1.000000 0.000087
0 0 0.196787 0.043116 243.343994 -1.000000 -1.000000 0.000179
2 0 0.637537 0.106375 420.676514 -1.000000 -1.000000 0.000178
2 -2 0.217598 0.215352 931.692871 -1.000000 -1.000000 0.000178
2 0 0.306284 0.277795 322.525513 -1.000000 -1.000000 0.000164
2 -2 0.245309 0.124826 251.647293 -1.000000 -1.000000 0.000191
2 -2 0.361756 0.035872 180.368393 -1.000000 -1.000000 0.000030
0 2 0.206293 0.196305 452.118408 -1.000000 -1.000000 0.000179
0 -2 0.393782 0.132779 395.260895 -1.000000 -1.000000 0.000187
-1 1 0.117818 0.359929 189.046600 -1.000000 -1.000000 0.000171
2 -2 0.352864 0.086810 271.949310 -1.000000 -1.000000 0.000199
0 1 0.165118 0.503255 474.987915 -1.000000 -1.000000 0.000187
0 -5 0.107114 0.206494 274.964508 -1.000000 -1.000000 0.000166
-2 2 0.046008 0.413985 502.079590 -1.000000 -1.000000 0.000173
-1 1 0.033937 0.371432 444.870697 -1.000000 -1.000000 0.000207
-2 2 0.037320 0.231076 187.123306 -1.000000 -1.000000 0.000161
-2 2 0.263352 0.250883 257.710205 -1.000000 -1.000000 0.000061
2 0 0.172101 0.319603 188.257599 -1.000000 -1.000000 0.000184
1 -1 0.199494 0.055832 204.382507 -1.000000 -1.000000 0.000163
-2 2 0.204755 0.126404 361.776794 -1.000000 -1.000000 0.000039
0 0 0.404770 0.133706 409.295013 -1.000000 -1.000000 0.000183
2 -2 0.339662 0.124332 753.536194 -1.000000 -1.000000 0.000029
0 0 0.202235 0.186920 880.805725 -1.000000 -1.000000 0.000159
0 0 0.243253 0.187039 250.586197 -1.000000 -1.000000 0.000196
-2 2 0.094866 0.171832 181.958206 -1.000000 -1.000000 0.000082
1 -1 0.166066 0.268620 573.893921 -1.000000 -1.000000 0.000203
0 2 0.066578 0.403755 561.539429 -1.000000 -1.000000 0.000173
1 -1 0.182694 0.108281 189.915604 -1.000000 -1.000000 0.000271
2 -2 0.212561 0.059649 183.617599 -1.000000 -1.000000 0.000169
0 2 0.203907 0.119900 598.517273 -1.000000 -1.000000 0.000141
0 0 0.129539 0.145314 363.407501 -1.000000 -1.000000 0.000052
-3 0 0.394659 0.085848 663.569092 -1.000000 -1.000000 0.000172
-3 0 0.067566 0.172220 222.802505 -1.000000 -1.000000 0.000060
0 0 0.098780 0.388457 290.325195 -1.000000 -1.000000 0.000182
-2 2 0.056625 0.394308 200.047607 -1.000000 -1.000000 0.000246
0 0 0.153841 0.178735 435.338013 -1.000000 -1.000000 0.000183
-2 2 0.069675 0.378274 316.340302 -1.000000 -1.000000 0.000144
0 0 0.084050 0.464394 296.434692 -1.000000 -1.000000 0.000177
2 -2 0.169959 0.126965 190.790207 -1.000000 -1.000000 0.000089
0 2 0.032452 0.409302 279.118805 -1.000000 -1.000000 0.000105
-2 2 0.043594 0.326647 382.100891 -1.000000 -1.000000 0.000191
0 2 0.145684 0.142309 325.069489 -1.000000 -1.000000 0.000194
2 -2 0.265410 0.085752 280.996796 -1.000000 -1.000000 0.000180
-2 2 0.061710 0.449207 351.957489 -1.000000 -1.000000 0.000266
-2 2 0.049020 0.175310 191.159103 -1.000000 -1.000000 0.000182
0 0 0.412883 0.047523 307.724396 -1.000000 -1.000000 0.000302
2 -2 0.582397 0.070967 392.655914 -1.000000 -1.000000 0.000011
1 -1 0.158108 0.131468 290.536804 -1.000000 -1.000000 0.000193
0 2 0.113394 0.672056 392.386902 -1.000000 -1.000000 0.000059
0 2 0.074550 0.309124 388.045990 -1.000000 -1.000000 0.000186
2 0 0.333041 0.083510 498.369202 -1.000000 -1.000000 0.000305
2 -2 0.044293 0.348231 283.326813 -1.000000 -1.000000 0.000182
2 0 0.262124 0.122895 299.754486 -1.000000 -1.000000 0.000264
1 -1 0.437785 0.168998 280.040314 -1.000000 -1.000000 0.000157
-1 1 0.230904 0.216304 927.909180 -1.000000 -1.000000 0.000226
0 0 0.169156 0.489286 251.501007 -1.000000 -1.000000 0.000198
-2 2 0.070791 0.240252 196.725403 -1.000000 -1.000000 0.000299
0 2 0.199738 0.791052 275.222687 -1.000000 -1.000000 0.000178
1 -1 0.188314 0.085299 220.406006 -1.000000 -1.000000 0.000179
-1 1 0.143099 0.221706 390.388092 -1.000000 -1.000000 0.000070
1 -1 0.101326 0.154988 204.169693 -1.000000 -1.000000 0.000267
-2 2 0.032245 0.461024 178.218796 -1.000000 -1.000000 0.000197
2 -2 0.143850 0.177971 204.823898 -1.000000 -1.000000 0.000184
-2 2 0.041090 0.469591 311.490387 -1.000000 -1.000000 0.000014
2 -2 0.133628 0.148311 225.399704 -1.000000 -1.000000 0.000021
-2 2 0.098373 0.153747 183.496902 -1.000000 -1.000000 0.000009
2 -2 0.123620 0.127011 213.100800 -1.000000 -1.000000 0.000184
1 -1 0.081378 0.158098 196.969894 -1.000000 -1.000000 0.000270
0 0 0.265092 0.096887 373.522003 -1.000000 -1.000000 0.000123
0 -5 0.098151 0.251478 457.863800 -1.000000 -1.000000 0.000221
0 0 0.117723 0.251894 179.791306 -1.000000 -1.000000 0.000208
0 2 0.109629 0.327814 329.502808 -1.000000 -1.000000 0.000262
0 0 0.175270 0.120522 218.242096 -1.000000 -1.000000 0.000163
0 0 0.158121 0.117904 302.468597 -1.000000 -1.000000 0.000197
0 2 0.179013 0.445467 350.181885 -1.000000 -1.000000 0.000180
-2 2 0.057639 0.213486 176.844299 -1.000000 -1.000000 0.000183
0 0 0.068980 0.376041 193.940094 -1.000000 -1.000000 0.000279
-2 2 0.043853 0.513582 662.968811 -1.000000 -1.000000 0.000166
2 -2 0.364580 0.066461 221.652298 -1.000000 -1.000000 0.000227
-2 2 0.447293 0.251933 246.334000 -1.000000 -1.000000 0.000150
0 1 0.061808 0.313554 208.504593 -1.000000 -1.000000 0.000174
0 2 0.067005 0.391145 331.287811 -1.000000 -1.000000 0.000192
1 -1 0.187740 0.149524 282.153412 -1.000000 -1.000000 0.000212
1 -1 0.089668 0.260560 209.910706 -1.000000 -1.000000 0.000172
-2 2 0.048628 0.516058 487.301605 -1.000000 -1.000000 0.000188
1 -1 0.271627 0.146891 388.937500 -1.000000 -1.000000 0.000204
1 -1 0.252784 0.136976 272.316711 -1.000000 -1.000000 0.000128
-2 2 0.115994 0.242402 220.375000 -1.000000 -1.000000 0.000070
-2 2 0.122569 0.241062 353.695801 -1.000000 -1.000000 0.000199
1 0 0.319335 0.064805 220.731705 -1.000000 -1.000000 0.000191
2 -2 0.286369 0.032136 172.587708 -1.000000 -1.000000 0.000185
0 0 0.300588 0.123044 431.893585 -1.000000 -1.000000 0.000148
2 0 0.443848 0.067380 265.974792 -1.000000 -1.000000 0.000177
0 0 0.410480 0.086351 213.391907 -1.000000 -1.000000 0.000192
2 -2 0.460678 0.034002 206.145401 -1.000000 -1.000000 0.000179
0 0 0.223415 0.243283 302.614197 -1.000000 -1.000000 0.000034
2 -2 0.258102 0.043631 210.579697 -1.000000 -1.000000 0.000177
-2 2 0.021623 0.380516 178.153503 -1.000000 -1.000000 0.000197
2 -2 0.466053 0.176938 921.204895 -1.000000 -1.000000 0.000088
2 -2 0.210288 0.073236 228.313293 -1.000000 -1.000000 0.000178
-1 1 0.039175 0.296800 226.152100 -1.000000 -1.000000 0.000162
0 0 0.221742 0.145443 362.531189 -1.000000 -1.000000 0.000040
2 -2 0.255856 0.035784 221.771606 -1.000000 -1.000000 0.000085
0 -5 0.086174 0.226274 322.047394 -1.000000 -1.000000 0.000189
1 -1 0.408637 0.102117 259.180115 -1.000000 -1.000000 0.000088
0 2 0.352451 0.147131 438.916901 -1.000000 -1.000000 0.000160
2 -2 0.202200 0.242221 356.988403 -1.000000 -1.000000 0.000020
2 -2 0.341427 0.038211 212.587402 -1.000000 -1.000000 0.000179
1 -1 0.093310 0.094016 224.628693 -1.000000 -1.000000 0.000107
2 -2 0.667764 0.019855 228.132507 -1.000000 -1.000000 0.000187
1 -1 0.310756 0.043594 223.186203 -1.000000 -1.000000 0.000306
2 -2 0.521407 0.045727 495.435089 -1.000000 -1.000000 0.000243
0 0 0.262454 0.022465 391.051392 -1.000000 -1.000000 0.000201
1 -1 0.475429 0.115129 378.805786 -1.000000 -1.000000 0.000198
0 0 0.282761 0.066610 493.158508 -1.000000 -1.000000 0.000163
0 1 0.136112 0.261516 448.434601 -1.000000 -1.000000 0.000181
2 0 0.343418 0.238257 1046.754028 -1.000000 -1.000000 0.000011
0 0 0.155110 0.061090 190.600494 -1.000000 -1.000000 0.000180
0 2 0.135614 0.410112 245.110901 -1.000000 -1.000000 0.000171
0 0 0.152443 0.112907 235.309296 -1.000000 -1.000000 0.000118
0 0 0.209381 0.125324 281.105896 -1.000000 -1.000000 0.000191
-2 2 0.103816 0.299369 263.378906 -1.000000 -1.000000 0.000199
0 0 0.111693 0.417119 358.040710 -1.000000 -1.000000 0.000025
1 0 0.281620 0.029905 199.495895 -1.000000 -1.000000 0.000239
1 0 0.552619 0.421071 551.106689 -1.000000 -1.000000 0.000169
0 0 0.254894 0.062619 213.395798 -1.000000 -1.000000 0.000176
-2 2 0.081827 0.598054 500.526398 -1.000000 -1.000000 0.000125
-2 2 0.048585 0.410694 220.790695 -1.000000 -1.000000 0.000245
-1 1 0.197918 0.107868 383.434113 -1.000000 -1.000000 0.000153
2 -2 0.215454 0.063670 213.187500 -1.000000 -1.000000 0.000254
-2 2 0.082139 0.245593 218.607895 -1.000000 -1.000000 0.000021
2 -2 0.066999 0.166504 270.981903 -1.000000 -1.000000 0.000093
0 0 0.147929 0.233900 256.461487 -1.000000 -1.000000 0.000201
-2 2 0.109547 0.113113 183.783295 -1.000000 -1.000000 0.000199
1 0 0.450681 0.175664 383.447693 -1.000000 -1.000000 0.000120
0 0 0.377598 0.058320 231.542297 -1.000000 -1.000000 0.000158
0 0 0.109345 0.144455 378.510101 -1.000000 -1.000000 0.000195
-5 0 0.236289 0.064074 180.476700 -1.000000 -1.000000 0.000174
2 0 0.685527 0.157967 645.181396 -1.000000 -1.000000 0.000201
2 -2 0.317102 0.089916 383.172089 -1.000000 -1.000000 0.000180
2 -2 0.274298 0.039007 266.761414 -1.000000 -1.000000 0.000199
2 -2 0.412262 0.148744 821.781494 -1.000000 -1.000000 0.000035
0 1 0.263785 0.149769 219.246002 -1.000000 -1.000000 0.000265
1 0 0.486621 0.110657 319.201111 -1.000000 -1.000000 0.000182
2 -2 0.119417 0.077096 205.218796 -1.000000 -1.000000 0.000245
1 -1 0.227568 0.097529 336.869812 -1.000000 -1.000000 0.000123
-1 1 0.068006 0.400299 675.416809 -1.000000 -1.000000 0.000191
2 -2 0.206379 0.106007 212.132507 -1.000000 -1.000000 0.000145
0 0 0.148578 0.189066 199.643097 -1.000000 -1.000000 0.000183
-2 2 0.027487 0.347242 208.962997 -1.000000 -1.000000 0.000087
-2 2 0.173764 0.402469 233.378998 -1.000000 -1.000000 0.000162
