-1 1 0.238029 0.294782 450.092804 -1.000000 -1.000000 0.000038
-2 2 0.150601 0.035516 186.373001 -1.000000 -1.000000 0.000199
1 -1 0.344145 0.117407 315.033813 -1.000000 -1.000000 0.000172
-1 1 0.094245 0.167779 248.393204 -1.000000 -1.000000 0.000175
2 -2 0.306504 0.051244 220.334305 -1.000000 -1.000000 0.000141
2 -2 0.426435 0.034580 211.647797 -1.000000 -1.000000 0.000172
1 -1 0.412229 0.047697 254.417099 -1.000000 -1.000000 0.000008
2 -2 0.220520 0.033364 177.193298 -1.000000 -1.000000 0.000195
1 0 0.494489 0.014654 173.641907 -1.000000 -1.000000 0.000184
-2 2 0.049020 0.175310 191.159103 -1.000000 -1.000000 0.000180
