1 -1 0.196747 0.041780 236.679794 -1.000000 -1.000000 0.018522
0 0 0.167353 0.086712 218.507706 -1.000000 -1.000000 0.020271
2 0 0.482066 0.034877 272.723999 -1.000000 -1.000000 0.019291
2 0 0.112255 0.210296 191.426804 -1.000000 -1.000000 0.018135
-1 0 0.203462 0.149293 178.509399 -1.000000 -1.000000 0.017135
0 0 0.116844 0.080219 236.642899 -1.000000 -1.000000 0.001831
-1 1 0.044296 0.197779 207.817398 -1.000000 -1.000000 0.014136
-2 2 0.023090 0.265501 188.456497 -1.000000 -1.000000 0.016735
0 0 0.121831 0.228444 450.142090 -1.000000 -1.000000 0.001152
0 0 0.210395 0.098706 208.882401 -1.000000 -1.000000 0.019435
0 0 0.078465 0.151085 266.832489 -1.000000 -1.000000 0.017022
-2 2 0.070222 0.266924 198.160995 -1.000000 -1.000000 0.022686
0 0 0.029467 0.481853 364.682800 -1.000000 -1.000000 0.007154
0 0 0.226804 0.028652 183.953506 -1.000000 -1.000000 0.005635
-2 2 0.077618 0.335395 328.655396 -1.000000 -1.000000 0.018716
-1 1 0.029901 0.408266 199.110901 -1.000000 -1.000000 0.020534
2 -2 0.254435 0.059940 274.015015 -1.000000 -1.000000 0.020886
0 2 0.216890 0.132273 323.205414 -1.000000 -1.000000 0.020681
2 -2 0.156648 0.056811 288.424286 -1.000000 -1.000000 0.031848
0 0 0.120327 0.065377 293.161987 -1.000000 -1.000000 0.010970
0 2 0.036740 0.388376 181.751602 -1.000000 -1.000000 0.025088
1 -1 0.129816 0.071117 177.580399 -1.000000 -1.000000 0.017486
0 -3 0.037735 0.239623 230.720398 -1.000000 -1.000000 0.019659
0 2 0.080001 0.135857 199.750107 -1.000000 -1.000000 0.012361
-2 2 0.054394 0.208373 361.340088 -1.000000 -1.000000 0.019337
1 0 0.105572 0.073087 179.292297 -1.000000 -1.000000 0.026936
-4 4 0.248414 0.050484 226.632095 -1.000000 -1.000000 0.018178
-1 1 0.052130 0.338660 608.170898 -1.000000 -1.000000 0.020509
1 -1 0.106257 0.089955 191.905701 -1.000000 -1.000000 0.018449
0 2 0.241253 0.323992 268.325409 -1.000000 -1.000000 0.003878
0 0 0.526743 0.034611 364.913086 -1.000000 -1.000000 0.016824
2 -2 0.105103 0.088348 184.806396 -1.000000 -1.000000 0.020168
0 0 0.025911 0.397353 321.206787 -1.000000 -1.000000 0.017493
0 0 0.025104 0.244916 184.595398 -1.000000 -1.000000 0.006497
2 -2 0.193740 0.134835 227.932007 -1.000000 -1.000000 0.026964
-1 1 0.047283 0.197887 254.616898 -1.000000 -1.000000 0.018014
0 0 0.231389 0.048095 210.874207 -1.000000 -1.000000 0.012895
1 -1 0.073713 0.083144 196.805801 -1.000000 -1.000000 0.020062
0 0 0.113693 0.079470 250.147507 -1.000000 -1.000000 0.020321
1 -1 0.042581 0.113000 179.706406 -1.000000 -1.000000 0.019941
0 0 0.162830 0.045590 264.015411 -1.000000 -1.000000 0.018693
1 -1 0.054531 0.296460 176.124603 -1.000000 -1.000000 0.018243
-2 2 0.049630 0.158106 288.215210 -1.000000 -1.000000 0.020866
0 0 0.073704 0.462227 350.021088 -1.000000 -1.000000 0.018782
-1 1 0.047233 0.087210 197.925293 -1.000000 -1.000000 0.009728
0 0 0.072694 0.315846 306.928894 -1.000000 -1.000000 0.016924
1 -1 0.128438 0.109726 230.911499 -1.000000 -1.000000 0.019461
0 0 0.018784 0.521744 232.406006 -1.000000 -1.000000 0.019826
0 -4 0.056649 0.104277 253.238403 -1.000000 -1.000000 0.021507
0 0 0.085994 0.234970 225.456406 -1.000000 -1.000000 0.002124
1 -1 0.223201 0.092169 398.924103 -1.000000 -1.000000 0.016425
0 0 0.080812 0.184485 233.284103 -1.000000 -1.000000 0.020824
0 0 0.101745 0.116073 218.067596 -1.000000 -1.000000 0.001143
-2 2 0.075672 0.173925 256.510010 -1.000000 -1.000000 0.018477
-2 0 0.095850 0.050733 174.040604 -1.000000 -1.000000 0.025332
0 1 0.053978 0.186545 245.678299 -1.000000 -1.000000 0.004846
2 -2 0.167745 0.036167 200.181107 -1.000000 -1.000000 0.021178
0 0 0.082675 0.218987 382.720215 -1.000000 -1.000000 0.019017
0 0 0.280581 0.052958 225.791901 -1.000000 -1.000000 0.011264
1 -1 0.075074 0.203444 228.022095 -1.000000 -1.000000 0.031127
0 1 0.087943 0.227653 253.184998 -1.000000 -1.000000 0.020598
1 -1 0.094559 0.081249 215.317200 -1.000000 -1.000000 0.002963
-2 2 0.043620 0.181484 257.826202 -1.000000 -1.000000 0.018807
0 2 0.398022 0.198633 218.289993 -1.000000 -1.000000 0.014207
0 0 0.277022 0.080840 293.704712 -1.000000 -1.000000 0.019897
1 -1 0.423399 0.037777 270.355591 -1.000000 -1.000000 0.018453
0 0 0.203349 0.079372 256.584900 -1.000000 -1.000000 0.018863
-2 2 0.095785 0.169558 199.453400 -1.000000 -1.000000 0.019975
-2 2 0.089593 0.079765 245.129898 -1.000000 -1.000000 0.018012
0 0 0.179081 0.051132 352.813202 -1.000000 -1.000000 0.004102
-1 1 0.046980 0.233886 260.259186 -1.000000 -1.000000 0.018095
0 -2 0.074389 0.092851 197.961502 -1.000000 -1.000000 0.019248
2 0 0.359183 0.115476 356.993988 -1.000000 -1.000000 0.021344
0 0 0.067745 0.250301 195.652603 -1.000000 -1.000000 0.017913
1 0 0.320852 0.086020 338.616211 -1.000000 -1.000000 0.027564
0 0 0.492955 0.069744 449.781494 -1.000000 -1.000000 0.026194
-1 1 0.051271 0.130839 189.853104 -1.000000 -1.000000 0.017284
0 0 0.039067 0.196617 191.508606 -1.000000 -1.000000 0.020716
0 0 0.058509 0.120111 208.526596 -1.000000 -1.000000 0.018495
2 0 0.162259 0.061024 212.948807 -1.000000 -1.000000 0.020587
-2 2 0.062776 0.295100 193.124405 -1.000000 -1.000000 0.021014
2 -2 0.256642 0.030814 177.617599 -1.000000 -1.000000 0.020209
0 1 0.362408 0.055850 217.502808 -1.000000 -1.000000 0.020607
0 0 0.198284 0.118375 414.797302 -1.000000 -1.000000 0.004675
2 0 0.679569 0.041968 200.993896 -1.000000 -1.000000 0.008846
0 0 0.154933 0.063131 288.572906 -1.000000 -1.000000 0.018537
0 1 0.113058 0.140793 174.440094 -1.000000 -1.000000 0.007435
0 0 0.270424 0.066794 199.784500 -1.000000 -1.000000 0.022318
0 0 0.113120 0.130783 240.018097 -1.000000 -1.000000 0.000918
-2 2 0.147203 0.170196 225.148804 -1.000000 -1.000000 0.019115
2 0 0.030477 0.162642 188.200806 -1.000000 -1.000000 0.018554
-3 3 0.150065 0.175999 493.705597 -1.000000 -1.000000 0.031423
0 0 0.051843 0.293558 323.494385 -1.000000 -1.000000 0.003021
3 -3 0.380660 0.021792 189.724503 -1.000000 -1.000000 0.020946
0 2 0.121073 0.149832 272.484711 -1.000000 -1.000000 0.010995
2 0 0.245342 0.099746 309.223297 -1.000000 -1.000000 0.019642
1 -1 0.059834 0.287159 510.919891 -1.000000 -1.000000 0.022533
1 -1 0.368484 0.055490 338.601196 -1.000000 -1.000000 0.017447
0 0 0.145998 0.214281 211.283005 -1.000000 -1.000000 0.019364
1 -1 0.294182 0.083601 587.394226 -1.000000 -1.000000 0.032331
1 0 0.072323 0.129420 181.750397 -1.000000 -1.000000 0.005584
2 -2 0.242169 0.047621 225.352005 -1.000000 -1.000000 0.019966
0 0 0.034625 0.266780 215.824005 -1.000000 -1.000000 0.019166
1 -1 0.087438 0.040475 176.020203 -1.000000 -1.000000 0.019933
2 0 0.121582 0.105161 321.096100 -1.000000 -1.000000 0.020859
1 -1 0.173904 0.068663 247.097900 -1.000000 -1.000000 0.016932
0 0 0.130985 0.149265 194.923294 -1.000000 -1.000000 0.005048
0 0 0.209295 0.043097 219.056000 -1.000000 -1.000000 0.018794
1 -1 0.168462 0.069639 218.635101 -1.000000 -1.000000 0.005820
-2 2 0.030894 0.269814 174.616806 -1.000000 -1.000000 0.014789
0 0 0.115033 0.168744 335.626587 -1.000000 -1.000000 0.014450
0 0 0.075077 0.270338 222.813599 -1.000000 -1.000000 0.018933
0 0 0.195851 0.066077 452.385712 -1.000000 -1.000000 0.009352
0 2 0.079915 0.084989 179.363403 -1.000000 -1.000000 0.018988
-1 1 0.083569 0.121224 228.739594 -1.000000 -1.000000 0.017111
-1 1 0.026193 0.227103 187.271606 -1.000000 -1.000000 0.016375
2 -2 0.220380 0.022355 206.010895 -1.000000 -1.000000 0.004634
1 0 0.126443 0.072278 197.473907 -1.000000 -1.000000 0.004109
0 -3 0.093896 0.061776 200.023697 -1.000000 -1.000000 0.020588
0 0 0.072604 0.213854 481.250702 -1.000000 -1.000000 0.019602
0 0 0.069343 0.138874 253.886002 -1.000000 -1.000000 0.018568
2 0 0.222380 0.063517 242.280807 -1.000000 -1.000000 0.018907
0 0 0.127244 0.103064 438.254700 -1.000000 -1.000000 0.017836
0 0 0.176339 0.083789 449.379700 -1.000000 -1.000000 0.018054
-5 0 0.075605 0.100590 186.898499 -1.000000 -1.000000 0.028247
1 -1 0.105493 0.087346 176.643295 -1.000000 -1.000000 0.010560
2 -2 0.133598 0.162168 275.527313 -1.000000 -1.000000 0.020743
0 0 0.038494 0.121114 194.569702 -1.000000 -1.000000 0.001634
1 0 0.448298 0.086723 233.543503 -1.000000 -1.000000 0.016369
1 -1 0.213864 0.109738 396.932312 -1.000000 -1.000000 0.015186
0 1 0.043738 0.184198 412.774689 -1.000000 -1.000000 0.019899
2 -2 0.173942 0.026215 217.306107 -1.000000 -1.000000 0.018749
-1 0 0.105781 0.287136 222.219406 -1.000000 -1.000000 0.008721
0 -2 0.279641 0.033740 241.650604 -1.000000 -1.000000 0.022429
0 0 0.132619 0.056005 232.615097 -1.000000 -1.000000 0.001574
-2 2 0.513581 0.071965 427.961914 -1.000000 -1.000000 0.009585
2 -2 0.064218 0.102033 197.014099 -1.000000 -1.000000 0.002139
1 0 0.089669 0.212390 604.939819 -1.000000 -1.000000 0.020750
1 0 0.354797 0.152670 312.182098 -1.000000 -1.000000 0.020966
2 -2 0.058247 0.092489 200.540100 -1.000000 -1.000000 0.019225
0 0 0.045657 0.342656 429.220215 -1.000000 -1.000000 0.020239
0 0 0.242534 0.226551 625.937500 -1.000000 -1.000000 0.009106
2 -2 0.153881 0.071059 245.138107 -1.000000 -1.000000 0.009783
1 -1 0.127030 0.058852 209.867706 -1.000000 -1.000000 0.001450
2 0 0.471104 0.067997 214.571198 -1.000000 -1.000000 0.018283
-1 1 0.153969 0.145967 396.154205 -1.000000 -1.000000 0.020428
0 1 0.077773 0.124400 182.365997 -1.000000 -1.000000 0.018613
0 0 0.079857 0.104964 408.427887 -1.000000 -1.000000 0.000922
0 2 0.177764 0.221725 201.664001 -1.000000 -1.000000 0.020380
2 -2 0.073609 0.090572 196.047302 -1.000000 -1.000000 0.015242
0 1 0.082808 0.211271 320.519592 -1.000000 -1.000000 0.020491
-1 1 0.138071 0.271268 345.590790 -1.000000 -1.000000 0.027414
3 -3 0.142900 0.089854 199.495697 -1.000000 -1.000000 0.017547
0 0 0.240872 0.055756 180.766998 -1.000000 -1.000000 0.020068
2 -2 0.321032 0.016602 208.791306 -1.000000 -1.000000 0.008906
-1 1 0.071448 0.130612 306.110809 -1.000000 -1.000000 0.018779
2 -2 0.061428 0.172908 255.147202 -1.000000 -1.000000 0.020958
0 0 0.228818 0.065304 228.489594 -1.000000 -1.000000 0.001291
0 0 0.201022 0.072065 201.111496 -1.000000 -1.000000 0.003042
2 0 0.482346 0.124492 249.929596 -1.000000 -1.000000 0.019542
3 -3 0.190880 0.049705 279.376801 -1.000000 -1.000000 0.018661
-2 2 0.049982 0.220346 293.785889 -1.000000 -1.000000 0.004051
-2 2 0.016729 0.566866 177.126602 -1.000000 -1.000000 0.018901
0 0 0.145421 0.177226 528.323181 -1.000000 -1.000000 0.016371
2 0 0.082870 0.167227 213.942093 -1.000000 -1.000000 0.007270
0 0 0.142881 0.103348 183.603302 -1.000000 -1.000000 0.023312
0 0 0.063256 0.253108 203.520493 -1.000000 -1.000000 0.005458
0 2 0.047786 0.289575 222.438004 -1.000000 -1.000000 0.031146
0 2 0.123962 0.162385 414.171204 -1.000000 -1.000000 0.022789
-2 2 0.041401 0.342306 523.075012 -1.000000 -1.000000 0.017823
0 0 0.070147 0.260626 385.174591 -1.000000 -1.000000 0.011887
1 -1 0.392966 0.017874 193.395905 -1.000000 -1.000000 0.012741
0 0 0.114918 0.123130 249.784698 -1.000000 -1.000000 0.031460
1 -1 0.197211 0.020082 178.960693 -1.000000 -1.000000 0.019848
0 0 0.128776 0.225013 485.472107 -1.000000 -1.000000 0.020346
0 0 0.304195 0.105455 305.316101 -1.000000 -1.000000 0.018606
1 0 0.111403 0.048032 190.760101 -1.000000 -1.000000 0.019761
0 0 0.040734 0.243452 203.448196 -1.000000 -1.000000 0.020551
-1 1 0.185097 0.211759 572.374023 -1.000000 -1.000000 0.018453
1 -1 0.389922 0.038046 193.214905 -1.000000 -1.000000 0.012505
0 0 0.023159 0.230780 191.372101 -1.000000 -1.000000 0.011174
2 0 0.330260 0.062065 214.267899 -1.000000 -1.000000 0.020912
-2 2 0.040906 0.156655 193.448303 -1.000000 -1.000000 0.017023
-1 1 0.038544 0.278378 233.244202 -1.000000 -1.000000 0.020648
-1 1 0.104522 0.085923 280.877197 -1.000000 -1.000000 0.010822
-3 3 0.048877 0.389974 333.115814 -1.000000 -1.000000 0.017753
-2 2 0.062782 0.208897 295.106110 -1.000000 -1.000000 0.000922
-1 1 0.037139 0.374610 267.676392 -1.000000 -1.000000 0.017841
2 -2 0.208206 0.114681 306.635101 -1.000000 -1.000000 0.021341
-2 2 0.024359 0.354992 191.890793 -1.000000 -1.000000 0.019348
0 2 0.120201 0.101938 210.681000 -1.000000 -1.000000 0.012850
1 -1 0.338544 0.019551 177.934998 -1.000000 -1.000000 0.018804
2 -2 0.241149 0.024740 178.135605 -1.000000 -1.000000 0.009139
-1 1 0.054330 0.125783 203.628296 -1.000000 -1.000000 0.021028
-1 1 0.040868 0.280584 179.293396 -1.000000 -1.000000 0.000826
0 0 0.107994 0.251286 326.663086 -1.000000 -1.000000 0.006957
2 -2 0.049242 0.305602 441.983398 -1.000000 -1.000000 0.017883
-1 1 0.115490 0.080537 233.400894 -1.000000 -1.000000 0.014506
0 -2 0.096553 0.092702 247.494995 -1.000000 -1.000000 0.008882
-2 2 0.037351 0.270014 236.644608 -1.000000 -1.000000 0.020541
1 0 0.370384 0.044438 238.044800 -1.000000 -1.000000 0.018941
-1 1 0.038000 0.529917 338.055206 -1.000000 -1.000000 0.018382
0 2 0.238278 0.121515 221.173904 -1.000000 -1.000000 0.019329
-2 2 0.137444 0.266193 197.444901 -1.000000 -1.000000 0.012907
0 0 0.015186 0.583962 204.784897 -1.000000 -1.000000 0.017997
-2 2 0.029594 0.500783 342.173492 -1.000000 -1.000000 0.025883
0 0 0.070900 0.129240 191.500305 -1.000000 -1.000000 0.016731
2 0 0.308104 0.107562 443.000092 -1.000000 -1.000000 0.013342
0 0 0.044207 0.200441 194.242706 -1.000000 -1.000000 0.020432
0 1 0.100206 0.079278 180.790802 -1.000000 -1.000000 0.004230
2 0 0.289557 0.026484 236.946793 -1.000000 -1.000000 0.001308
-1 0 0.264031 0.046881 219.330902 -1.000000 -1.000000 0.017527
1 0 0.346046 0.186611 773.690125 -1.000000 -1.000000 0.019025
2 0 0.409953 0.078985 372.761505 -1.000000 -1.000000 0.025128
1 0 0.198398 0.114826 650.296997 -1.000000 -1.000000 0.017988
0 0 0.357985 0.050396 326.380096 -1.000000 -1.000000 0.018270
0 4 0.114504 0.100069 216.205307 -1.000000 -1.000000 0.010746
2 0 0.654998 0.014629 273.124512 -1.000000 -1.000000 0.007049
-2 0 0.400303 0.082817 447.122101 -1.000000 -1.000000 0.016888
0 0 0.116534 0.127470 234.144104 -1.000000 -1.000000 0.016680
0 0 0.131418 0.061521 192.329193 -1.000000 -1.000000 0.018445
-1 1 0.085474 0.057511 207.148804 -1.000000 -1.000000 0.019921
0 2 0.259927 0.044274 229.794495 -1.000000 -1.000000 0.018774
2 -2 0.196927 0.107598 305.033600 -1.000000 -1.000000 0.018548
0 2 0.061255 0.350097 411.884796 -1.000000 -1.000000 0.018691
0 0 0.045917 0.213006 182.220306 -1.000000 -1.000000 0.017910
1 -1 0.427977 0.120359 371.319000 -1.000000 -1.000000 0.018015
0 2 0.120058 0.556146 979.146423 -1.000000 -1.000000 0.018402
2 0 0.123975 0.192224 230.628799 -1.000000 -1.000000 0.019613
-1 1 0.023728 0.444865 222.013397 -1.000000 -1.000000 0.021032
2 -2 0.206730 0.122084 375.004395 -1.000000 -1.000000 0.000836
2 0 0.168162 0.160109 225.539505 -1.000000 -1.000000 0.008677
-2 2 0.044752 0.238313 327.092010 -1.000000 -1.000000 0.019474
1 -1 0.071113 0.161048 286.568390 -1.000000 -1.000000 0.018769
0 0 0.061303 0.361781 217.000305 -1.000000 -1.000000 0.015307
1 -1 0.121649 0.090364 176.103897 -1.000000 -1.000000 0.015877
2 0 0.334636 0.029554 201.412201 -1.000000 -1.000000 0.025269
0 0 0.067704 0.437294 284.024811 -1.000000 -1.000000 0.001555
1 -1 0.125864 0.101224 264.332703 -1.000000 -1.000000 0.019260
1 -1 0.133797 0.092339 317.076508 -1.000000 -1.000000 0.009123
1 -1 0.208838 0.063497 282.250092 -1.000000 -1.000000 0.023317
0 2 0.103348 0.191162 355.855804 -1.000000 -1.000000 0.007202
-4 0 0.137771 0.146034 173.808304 -1.000000 -1.000000 0.020003
0 0 0.054233 0.289557 213.777206 -1.000000 -1.000000 0.019832
-3 0 0.099146 0.201512 301.197815 -1.000000 -1.000000 0.021512
0 0 0.089935 0.080906 179.086502 -1.000000 -1.000000 0.017568
0 2 0.036748 0.494931 191.521103 -1.000000 -1.000000 0.023414
0 0 0.100425 0.119996 466.919403 -1.000000 -1.000000 0.018554
0 0 0.069443 0.228512 227.944702 -1.000000 -1.000000 0.018509
0 0 0.050797 0.169550 184.981506 -1.000000 -1.000000 0.019894
0 0 0.048405 0.348331 303.677612 -1.000000 -1.000000 0.000964
0 0 0.262016 0.178595 394.619385 -1.000000 -1.000000 0.020557
0 0 0.081264 0.074462 290.341888 -1.000000 -1.000000 0.029758
2 -2 0.117146 0.043996 188.391205 -1.000000 -1.000000 0.017937
0 0 0.078896 0.229311 226.376205 -1.000000 -1.000000 0.018678
0 0 0.225227 0.050301 328.543915 -1.000000 -1.000000 0.001366
0 0 0.286750 0.209195 336.614014 -1.000000 -1.000000 0.012952
0 0 0.107461 0.145924 206.112900 -1.000000 -1.000000 0.019311
1 -1 0.351119 0.014462 190.168503 -1.000000 -1.000000 0.017387
-2 2 0.134405 0.099309 288.401794 -1.000000 -1.000000 0.000918
0 0 0.202193 0.120262 586.132812 -1.000000 -1.000000 0.020478
-2 2 0.037891 0.283260 235.295700 -1.000000 -1.000000 0.016605
1 0 0.170104 0.091326 240.858093 -1.000000 -1.000000 0.018247
0 0 0.297438 0.033850 237.362595 -1.000000 -1.000000 0.030166
-1 1 0.233805 0.075294 270.198792 -1.000000 -1.000000 0.019653
0 0 0.103454 0.095182 207.869003 -1.000000 -1.000000 0.020278
0 0 0.073771 0.130965 232.184906 -1.000000 -1.000000 0.004114
0 1 0.110223 0.325106 247.322296 -1.000000 -1.000000 0.014949
0 0 0.063052 0.390625 244.226898 -1.000000 -1.000000 0.018019
-2 2 0.040304 0.242790 179.221893 -1.000000 -1.000000 0.016891
-1 1 0.094588 0.180580 189.742905 -1.000000 -1.000000 0.001498
1 0 0.282411 0.056034 210.740295 -1.000000 -1.000000 0.019690
0 0 0.076140 0.307403 367.257599 -1.000000 -1.000000 0.021465
0 0 0.200306 0.156267 366.717590 -1.000000 -1.000000 0.014484
2 -2 0.240705 0.080710 432.152496 -1.000000 -1.000000 0.016842
0 0 0.064324 0.142462 206.904495 -1.000000 -1.000000 0.004194
1 -1 0.070928 0.098846 207.953094 -1.000000 -1.000000 0.020992
2 0 0.152138 0.153307 463.324890 -1.000000 -1.000000 0.019004
0 2 0.102903 0.225015 425.265808 -1.000000 -1.000000 0.017436
-1 1 0.177517 0.277208 503.179993 -1.000000 -1.000000 0.008936
2 0 0.142479 0.101206 250.251404 -1.000000 -1.000000 0.008738
2 -2 0.048326 0.203913 211.800400 -1.000000 -1.000000 0.010986
1 -1 0.083798 0.121527 182.681396 -1.000000 -1.000000 0.001110
2 -2 0.101299 0.122545 271.466614 -1.000000 -1.000000 0.001025
1 -1 0.101018 0.199342 217.046005 -1.000000 -1.000000 0.019844
0 0 0.109906 0.130519 241.837799 -1.000000 -1.000000 0.007080
0 0 0.062356 0.258703 316.828400 -1.000000 -1.000000 0.025871
2 -2 0.185861 0.030515 176.277893 -1.000000 -1.000000 0.017160
0 1 0.032326 0.723365 375.473114 -1.000000 -1.000000 0.017847
1 -1 0.258071 0.059778 420.737488 -1.000000 -1.000000 0.023602
0 0 0.180630 0.120134 191.416397 -1.000000 -1.000000 0.019368
1 -1 0.459109 0.024695 179.181595 -1.000000 -1.000000 0.024532
0 -1 0.147842 0.138033 185.623993 -1.000000 -1.000000 0.017941
-2 2 0.046681 0.376976 191.276703 -1.000000 -1.000000 0.001154
-1 1 0.019812 0.352659 187.127899 -1.000000 -1.000000 0.018613
0 1 0.135510 0.157355 223.116394 -1.000000 -1.000000 0.009065
2 0 0.217334 0.052386 216.257996 -1.000000 -1.000000 0.023199
2 0 0.144000 0.069851 204.022995 -1.000000 -1.000000 0.003076
0 0 0.148557 0.090611 250.529099 -1.000000 -1.000000 0.019428
4 0 0.199360 0.133444 290.246796 -1.000000 -1.000000 0.018861
0 0 0.075250 0.096141 212.588699 -1.000000 -1.000000 0.000898
0 0 0.252592 0.048948 225.439697 -1.000000 -1.000000 0.007071
-1 1 0.019141 0.357942 207.216507 -1.000000 -1.000000 0.012377
2 -2 0.271107 0.093596 483.500092 -1.000000 -1.000000 0.022807
0 0 0.349626 0.132226 401.024200 -1.000000 -1.000000 0.019325
0 0 0.047146 0.128660 211.273605 -1.000000 -1.000000 0.020362
0 0 0.098514 0.202125 521.223022 -1.000000 -1.000000 0.019060
0 0 0.013293 0.308216 190.731796 -1.000000 -1.000000 0.010764
1 -1 0.059433 0.108393 224.242996 -1.000000 -1.000000 0.032418
0 0 0.376984 0.020628 213.253098 -1.000000 -1.000000 0.021489
2 -2 0.086236 0.072841 249.834305 -1.000000 -1.000000 0.020532
-1 1 0.101932 0.048449 191.449600 -1.000000 -1.000000 0.016698
0 2 0.095533 0.309682 247.456207 -1.000000 -1.000000 0.016912
2 -2 0.493942 0.042364 253.967194 -1.000000 -1.000000 0.019781
2 0 0.436538 0.044992 433.994507 -1.000000 -1.000000 0.013346
0 0 0.032881 0.206423 249.841705 -1.000000 -1.000000 0.019030
-1 1 0.183882 0.162509 289.675903 -1.000000 -1.000000 0.013244
0 0 0.201238 0.325620 397.836914 -1.000000 -1.000000 0.030731
0 0 0.041560 0.410273 263.387085 -1.000000 -1.000000 0.004076
4 0 0.253548 0.031458 176.649002 -1.000000 -1.000000 0.020068
0 0 0.082966 0.147076 272.985687 -1.000000 -1.000000 0.018393
0 0 0.071127 0.070754 187.313904 -1.000000 -1.000000 0.017406
0 2 0.072984 0.151905 186.944595 -1.000000 -1.000000 0.017306
1 -1 0.053213 0.119477 182.605804 -1.000000 -1.000000 0.017109
5 0 0.066249 0.136119 218.112305 -1.000000 -1.000000 0.020312
-2 2 0.029717 0.183634 183.149094 -1.000000 -1.000000 0.016559
0 -1 0.073979 0.129527 214.956207 -1.000000 -1.000000 0.018870
0 0 0.101282 0.152362 192.974701 -1.000000 -1.000000 0.018244
2 0 0.105738 0.084116 191.651199 -1.000000 -1.000000 0.018098
1 -1 0.105700 0.076575 278.371399 -1.000000 -1.000000 0.030004
2 -2 0.346001 0.058577 478.910187 -1.000000 -1.000000 0.028043
1 -1 0.109405 0.213262 356.916595 -1.000000 -1.000000 0.020230
0 0 0.048189 0.227862 374.600800 -1.000000 -1.000000 0.016617
-1 1 0.253357 0.276486 198.640396 -1.000000 -1.000000 0.022390
0 0 0.039408 0.233805 187.537399 -1.000000 -1.000000 0.028274
1 0 0.263620 0.112333 262.763702 -1.000000 -1.000000 0.019526
0 0 0.215677 0.224880 198.340607 -1.000000 -1.000000 0.029304
0 2 0.078943 0.351344 384.364594 -1.000000 -1.000000 0.018645
0 0 0.304328 0.020899 199.557693 -1.000000 -1.000000 0.018955
0 0 0.123017 0.080123 210.520294 -1.000000 -1.000000 0.019808
0 0 0.038051 0.187190 211.241501 -1.000000 -1.000000 0.018681
1 -1 0.150448 0.071465 222.316605 -1.000000 -1.000000 0.025729
3 -3 0.049022 0.187688 197.516403 -1.000000 -1.000000 0.018021
0 0 0.213678 0.074008 268.319702 -1.000000 -1.000000 0.014689
-1 1 0.128798 0.048505 199.144806 -1.000000 -1.000000 0.027741
0 0 0.202607 0.069019 498.097198 -1.000000 -1.000000 0.017978
0 0 0.027552 0.423415 244.574799 -1.000000 -1.000000 0.019002
0 0 0.250409 0.141079 344.401093 -1.000000 -1.000000 0.020687
0 2 0.023727 0.237575 205.253006 -1.000000 -1.000000 0.002135
0 0 0.137529 0.104994 278.574493 -1.000000 -1.000000 0.001137
0 2 0.141063 0.240219 301.850891 -1.000000 -1.000000 0.003876
-1 1 0.082794 0.125915 351.207489 -1.000000 -1.000000 0.019081
-1 1 0.261985 0.039880 234.988297 -1.000000 -1.000000 0.021589
0 2 0.088290 0.431331 281.369110 -1.000000 -1.000000 0.018947
0 0 0.134342 0.117364 179.105698 -1.000000 -1.000000 0.018560
0 0 0.194407 0.082663 546.579895 -1.000000 -1.000000 0.028764
0 0 0.071990 0.096677 327.629395 -1.000000 -1.000000 0.020616
0 0 0.051456 0.181241 193.332108 -1.000000 -1.000000 0.001504
0 2 0.022015 0.341530 194.844101 -1.000000 -1.000000 0.002150
0 0 0.070456 0.236719 251.439194 -1.000000 -1.000000 0.020078
0 0 0.042214 0.185599 210.525101 -1.000000 -1.000000 0.000986
0 0 0.164888 0.031628 305.068604 -1.000000 -1.000000 0.031614
0 0 0.092320 0.094966 251.458405 -1.000000 -1.000000 0.019320
0 0 0.107642 0.152906 252.325607 -1.000000 -1.000000 0.007094
1 -1 0.451622 0.061507 258.749786 -1.000000 -1.000000 0.018643
0 0 0.040180 0.136890 205.906799 -1.000000 -1.000000 0.014513
2 -2 0.150790 0.039663 174.120605 -1.000000 -1.000000 0.018971
0 0 0.073924 0.135124 227.943893 -1.000000 -1.000000 0.023459
-1 1 0.042494 0.220632 255.339294 -1.000000 -1.000000 0.010649
2 0 0.257326 0.098397 340.957092 -1.000000 -1.000000 0.020448
2 0 0.272662 0.085531 402.411896 -1.000000 -1.000000 0.019066
0 0 0.384884 0.069426 183.357803 -1.000000 -1.000000 0.017761
1 -1 0.188879 0.030779 183.181198 -1.000000 -1.000000 0.031477
-2 2 0.020762 0.258456 184.983002 -1.000000 -1.000000 0.016105
2 0 0.321547 0.028939 217.164993 -1.000000 -1.000000 0.017597
1 -1 0.230332 0.078360 254.272507 -1.000000 -1.000000 0.001324
2 0 0.401125 0.059899 293.975189 -1.000000 -1.000000 0.020159
0 0 0.399383 0.040094 488.571899 -1.000000 -1.000000 0.017691
0 2 0.063670 0.502935 293.112396 -1.000000 -1.000000 0.019010
0 1 0.044910 0.242339 174.599304 -1.000000 -1.000000 0.019550
0 0 0.223430 0.038420 245.005707 -1.000000 -1.000000 0.020579
-1 1 0.213023 0.199889 204.036102 -1.000000 -1.000000 0.003063
0 0 0.053732 0.159798 202.104401 -1.000000 -1.000000 0.020617
0 2 0.134444 0.163751 234.958099 -1.000000 -1.000000 0.021111
1 -1 0.034328 0.289683 185.376495 -1.000000 -1.000000 0.018761
-1 1 0.026787 0.263644 258.723999 -1.000000 -1.000000 0.014953
0 0 0.081821 0.212171 232.226898 -1.000000 -1.000000 0.018635
0 0 0.034891 0.166492 196.947098 -1.000000 -1.000000 0.001110
1 0 0.165398 0.071976 216.957306 -1.000000 -1.000000 0.014876
-2 2 0.030714 0.234142 179.637299 -1.000000 -1.000000 0.014238
-3 0 0.180658 0.040314 213.862305 -1.000000 -1.000000 0.025019
0 0 0.208671 0.162111 396.286591 -1.000000 -1.000000 0.027416
2 -2 0.039470 0.284689 209.164200 -1.000000 -1.000000 0.030709
0 0 0.144110 0.048374 195.591705 -1.000000 -1.000000 0.020352
2 0 0.217249 0.217036 317.359711 -1.000000 -1.000000 0.018715
0 0 0.067003 0.169653 241.231003 -1.000000 -1.000000 0.027938
0 0 0.030173 0.217261 193.326797 -1.000000 -1.000000 0.020511
1 -1 0.366840 0.021865 190.144608 -1.000000 -1.000000 0.018331
0 1 0.129035 0.145995 299.429810 -1.000000 -1.000000 0.023084
0 0 0.260385 0.118392 387.302490 -1.000000 -1.000000 0.020801
-1 1 0.086026 0.156637 188.586395 -1.000000 -1.000000 0.018844
-1 1 0.042169 0.336971 282.321594 -1.000000 -1.000000 0.019277
0 0 0.050601 0.129941 200.424606 -1.000000 -1.000000 0.020671
0 0 0.089756 0.071424 200.848297 -1.000000 -1.000000 0.001647
0 0 0.202429 0.106110 217.992203 -1.000000 -1.000000 0.011326
1 -1 0.287234 0.141716 315.282104 -1.000000 -1.000000 0.020370
0 0 0.147137 0.036619 178.160507 -1.000000 -1.000000 0.015503
-2 2 0.025501 0.172648 181.976105 -1.000000 -1.000000 0.018261
0 1 0.041675 0.293101 200.967300 -1.000000 -1.000000 0.019575
0 0 0.108790 0.126395 235.981201 -1.000000 -1.000000 0.020357
0 0 0.042314 0.187392 209.837906 -1.000000 -1.000000 0.016384
-2 2 0.050737 0.215685 302.297791 -1.000000 -1.000000 0.002537
1 -1 0.076316 0.243020 222.666702 -1.000000 -1.000000 0.018572
1 0 0.254345 0.049279 304.374695 -1.000000 -1.000000 0.017319
0 0 0.202652 0.081885 330.629089 -1.000000 -1.000000 0.017976
0 1 0.032335 0.297490 209.337204 -1.000000 -1.000000 0.018488
-1 1 0.020752 0.246761 177.773804 -1.000000 -1.000000 0.022041
0 0 0.043975 0.191544 229.926895 -1.000000 -1.000000 0.001569
2 -2 0.124728 0.236458 607.443115 -1.000000 -1.000000 0.027279
1 -1 0.079743 0.061384 183.133804 -1.000000 -1.000000 0.016882
-1 1 0.053222 0.301944 374.731110 -1.000000 -1.000000 0.019090
1 -1 0.227111 0.036821 185.212204 -1.000000 -1.000000 0.003581
-1 1 0.125927 0.140238 336.292511 -1.000000 -1.000000 0.020089
0 0 0.126154 0.094414 324.045410 -1.000000 -1.000000 0.012894
0 0 0.036401 0.160974 192.865494 -1.000000 -1.000000 0.012952
2 -2 0.066883 0.219066 197.585907 -1.000000 -1.000000 0.015238
0 0 0.166553 0.074036 479.734100 -1.000000 -1.000000 0.023034
-1 1 0.102945 0.138314 229.186295 -1.000000 -1.000000 0.031592
1 -1 0.101870 0.245413 185.227203 -1.000000 -1.000000 0.019337
-1 1 0.137655 0.070774 205.312698 -1.000000 -1.000000 0.018428
0 0 0.049290 0.564969 261.893311 -1.000000 -1.000000 0.019298
-2 2 0.102070 0.303839 569.242493 -1.000000 -1.000000 0.020836
1 0 0.257820 0.253918 925.348206 -1.000000 -1.000000 0.020278
0 0 0.237775 0.068662 196.591797 -1.000000 -1.000000 0.020704
0 0 0.116166 0.069221 198.711304 -1.000000 -1.000000 0.011127
1 -1 0.103605 0.097643 173.609100 -1.000000 -1.000000 0.018102
-2 2 0.030782 0.342640 208.978394 -1.000000 -1.000000 0.023010
1 -1 0.421601 0.035186 180.019608 -1.000000 -1.000000 0.017691
0 2 0.107058 0.393075 477.983704 -1.000000 -1.000000 0.021381
1 -1 0.150510 0.046737 207.204803 -1.000000 -1.000000 0.010849
-1 1 0.117110 0.047841 196.947906 -1.000000 -1.000000 0.027124
1 -1 0.026604 0.267918 191.783707 -1.000000 -1.000000 0.005019
-3 0 0.333169 0.124060 318.862305 -1.000000 -1.000000 0.017749
0 0 0.055124 0.209663 215.434799 -1.000000 -1.000000 0.018470
0 0 0.135661 0.105978 219.718597 -1.000000 -1.000000 0.020703
2 0 0.274886 0.057046 236.983704 -1.000000 -1.000000 0.020324
1 -1 0.079574 0.162700 230.425293 -1.000000 -1.000000 0.020273
-2 2 0.076504 0.300677 245.530807 -1.000000 -1.000000 0.020741
0 -2 0.173837 0.135843 363.422485 -1.000000 -1.000000 0.015357
-2 2 0.132759 0.128044 389.749786 -1.000000 -1.000000 0.001554
-2 2 0.124513 0.155080 231.222397 -1.000000 -1.000000 0.016770
2 0 0.338582 0.107103 282.182007 -1.000000 -1.000000 0.019534
1 -1 0.051738 0.110111 204.041595 -1.000000 -1.000000 0.010938
2 0 0.066639 0.117125 213.748093 -1.000000 -1.000000 0.021237
-1 1 0.070256 0.093219 173.847000 -1.000000 -1.000000 0.020224
0 0 0.019621 0.287015 288.835388 -1.000000 -1.000000 0.003537
0 0 0.193699 0.124194 275.272003 -1.000000 -1.000000 0.007219
1 -1 0.232788 0.203860 577.599915 -1.000000 -1.000000 0.018286
0 -1 0.103921 0.250312 382.087189 -1.000000 -1.000000 0.019174
0 1 0.060094 0.371776 197.010300 -1.000000 -1.000000 0.011186
2 0 0.366931 0.319602 252.033493 -1.000000 -1.000000 0.019990
0 0 0.108084 0.203840 292.364288 -1.000000 -1.000000 0.007809
1 0 0.208166 0.074464 213.008301 -1.000000 -1.000000 0.019576
2 -2 0.247714 0.086159 363.284698 -1.000000 -1.000000 0.020665
0 0 0.098978 0.258434 440.194702 -1.000000 -1.000000 0.027214
0 0 0.197372 0.100900 298.685303 -1.000000 -1.000000 0.013272
0 2 0.165525 0.310285 257.438812 -1.000000 -1.000000 0.004250
-2 2 0.076520 0.088782 188.238098 -1.000000 -1.000000 0.018184
2 -2 0.071131 0.078213 192.134094 -1.000000 -1.000000 0.018292
-3 0 0.250559 0.129086 250.517197 -1.000000 -1.000000 0.017650
0 2 0.060649 0.308673 269.699005 -1.000000 -1.000000 0.019248
0 0 0.468750 0.119782 379.879211 -1.000000 -1.000000 0.007105
-1 1 0.037201 0.313749 239.284897 -1.000000 -1.000000 0.028469
