0 1 0.071599 0.249368 240.157593 -1.000000 -1.000000 3.121692
2 -1 0.140651 0.052085 169.555206 -1.000000 -1.000000 1.470927
-1 0 0.031118 0.050537 95.168823 -1.000000 -1.000000 0.083244
2 -2 0.223775 0.032678 194.100006 -1.000000 -1.000000 1.928358
1 1 0.039055 0.099234 90.821510 -1.000000 -1.000000 1.987864
-2 0 0.040369 0.170573 222.812500 -1.000000 -1.000000 1.859396
-4 1 0.097681 0.233710 196.402100 -1.000000 -1.000000 2.886649
2 0 0.120375 0.050729 198.634293 -1.000000 -1.000000 1.742508
0 2 0.040428 0.170687 170.163300 -1.000000 -1.000000 1.844766
0 1 0.020886 0.058023 106.488899 -1.000000 -1.000000 1.791891
-1 2 0.074758 0.156039 219.419403 -1.000000 -1.000000 0.357893
0 2 0.041348 0.588259 402.220795 -1.000000 -1.000000 1.501401
0 2 0.015290 0.239763 243.447403 -1.000000 -1.000000 1.730986
2 0 0.105456 0.141582 382.732208 -1.000000 -1.000000 2.031900
0 2 0.045007 0.080141 109.992104 -1.000000 -1.000000 1.703905
2 0 0.107377 0.056827 121.732903 -1.000000 -1.000000 2.007419
-4 0 0.130663 0.042068 143.888199 -1.000000 -1.000000 1.819006
-4 0 0.048866 0.066862 196.954193 -1.000000 -1.000000 1.789817
2 0 0.131612 0.094876 239.120605 -1.000000 -1.000000 1.988220
2 0 0.264379 0.038993 322.219910 -1.000000 -1.000000 1.995560
-3 0 0.178426 0.036542 158.130295 -1.000000 -1.000000 2.275673
1 2 0.137758 0.140751 149.163101 -1.000000 -1.000000 1.656229
2 0 0.192847 0.042918 170.829193 -1.000000 -1.000000 1.941882
-1 0 0.043780 0.059501 102.895103 -1.000000 -1.000000 1.460742
-1 0 0.181788 0.022466 164.579300 -1.000000 -1.000000 1.969063
1 0 0.172172 0.028519 134.650497 -1.000000 -1.000000 1.837072
0 2 0.031612 0.136207 166.134003 -1.000000 -1.000000 1.660691
0 2 0.068083 0.025954 118.988098 -1.000000 -1.000000 1.873254
1 0 0.328067 0.019599 178.218506 -1.000000 -1.000000 1.688077
-1 0 0.314139 0.031973 144.766800 -1.000000 -1.000000 3.107819
2 0 0.142704 0.031749 118.592003 -1.000000 -1.000000 1.853050
0 4 0.035863 0.141402 178.436493 -1.000000 -1.000000 3.149072
-3 1 0.010809 0.219205 118.779999 -1.000000 -1.000000 1.279125
1 0 0.067132 0.038931 98.858238 -1.000000 -1.000000 1.799541
1 0 0.047990 0.104281 126.913200 -1.000000 -1.000000 2.444440
0 4 0.033710 0.197717 306.794800 -1.000000 -1.000000 2.596233
0 2 0.043779 0.189896 180.641998 -1.000000 -1.000000 1.781397
2 0 0.249938 0.025204 171.607101 -1.000000 -1.000000 1.021118
2 1 0.042722 0.208742 312.576599 -1.000000 -1.000000 1.576386
-3 0 0.031456 0.050289 119.056396 -1.000000 -1.000000 1.906024
0 1 0.026272 0.085376 153.864807 -1.000000 -1.000000 1.507803
0 2 0.020572 0.239363 136.126801 -1.000000 -1.000000 2.651971
-2 0 0.128170 0.095333 243.501297 -1.000000 -1.000000 1.224344
-1 1 0.041605 0.174945 246.447800 -1.000000 -1.000000 1.757334
0 2 0.059627 0.052851 101.319099 -1.000000 -1.000000 1.991693
0 -4 0.054302 0.075466 155.494995 -1.000000 -1.000000 1.925889
1 0 0.185588 0.179311 153.998703 -1.000000 -1.000000 1.272214
0 1 0.074073 0.235311 138.860901 -1.000000 -1.000000 1.831816
-2 0 0.049173 0.063706 91.314163 -1.000000 -1.000000 1.911375
1 1 0.056978 0.057993 130.774399 -1.000000 -1.000000 1.067437
0 3 0.092917 0.119124 213.547806 -1.000000 -1.000000 1.771232
0 2 0.043270 0.073751 132.695007 -1.000000 -1.000000 2.046454
0 2 0.157514 0.097621 335.476105 -1.000000 -1.000000 0.878556
0 0 0.054714 0.241523 210.662201 -1.000000 -1.000000 2.437653
0 2 0.152885 0.126012 240.509399 -1.000000 -1.000000 1.733880
0 -2 0.112059 0.012747 133.074707 -1.000000 -1.000000 1.179663
0 -1 0.009448 0.131997 123.674599 -1.000000 -1.000000 1.806186
0 -1 0.026610 0.104140 137.660507 -1.000000 -1.000000 0.399873
0 2 0.010694 0.336392 187.868607 -1.000000 -1.000000 1.767833
0 2 0.025065 0.132657 128.953598 -1.000000 -1.000000 1.782466
2 0 0.114852 0.086923 103.637802 -1.000000 -1.000000 1.259636
2 0 0.034372 0.354181 227.099594 -1.000000 -1.000000 2.293913
-2 1 0.018320 0.181291 148.216705 -1.000000 -1.000000 2.009161
2 2 0.122379 0.337491 359.632202 -1.000000 -1.000000 0.702576
1 -2 0.186421 0.161023 174.013107 -1.000000 -1.000000 1.760347
0 0 0.050044 0.090485 148.380203 -1.000000 -1.000000 0.387468
0 2 0.034302 0.270466 211.128204 -1.000000 -1.000000 0.704553
2 -2 0.180591 0.034661 177.657806 -1.000000 -1.000000 1.279140
0 1 0.027081 0.267796 151.171005 -1.000000 -1.000000 1.877989
0 2 0.044899 0.150497 136.834702 -1.000000 -1.000000 0.534397
2 0 0.163951 0.223437 439.993805 -1.000000 -1.000000 1.195144
0 2 0.074493 0.157958 232.044693 -1.000000 -1.000000 1.625274
0 2 0.029877 0.206086 176.300095 -1.000000 -1.000000 0.834998
0 2 0.050437 0.063405 83.701118 -1.000000 -1.000000 0.076132
0 -4 0.024944 0.133133 102.902802 -1.000000 -1.000000 0.464297
2 0 0.245175 0.011783 124.466797 -1.000000 -1.000000 1.676062
2 0 0.190113 0.041204 128.497498 -1.000000 -1.000000 1.858038
-1 0 0.031963 0.107030 112.432198 -1.000000 -1.000000 1.808797
3 0 0.086612 0.032095 100.614098 -1.000000 -1.000000 1.970000
1 -2 0.196266 0.057304 109.233498 -1.000000 -1.000000 1.465189
-2 -2 0.179809 0.086131 231.409302 -1.000000 -1.000000 1.833745
2 2 0.038270 0.101398 135.104599 -1.000000 -1.000000 2.130883
-2 0 0.022960 0.108060 157.107895 -1.000000 -1.000000 1.737721
4 1 0.030799 0.164123 201.558899 -1.000000 -1.000000 1.729851
0 2 0.155396 0.172834 128.758804 -1.000000 -1.000000 1.914031
0 -2 0.136522 0.040753 145.880905 -1.000000 -1.000000 1.829207
1 0 0.130197 0.033703 120.428596 -1.000000 -1.000000 1.878804
-1 -1 0.167778 0.106309 317.316711 -1.000000 -1.000000 1.858626
0 1 0.129385 0.093243 173.458694 -1.000000 -1.000000 2.287194
-2 1 0.066455 0.067943 161.793503 -1.000000 -1.000000 1.921519
-2 1 0.036128 0.111348 140.460403 -1.000000 -1.000000 0.182457
0 1 0.052326 0.076782 145.164795 -1.000000 -1.000000 1.490667
0 3 0.061512 0.053000 134.454895 -1.000000 -1.000000 1.812532
0 -3 0.113003 0.035614 110.762901 -1.000000 -1.000000 2.216831
0 2 0.042127 0.049501 103.935501 -1.000000 -1.000000 1.788159
1 0 0.150669 0.030737 155.132507 -1.000000 -1.000000 1.250487
0 1 0.052835 0.093157 145.580704 -1.000000 -1.000000 2.000599
2 2 0.211724 0.225873 722.189575 -1.000000 -1.000000 1.126414
1 0 0.032515 0.233026 266.175415 -1.000000 -1.000000 2.103486
2 1 0.006435 0.204173 96.714180 -1.000000 -1.000000 1.675608
1 0 0.043348 0.093475 157.481995 -1.000000 -1.000000 1.647105
0 1 0.137955 0.016466 175.272797 -1.000000 -1.000000 1.822488
1 0 0.197889 0.048694 320.850006 -1.000000 -1.000000 1.040182
0 2 0.026145 0.222940 185.225601 -1.000000 -1.000000 2.026082
2 0 0.098034 0.082744 137.417404 -1.000000 -1.000000 2.769453
0 -2 0.141722 0.044964 189.979797 -1.000000 -1.000000 1.790820
1 3 0.248367 0.040724 165.496307 -1.000000 -1.000000 1.494737
0 3 0.037664 0.201771 191.026093 -1.000000 -1.000000 1.761843
0 2 0.105764 0.271887 320.373688 -1.000000 -1.000000 1.426507
1 0 0.026657 0.081969 124.862999 -1.000000 -1.000000 0.399920
3 -2 0.130639 0.074797 209.020996 -1.000000 -1.000000 1.261613
-2 0 0.013220 0.134324 152.913498 -1.000000 -1.000000 1.163447
2 2 0.090412 0.185439 152.744598 -1.000000 -1.000000 2.014016
1 0 0.088655 0.045517 141.782394 -1.000000 -1.000000 0.860141
1 1 0.015501 0.225747 108.781502 -1.000000 -1.000000 1.851197
-2 1 0.088150 0.087070 150.289001 -1.000000 -1.000000 2.006840
2 2 0.064910 0.117967 102.507401 -1.000000 -1.000000 0.294901
1 -2 0.100471 0.028480 124.947601 -1.000000 -1.000000 0.091485
2 0 0.187789 0.026657 118.926804 -1.000000 -1.000000 1.670514
2 -1 0.254336 0.014235 141.375198 -1.000000 -1.000000 1.962152
-4 0 0.028909 0.186662 106.867104 -1.000000 -1.000000 1.924323
2 2 0.026529 0.169220 116.045502 -1.000000 -1.000000 0.210602
1 -1 0.308350 0.036950 369.908600 -1.000000 -1.000000 1.791025
2 0 0.062963 0.081139 119.574097 -1.000000 -1.000000 1.802398
2 0 0.216598 0.078163 118.085899 -1.000000 -1.000000 1.157442
2 0 0.188246 0.061896 183.298004 -1.000000 -1.000000 2.800220
2 0 0.133593 0.035329 154.015396 -1.000000 -1.000000 2.025180
2 0 0.229253 0.064012 178.609497 -1.000000 -1.000000 0.081842
1 0 0.278000 0.037952 261.829315 -1.000000 -1.000000 1.835647
2 0 0.124731 0.158017 215.441803 -1.000000 -1.000000 1.615593
2 1 0.257463 0.130205 182.102005 -1.000000 -1.000000 1.877630
0 -2 0.071667 0.121960 281.553314 -1.000000 -1.000000 1.704492
-2 1 0.066913 0.068863 176.458206 -1.000000 -1.000000 1.687326
0 2 0.046486 0.052356 108.867401 -1.000000 -1.000000 1.648569
0 1 0.011522 0.038751 92.492813 -1.000000 -1.000000 1.630618
3 0 0.177511 0.040735 234.334000 -1.000000 -1.000000 3.045119
0 1 0.049134 0.339532 214.221802 -1.000000 -1.000000 1.208774
0 -3 0.052572 0.115172 154.188202 -1.000000 -1.000000 1.815739
0 1 0.058938 0.106460 94.646858 -1.000000 -1.000000 0.857695
2 0 0.026628 0.110625 126.832100 -1.000000 -1.000000 0.203813
0 2 0.022306 0.060700 105.690002 -1.000000 -1.000000 0.136577
-1 0 0.074094 0.123956 156.921494 -1.000000 -1.000000 1.895068
0 2 0.046483 0.374325 318.795197 -1.000000 -1.000000 1.065689
0 1 0.031710 0.111734 197.682907 -1.000000 -1.000000 1.656214
1 2 0.098903 0.208445 141.648804 -1.000000 -1.000000 0.095878
1 0 0.205044 0.023934 193.794296 -1.000000 -1.000000 1.089246
2 -1 0.355305 0.048566 224.800507 -1.000000 -1.000000 1.992517
-1 0 0.125684 0.033311 125.596199 -1.000000 -1.000000 1.856453
2 4 0.105418 0.113565 95.214088 -1.000000 -1.000000 1.548137
2 1 0.179081 0.064534 175.502594 -1.000000 -1.000000 1.749433
1 0 0.213269 0.148610 186.853394 -1.000000 -1.000000 2.479482
2 4 0.222518 0.059585 382.948303 -1.000000 -1.000000 1.866711
1 0 0.036033 0.069967 150.194305 -1.000000 -1.000000 0.711082
1 -2 0.098302 0.032711 169.223099 -1.000000 -1.000000 1.720253
1 0 0.065192 0.111979 211.192200 -1.000000 -1.000000 0.215521
-4 0 0.085632 0.045405 163.703094 -1.000000 -1.000000 1.797951
2 0 0.039176 0.077015 129.730301 -1.000000 -1.000000 1.668643
2 0 0.160241 0.014304 160.844894 -1.000000 -1.000000 1.837315
0 2 0.082319 0.285097 128.660202 -1.000000 -1.000000 0.209459
0 2 0.061957 0.130366 292.039612 -1.000000 -1.000000 2.515062
1 0 0.313984 0.034530 279.412598 -1.000000 -1.000000 1.926115
0 1 0.107048 0.026719 107.573502 -1.000000 -1.000000 0.860571
0 2 0.049585 0.466847 318.325195 -1.000000 -1.000000 0.354372
0 2 0.109558 0.296673 408.805511 -1.000000 -1.000000 1.933389
0 2 0.018033 0.163880 143.198105 -1.000000 -1.000000 1.751552
-1 0 0.094004 0.022691 126.269997 -1.000000 -1.000000 1.815965
2 0 0.171982 0.046011 191.812805 -1.000000 -1.000000 1.767457
0 -2 0.023827 0.067067 96.680229 -1.000000 -1.000000 1.948742
1 0 0.201300 0.028687 188.186005 -1.000000 -1.000000 2.835142
2 0 0.180913 0.224418 231.549896 -1.000000 -1.000000 1.677179
1 0 0.354171 0.098060 324.213806 -1.000000 -1.000000 1.811237
0 2 0.071004 0.212973 115.647102 -1.000000 -1.000000 1.985524
2 0 0.190844 0.029238 165.433304 -1.000000 -1.000000 1.709445
-1 0 0.142550 0.253337 451.028015 -1.000000 -1.000000 1.778334
1 0 0.082402 0.077084 258.089600 -1.000000 -1.000000 1.780019
2 -1 0.067493 0.109558 161.441803 -1.000000 -1.000000 1.981064
0 -1 0.079323 0.133742 123.351601 -1.000000 -1.000000 2.818218
2 1 0.118923 0.209223 217.810806 -1.000000 -1.000000 1.843008
-1 1 0.032650 0.088315 166.444794 -1.000000 -1.000000 1.276159
0 1 0.047196 0.060513 125.864502 -1.000000 -1.000000 2.487900
0 4 0.025687 0.027964 108.177803 -1.000000 -1.000000 1.713902
0 2 0.032580 0.245974 226.942398 -1.000000 -1.000000 2.033828
0 3 0.062448 0.315243 241.467499 -1.000000 -1.000000 2.137450
0 1 0.087375 0.344514 321.221497 -1.000000 -1.000000 0.211377
2 0 0.111369 0.035991 206.651505 -1.000000 -1.000000 1.808442
0 4 0.022095 0.109564 93.910667 -1.000000 -1.000000 0.092876
2 0 0.513669 0.177259 322.245392 -1.000000 -1.000000 2.214017
1 0 0.061432 0.052306 177.869995 -1.000000 -1.000000 1.947001
0 1 0.031496 0.247704 195.290298 -1.000000 -1.000000 2.793062
4 0 0.084046 0.300368 125.527901 -1.000000 -1.000000 1.917425
0 2 0.054412 0.099476 157.841400 -1.000000 -1.000000 1.950332
0 -3 0.126362 0.038955 183.185104 -1.000000 -1.000000 0.687021
1 0 0.131006 0.136957 190.347198 -1.000000 -1.000000 0.882844
-1 3 0.106495 0.032243 137.307495 -1.000000 -1.000000 1.898809
0 -3 0.087191 0.019033 118.330902 -1.000000 -1.000000 2.844217
-4 0 0.029375 0.073774 121.954201 -1.000000 -1.000000 1.825926
0 4 0.099786 0.117126 223.045593 -1.000000 -1.000000 1.804304
1 2 0.182665 0.006658 105.095001 -1.000000 -1.000000 1.972657
2 0 0.094385 0.056262 162.999298 -1.000000 -1.000000 1.604246
1 0 0.047532 0.031558 119.809700 -1.000000 -1.000000 1.940102
1 0 0.248994 0.120968 315.113403 -1.000000 -1.000000 1.083883
0 -3 0.029953 0.160102 92.305771 -1.000000 -1.000000 1.719903
0 3 0.069852 0.059335 87.537827 -1.000000 -1.000000 0.771141
1 0 0.123928 0.150465 323.247314 -1.000000 -1.000000 1.832082
4 1 0.011030 0.278945 167.572800 -1.000000 -1.000000 1.638515
2 0 0.175890 0.041753 144.552399 -1.000000 -1.000000 1.844290
2 0 0.112497 0.045752 147.258194 -1.000000 -1.000000 1.830783
0 2 0.189454 0.240709 100.379997 -1.000000 -1.000000 1.790277
-4 2 0.120411 0.086980 182.134003 -1.000000 -1.000000 1.892408
0 1 0.016829 0.451742 159.750305 -1.000000 -1.000000 2.000544
2 -1 0.217517 0.023036 186.300995 -1.000000 -1.000000 0.903936
0 3 0.035010 0.062517 82.587128 -1.000000 -1.000000 1.705559
0 1 0.046870 0.152421 178.341797 -1.000000 -1.000000 0.875919
0 1 0.017524 0.230494 128.506195 -1.000000 -1.000000 1.945926
4 1 0.092203 0.062061 99.504959 -1.000000 -1.000000 1.866483
0 2 0.154527 0.217373 731.570923 -1.000000 -1.000000 0.416336
0 1 0.082405 0.427892 265.455994 -1.000000 -1.000000 1.834105
1 0 0.145960 0.043146 197.545105 -1.000000 -1.000000 0.832690
1 0 0.046145 0.065083 116.835197 -1.000000 -1.000000 1.972945
-4 0 0.105946 0.129236 195.018402 -1.000000 -1.000000 1.822981
1 2 0.203019 0.073475 206.973495 -1.000000 -1.000000 2.065346
0 2 0.065340 0.194034 192.330002 -1.000000 -1.000000 1.744883
1 0 0.193091 0.058944 222.294403 -1.000000 -1.000000 2.113876
-2 0 0.094924 0.040692 121.301003 -1.000000 -1.000000 0.607947
2 -1 0.494435 0.014351 226.549103 -1.000000 -1.000000 1.885058
0 1 0.094073 0.374020 515.942383 -1.000000 -1.000000 2.060830
0 2 0.037428 0.087070 100.348900 -1.000000 -1.000000 1.707708
-1 -1 0.095841 0.182800 198.011597 -1.000000 -1.000000 1.908085
2 0 0.161576 0.055316 119.095200 -1.000000 -1.000000 1.819185
2 2 0.047321 0.200740 135.746201 -1.000000 -1.000000 2.026318
2 0 0.147260 0.113518 381.332611 -1.000000 -1.000000 1.760219
0 2 0.221011 0.040829 158.930298 -1.000000 -1.000000 1.640590
3 0 0.039689 0.075049 128.071701 -1.000000 -1.000000 1.762941
1 0 0.039882 0.114007 201.205200 -1.000000 -1.000000 1.930085
0 2 0.091635 0.404168 509.532898 -1.000000 -1.000000 1.136064
1 0 0.192522 0.007624 108.496696 -1.000000 -1.000000 1.289609
2 0 0.405826 0.007633 122.686798 -1.000000 -1.000000 1.685160
-1 2 0.148619 0.032447 195.880096 -1.000000 -1.000000 1.520140
0 1 0.013303 0.188228 153.309906 -1.000000 -1.000000 2.081054
2 0 0.087760 0.080441 175.169693 -1.000000 -1.000000 1.697578
1 0 0.067048 0.188565 321.476898 -1.000000 -1.000000 1.974247
0 1 0.060151 0.126300 164.701508 -1.000000 -1.000000 2.717740
2 -1 0.076083 0.031352 139.058594 -1.000000 -1.000000 0.207219
3 4 0.192662 0.006993 97.929451 -1.000000 -1.000000 1.258090
0 -2 0.039924 0.116171 157.243698 -1.000000 -1.000000 1.888949
0 1 0.043035 0.324123 118.263000 -1.000000 -1.000000 1.766320
0 0 0.159323 0.257106 276.703888 -1.000000 -1.000000 2.309908
0 2 0.048956 0.086095 161.505600 -1.000000 -1.000000 2.032147
2 2 0.098285 0.160611 114.828400 -1.000000 -1.000000 1.641673
0 1 0.029518 0.163602 205.674896 -1.000000 -1.000000 1.843016
0 3 0.191347 0.076579 190.874893 -1.000000 -1.000000 2.013788
0 3 0.259500 0.052928 168.086594 -1.000000 -1.000000 2.047261
1 0 0.115933 0.178387 314.150208 -1.000000 -1.000000 2.340321
1 0 0.121247 0.051277 170.595505 -1.000000 -1.000000 1.973529
-3 2 0.078422 0.056115 128.926102 -1.000000 -1.000000 1.784125
0 -2 0.098891 0.043413 174.310699 -1.000000 -1.000000 1.779995
1 0 0.081638 0.076342 106.858902 -1.000000 -1.000000 2.742421
1 0 0.216117 0.015781 130.830505 -1.000000 -1.000000 0.984925
0 1 0.034698 0.209540 119.064102 -1.000000 -1.000000 1.676167
1 0 0.236724 0.060380 262.402588 -1.000000 -1.000000 0.083608
-3 0 0.027723 0.105896 162.589600 -1.000000 -1.000000 2.091061
-2 2 0.076391 0.018346 174.706604 -1.000000 -1.000000 2.015120
0 -1 0.081988 0.080210 144.269608 -1.000000 -1.000000 1.777537
1 0 0.132615 0.189879 223.684296 -1.000000 -1.000000 1.817819
1 2 0.081526 0.165143 185.454407 -1.000000 -1.000000 3.016201
0 0 0.017621 0.192473 127.095398 -1.000000 -1.000000 2.284886
2 2 0.159841 0.085031 171.908707 -1.000000 -1.000000 0.781786
0 -3 0.047787 0.081876 107.710297 -1.000000 -1.000000 1.938400
1 2 0.243395 0.126274 516.327515 -1.000000 -1.000000 2.102937
-1 2 0.021480 0.174380 122.084297 -1.000000 -1.000000 0.686616
2 1 0.086802 0.079256 121.579102 -1.000000 -1.000000 2.756307
3 0 0.163034 0.028581 173.315094 -1.000000 -1.000000 1.929874
2 2 0.125742 0.033906 111.582298 -1.000000 -1.000000 2.289894
1 0 0.220428 0.041363 149.386398 -1.000000 -1.000000 1.729806
2 0 0.074463 0.047106 111.938499 -1.000000 -1.000000 1.867483
0 2 0.008274 0.214048 141.657700 -1.000000 -1.000000 2.289244
3 0 0.068372 0.124589 242.581100 -1.000000 -1.000000 2.010566
2 0 0.095779 0.209069 414.019287 -1.000000 -1.000000 1.925610
-3 2 0.144488 0.413932 110.178497 -1.000000 -1.000000 2.055253
2 0 0.172518 0.009860 116.071404 -1.000000 -1.000000 1.830337
3 2 0.066708 0.195878 125.729202 -1.000000 -1.000000 1.828392
0 0 0.105645 0.019331 129.030304 -1.000000 -1.000000 1.805949
0 1 0.048417 0.165505 187.211304 -1.000000 -1.000000 0.264812
-2 1 0.021883 0.221287 219.482697 -1.000000 -1.000000 1.964155
1 0 0.090008 0.020960 105.327103 -1.000000 -1.000000 1.742074
2 0 0.168719 0.015992 108.511200 -1.000000 -1.000000 1.851366
-1 2 0.127745 0.015530 108.147003 -1.000000 -1.000000 1.876525
2 0 0.056001 0.044613 96.068893 -1.000000 -1.000000 1.768836
2 0 0.105114 0.010011 112.028900 -1.000000 -1.000000 2.801199
2 1 0.069869 0.087862 133.959198 -1.000000 -1.000000 1.826837
0 2 0.133763 0.143101 143.550400 -1.000000 -1.000000 1.696561
-2 1 0.015202 0.124198 93.147217 -1.000000 -1.000000 1.842545
1 2 0.100312 0.150819 128.245499 -1.000000 -1.000000 1.748219
-1 2 0.103491 0.144799 197.727005 -1.000000 -1.000000 1.634955
-1 2 0.020739 0.097897 130.322403 -1.000000 -1.000000 1.856043
2 0 0.214791 0.011156 128.794800 -1.000000 -1.000000 1.785074
0 2 0.038086 0.344942 125.253998 -1.000000 -1.000000 1.597609
1 0 0.125578 0.089083 93.686127 -1.000000 -1.000000 0.550016
2 1 0.214978 0.086562 136.164902 -1.000000 -1.000000 1.772180
0 1 0.088074 0.101244 160.510803 -1.000000 -1.000000 0.871467
0 3 0.097720 0.087973 103.496101 -1.000000 -1.000000 0.697363
0 2 0.053592 0.222133 310.478912 -1.000000 -1.000000 1.622160
-1 0 0.207640 0.016044 176.705307 -1.000000 -1.000000 1.740328
0 1 0.094781 0.175748 143.519196 -1.000000 -1.000000 3.087372
4 2 0.013030 0.195920 141.347397 -1.000000 -1.000000 2.737457
1 2 0.102855 0.069886 355.074585 -1.000000 -1.000000 1.487155
2 -1 0.031798 0.106402 98.851242 -1.000000 -1.000000 1.891886
2 -1 0.079639 0.034917 86.912758 -1.000000 -1.000000 1.617950
-2 0 0.348175 0.044055 231.785995 -1.000000 -1.000000 1.855907
0 2 0.044148 0.122847 214.624802 -1.000000 -1.000000 1.703233
2 0 0.088747 0.023353 112.394096 -1.000000 -1.000000 1.699342
-1 3 0.185380 0.012569 131.834595 -1.000000 -1.000000 1.813595
0 2 0.016090 0.110388 120.548698 -1.000000 -1.000000 1.991245
2 0 0.123850 0.019535 156.624603 -1.000000 -1.000000 1.652083
0 2 0.071953 0.136755 198.741196 -1.000000 -1.000000 1.837569
1 0 0.142357 0.030947 165.587997 -1.000000 -1.000000 1.831327
0 1 0.035242 0.250855 150.703003 -1.000000 -1.000000 1.842253
1 0 0.078497 0.079254 124.003700 -1.000000 -1.000000 1.861902
2 0 0.215968 0.025218 155.908005 -1.000000 -1.000000 0.887915
-1 0 0.147596 0.042688 224.703995 -1.000000 -1.000000 1.890212
1 0 0.263501 0.029122 118.409798 -1.000000 -1.000000 1.918994
-4 0 0.095529 0.118651 96.576721 -1.000000 -1.000000 1.665630
1 0 0.108798 0.091715 271.227295 -1.000000 -1.000000 2.347400
0 2 0.123270 0.042133 136.052002 -1.000000 -1.000000 2.533889
2 0 0.253265 0.010689 166.447601 -1.000000 -1.000000 2.002719
-1 2 0.039843 0.136120 112.354103 -1.000000 -1.000000 1.652759
0 2 0.021043 0.664045 285.946411 -1.000000 -1.000000 0.115878
-1 2 0.065041 0.082789 177.884506 -1.000000 -1.000000 2.008027
-1 0 0.219813 0.021143 170.687897 -1.000000 -1.000000 1.895050
0 2 0.054172 0.061777 127.286003 -1.000000 -1.000000 0.826397
-1 2 0.027304 0.135297 127.585899 -1.000000 -1.000000 1.692188
0 1 0.068981 0.025028 120.577400 -1.000000 -1.000000 1.865000
0 1 0.086871 0.095759 146.251007 -1.000000 -1.000000 1.449546
1 4 0.149748 0.071276 214.874496 -1.000000 -1.000000 1.795131
1 0 0.023004 0.080866 149.187607 -1.000000 -1.000000 1.746242
2 -4 0.026408 0.057520 126.365700 -1.000000 -1.000000 0.853355
0 2 0.093594 0.042215 126.296700 -1.000000 -1.000000 0.208402
0 1 0.016180 0.362186 194.381897 -1.000000 -1.000000 1.625996
2 3 0.162307 0.064503 198.972702 -1.000000 -1.000000 1.889617
1 0 0.048627 0.071412 179.187302 -1.000000 -1.000000 0.400445
0 2 0.081049 0.232157 364.884796 -1.000000 -1.000000 1.667078
2 0 0.223127 0.133977 222.997192 -1.000000 -1.000000 1.025557
2 0 0.142126 0.029373 183.723999 -1.000000 -1.000000 1.773259
-1 2 0.052955 0.194530 141.126801 -1.000000 -1.000000 0.692452
1 0 0.238225 0.024204 109.557999 -1.000000 -1.000000 1.816500
2 0 0.145173 0.137533 212.643600 -1.000000 -1.000000 1.046527
-4 -3 0.006800 0.180042 105.615303 -1.000000 -1.000000 1.669425
0 1 0.071128 0.139396 310.667786 -1.000000 -1.000000 0.545656
-1 0 0.128962 0.067319 164.811493 -1.000000 -1.000000 1.782803
0 -1 0.022175 0.188893 158.835907 -1.000000 -1.000000 2.437903
0 2 0.066480 0.266643 203.744095 -1.000000 -1.000000 1.808682
0 2 0.025770 0.190651 155.162506 -1.000000 -1.000000 1.968418
-3 0 0.040702 0.099203 129.133102 -1.000000 -1.000000 0.419293
0 1 0.011884 0.096681 123.778801 -1.000000 -1.000000 1.704354
0 0 0.144262 0.055725 112.987900 -1.000000 -1.000000 1.762417
0 0 0.128682 0.135465 304.888794 -1.000000 -1.000000 1.840946
0 4 0.131074 0.036219 107.332298 -1.000000 -1.000000 1.272963
1 -3 0.278738 0.037478 279.760010 -1.000000 -1.000000 1.478966
1 0 0.237885 0.031551 126.734001 -1.000000 -1.000000 0.430108
0 1 0.031316 0.133373 123.737602 -1.000000 -1.000000 1.115003
0 2 0.049575 0.121769 134.179398 -1.000000 -1.000000 2.848261
0 2 0.041509 0.121513 124.748199 -1.000000 -1.000000 0.416619
0 -3 0.130770 0.037176 136.968796 -1.000000 -1.000000 1.800558
0 1 0.054129 0.104416 145.284607 -1.000000 -1.000000 1.645951
0 1 0.184789 0.148778 94.740219 -1.000000 -1.000000 1.877805
1 0 0.288102 0.006009 109.849403 -1.000000 -1.000000 1.717875
1 0 0.050835 0.130514 119.962997 -1.000000 -1.000000 1.942078
2 0 0.377157 0.022624 236.363800 -1.000000 -1.000000 2.012611
3 0 0.037461 0.101091 113.396896 -1.000000 -1.000000 0.854651
2 1 0.079413 0.264312 422.582092 -1.000000 -1.000000 2.013941
0 2 0.162200 0.077758 197.608505 -1.000000 -1.000000 1.765964
0 -1 0.063786 0.086070 110.375702 -1.000000 -1.000000 1.770260
1 0 0.396282 0.015953 202.818207 -1.000000 -1.000000 0.137135
-2 2 0.039952 0.216693 160.322495 -1.000000 -1.000000 1.996542
0 2 0.100092 0.135113 196.153702 -1.000000 -1.000000 2.751550
0 3 0.075489 0.287214 404.602692 -1.000000 -1.000000 2.257363
2 0 0.179747 0.161215 155.253403 -1.000000 -1.000000 1.462993
2 2 0.066494 0.093818 128.218506 -1.000000 -1.000000 1.887415
0 1 0.089359 0.047724 206.381195 -1.000000 -1.000000 1.800746
1 1 0.178892 0.031102 156.828003 -1.000000 -1.000000 1.633358
2 1 0.193175 0.037792 163.525604 -1.000000 -1.000000 2.227916
3 0 0.028654 0.111165 99.363274 -1.000000 -1.000000 0.347509
0 2 0.064942 0.084443 120.298401 -1.000000 -1.000000 0.191449
1 0 0.302670 0.021920 172.929199 -1.000000 -1.000000 1.827491
4 1 0.103419 0.097555 357.051788 -1.000000 -1.000000 1.856919
0 -2 0.157512 0.024234 158.169006 -1.000000 -1.000000 0.709269
-4 2 0.011152 0.224739 125.647102 -1.000000 -1.000000 2.445301
2 1 0.121397 0.031457 166.362106 -1.000000 -1.000000 1.916490
2 0 0.194267 0.024828 159.124893 -1.000000 -1.000000 2.507310
0 1 0.023788 0.279830 202.054901 -1.000000 -1.000000 1.880142
0 1 0.076008 0.056670 104.954300 -1.000000 -1.000000 1.934274
0 1 0.110275 0.043681 123.871597 -1.000000 -1.000000 0.812634
2 -4 0.432252 0.014720 318.818909 -1.000000 -1.000000 1.823058
2 0 0.113048 0.037506 137.924606 -1.000000 -1.000000 1.694463
-4 0 0.046666 0.087037 117.419899 -1.000000 -1.000000 1.828952
0 1 0.053850 0.025624 92.609039 -1.000000 -1.000000 1.488889
2 0 0.189027 0.018579 125.131699 -1.000000 -1.000000 2.203285
-2 2 0.188641 0.131099 276.547089 -1.000000 -1.000000 1.725393
-1 2 0.179644 0.055375 238.628494 -1.000000 -1.000000 2.085582
2 2 0.029980 0.177059 137.105103 -1.000000 -1.000000 1.608732
2 -2 0.431232 0.034989 341.840210 -1.000000 -1.000000 1.598513
0 2 0.191877 0.234615 253.257507 -1.000000 -1.000000 1.869920
2 2 0.153851 0.110189 112.776802 -1.000000 -1.000000 1.916424
2 1 0.162686 0.179917 184.817795 -1.000000 -1.000000 2.540996
0 4 0.022400 0.241030 222.340195 -1.000000 -1.000000 1.735683
2 0 0.286630 0.045954 158.719604 -1.000000 -1.000000 1.712240
2 0 0.115482 0.023253 134.316406 -1.000000 -1.000000 0.839385
0 1 0.046314 0.039591 98.188652 -1.000000 -1.000000 1.797675
1 0 0.297727 0.012010 177.182495 -1.000000 -1.000000 1.803279
-3 0 0.082355 0.084360 116.229698 -1.000000 -1.000000 1.728943
0 2 0.043135 0.160214 271.373413 -1.000000 -1.000000 1.914119
2 0 0.228934 0.038688 149.567307 -1.000000 -1.000000 0.691322
0 2 0.004958 0.269229 110.455002 -1.000000 -1.000000 1.845511
2 1 0.092487 0.109935 268.284088 -1.000000 -1.000000 1.987181
0 1 0.044562 0.236412 131.614395 -1.000000 -1.000000 1.278616
0 1 0.041765 0.188942 319.024109 -1.000000 -1.000000 1.542810
0 -1 0.049401 0.031263 87.131668 -1.000000 -1.000000 1.467812
0 3 0.056995 0.126636 304.567200 -1.000000 -1.000000 0.220745
1 -2 0.156156 0.201627 178.757507 -1.000000 -1.000000 1.852355
0 2 0.082975 0.179102 261.543304 -1.000000 -1.000000 1.791532
-3 0 0.091310 0.194324 181.302200 -1.000000 -1.000000 1.830973
0 2 0.083049 0.055278 191.140198 -1.000000 -1.000000 1.839206
2 0 0.086125 0.090119 192.130203 -1.000000 -1.000000 1.953470
-2 0 0.164628 0.132023 301.154785 -1.000000 -1.000000 1.080656
2 0 0.074551 0.037843 106.868103 -1.000000 -1.000000 2.028745
1 -2 0.028894 0.079955 94.569771 -1.000000 -1.000000 1.618072
0 1 0.033057 0.220551 143.156693 -1.000000 -1.000000 1.689659
-1 0 0.167952 0.113024 265.463806 -1.000000 -1.000000 1.744680
0 -3 0.023204 0.061510 100.585701 -1.000000 -1.000000 1.824155
1 0 0.170977 0.067267 180.757996 -1.000000 -1.000000 1.131244
1 0 0.284221 0.083682 314.264008 -1.000000 -1.000000 0.897154
0 2 0.042689 0.140496 161.298203 -1.000000 -1.000000 1.967687
-3 0 0.141489 0.058787 132.844101 -1.000000 -1.000000 0.689190
0 1 0.065083 0.256873 250.197006 -1.000000 -1.000000 1.523401
2 0 0.204942 0.013714 95.591881 -1.000000 -1.000000 1.679412
0 -1 0.044748 0.167903 199.597000 -1.000000 -1.000000 2.769577
1 0 0.025583 0.249469 164.138000 -1.000000 -1.000000 2.027158
0 1 0.059289 0.266583 223.592407 -1.000000 -1.000000 1.794279
-1 0 0.029112 0.059512 94.149139 -1.000000 -1.000000 1.692129
2 0 0.275968 0.041596 282.043610 -1.000000 -1.000000 0.211017
2 3 0.337459 0.007569 232.910095 -1.000000 -1.000000 1.675392
-1 2 0.038901 0.235426 281.629089 -1.000000 -1.000000 2.013678
0 2 0.098699 0.217374 103.463097 -1.000000 -1.000000 1.525029
