-1 2 0.010253 0.295377 218.535034 51.650490 1.103932 0.000026
2 -1 0.024333 0.033731 116.506493 25.317013 7.822670 0.000027
2 -1 0.102238 0.104086 322.530457 5.307106 1.003219 0.000025
-1 2 0.006688 0.162442 130.114365 95.477425 3.120451 0.000026
1 -2 0.057797 0.030925 168.372574 6.768821 8.194780 0.000026
1 -2 0.203175 0.005442 131.977585 1.070522 128.980530 0.000026
-1 2 0.006717 0.323014 186.727020 97.659706 0.912008 0.000030
1 -4 0.007881 0.195968 125.846008 89.133919 0.038982 0.000015
-1 2 0.006354 0.217249 149.409286 104.295258 2.027872 0.000028
1 -2 0.115514 0.006833 114.222748 2.732186 90.189522 0.000025
2 -1 0.067183 0.091820 271.193054 8.450606 1.316252 0.000025
1 -2 0.054072 0.055091 156.929428 7.368587 2.857135 0.000028
-1 2 0.002290 0.562215 136.839081 472.124725 0.126768 0.000006
2 -1 0.023026 0.092011 183.459198 27.300236 1.334298 0.000008
2 -1 0.175459 0.005158 121.881302 2.822210 140.039734 0.000012
2 -3 0.098626 0.042392 222.528381 5.574282 3.450348 0.000024
2 -1 0.264547 0.005800 134.041977 1.445745 118.509148 0.000003
-1 2 0.119592 0.034911 230.348511 0.750905 17.151173 0.000044
2 -1 0.240927 0.009688 191.914307 1.670549 55.902561 0.000026
2 -1 0.125902 0.039894 172.923889 4.238988 5.971281 0.000001
-1 2 0.012295 0.136605 141.561646 38.090519 3.870585 0.000023
1 -2 0.315533 0.004617 149.318344 0.373577 167.123398 0.000026
-1 2 0.063540 0.021822 148.522186 2.702076 28.874998 0.000028
-2 1 0.015175 0.176924 190.506927 26.852467 1.348021 0.000026
-1 2 0.005213 0.304636 158.661667 141.296173 1.062329 0.000025
4 -3 0.009504 0.254463 159.419754 37.816677 0.035499 0.000023
-2 1 0.020013 0.257629 279.372681 17.315828 0.600008 0.000018
2 -1 0.276456 0.015387 251.861115 1.255442 27.659174 0.000012
2 -1 0.306064 0.003964 130.395721 1.071799 208.645081 0.000001
-2 1 0.327989 0.016860 236.513824 0.019749 32.967545 0.000026
-2 1 0.002425 0.407699 115.784134 423.525116 0.159542 0.000007
1 -2 0.022639 0.150388 230.967651 22.337612 0.286143 0.000028
1 -2 0.142264 0.016720 195.258408 1.943740 22.997459 0.000025
1 -2 0.158844 0.005411 118.920273 1.673680 128.816025 0.000003
2 -1 0.247189 0.008209 154.179703 1.622094 70.969032 0.000026
-2 1 0.104684 0.013845 144.387054 0.735150 42.031765 0.000027
-2 1 0.203461 0.007040 110.887787 0.125831 103.077225 0.000023
-1 2 0.002672 0.364994 123.216423 371.752350 0.696614 0.000040
-1 2 0.005769 0.290051 127.010330 118.888893 1.207413 0.000029
1 -2 0.070957 0.009864 108.196877 5.254233 51.192581 0.000022
-1 2 0.005093 0.413236 181.885712 148.083542 0.455476 0.000024
-2 1 0.060679 0.117608 284.944458 2.336379 2.557432 0.000025
-4 3 0.082543 0.008182 106.357742 0.513062 55.251270 0.000028
2 -1 0.122007 0.077307 364.161224 4.298120 1.829412 0.000020
-1 2 0.027681 0.228122 261.934021 10.882719 1.798481 0.000025
-1 2 0.012788 0.260111 219.103745 36.701202 1.434138 0.000041
-1 2 0.008760 0.237625 180.725693 65.026688 1.719640 0.000014
-2 1 0.016986 0.184517 200.196640 22.439157 1.244700 0.000024
2 -1 0.157287 0.025464 237.482346 3.166884 12.435018 0.000025
1 -2 0.059595 0.014608 115.658340 6.541134 27.855700 0.000027
-2 1 0.023876 0.068574 129.589355 12.633851 5.469021 0.000028
-1 2 0.002717 0.460801 132.540070 365.916870 0.321742 0.000006
-1 2 0.142750 0.073672 335.976013 0.476036 7.632452 0.000018
-4 1 0.011218 0.233566 204.547394 29.243671 0.773901 0.000027
-2 1 0.007989 0.151431 139.928894 72.171600 1.791893 0.000010
2 -1 0.212265 0.006122 144.749847 2.109192 109.999641 0.000028
-1 2 0.030103 0.025023 111.453934 9.375765 24.502279 0.000012
-2 1 0.027313 0.108774 191.708603 10.162847 2.913538 0.000028
-4 3 0.054017 0.035634 145.650787 1.395818 4.724428 0.000025
2 -1 0.136085 0.005773 114.117264 3.920361 117.585381 0.000028
2 -1 0.084512 0.021224 121.360397 6.671310 16.280535 0.000022
-1 2 0.187349 0.016633 223.151810 0.228854 40.319275 0.000030
1 -2 0.135661 0.013034 168.373352 2.111067 34.050045 0.000025
1 -2 0.010790 0.090161 120.899055 58.101120 1.041121 0.000024
2 -1 0.248676 0.006220 148.823227 1.609010 107.656960 0.000037
-1 2 0.033793 0.029630 113.366508 7.796555 20.306852 0.000002
