-1 0 0.122909 0.066517 126.689201 -1.000000 -1.000000 2.017888
1 0 0.264952 0.022191 153.830002 -1.000000 -1.000000 13.332596
0 2 0.092736 0.156276 135.785294 -1.000000 -1.000000 15.017156
1 2 0.118295 0.229988 305.209106 -1.000000 -1.000000 11.743341
2 1 0.227523 0.066459 107.286201 -1.000000 -1.000000 3.421029
-2 1 0.299060 0.091945 272.846497 -1.000000 -1.000000 8.798554
-1 0 0.039415 0.064380 114.741203 -1.000000 -1.000000 8.362053
0 1 0.049755 0.089262 121.857498 -1.000000 -1.000000 2.327622
-1 1 0.334300 0.030831 122.194099 -1.000000 -1.000000 17.302390
1 0 0.282353 0.029195 144.575104 -1.000000 -1.000000 12.284651
-3 1 0.151618 0.210436 180.028702 -1.000000 -1.000000 13.439907
0 2 0.050050 0.115525 93.989670 -1.000000 -1.000000 20.266929
2 3 0.309787 0.062262 106.789101 -1.000000 -1.000000 7.246149
0 0 0.073799 0.048646 112.833603 -1.000000 -1.000000 12.872759
0 1 0.067509 0.074130 142.173294 -1.000000 -1.000000 13.210172
1 0 0.020914 0.152222 167.598694 -1.000000 -1.000000 0.497661
2 0 0.373411 0.097334 279.157593 -1.000000 -1.000000 12.269551
2 -1 0.105064 0.043185 160.517593 -1.000000 -1.000000 13.275457
-4 0 0.088552 0.184414 192.962997 -1.000000 -1.000000 13.708403
1 1 0.154075 0.227765 170.679993 -1.000000 -1.000000 12.174651
2 1 0.094551 0.363189 175.238495 -1.000000 -1.000000 9.947944
-5 2 0.081512 0.296433 126.935204 -1.000000 -1.000000 11.807700
0 1 0.079904 0.176024 184.402603 -1.000000 -1.000000 13.200443
1 0 0.154029 0.032707 93.612038 -1.000000 -1.000000 13.742158
0 -3 0.193992 0.065569 247.066803 -1.000000 -1.000000 0.559208
0 -1 0.153363 0.185144 219.874603 -1.000000 -1.000000 1.235489
2 2 0.068819 0.330338 216.227097 -1.000000 -1.000000 13.347760
1 1 0.055555 0.151511 137.973099 -1.000000 -1.000000 13.115322
2 0 0.031020 0.111985 97.445862 -1.000000 -1.000000 5.638353
0 2 0.038476 0.089029 148.857895 -1.000000 -1.000000 13.117662
0 2 0.117848 0.155545 133.054306 -1.000000 -1.000000 12.317151
0 1 0.060634 0.080795 117.289299 -1.000000 -1.000000 12.752659
0 2 0.199099 0.201652 137.827499 -1.000000 -1.000000 11.974776
-3 2 0.056204 0.179460 194.321106 -1.000000 -1.000000 19.004245
0 -4 0.038871 0.105284 89.762009 -1.000000 -1.000000 13.596658
-2 2 0.038392 0.143524 104.814499 -1.000000 -1.000000 11.485877
2 -1 0.053701 0.001877 80.313461 -1.000000 -1.000000 11.782142
2 4 0.192193 0.017937 96.650612 -1.000000 -1.000000 7.556202
0 -2 0.018711 0.162948 134.181198 -1.000000 -1.000000 4.318282
2 0 0.074390 0.095544 136.901901 -1.000000 -1.000000 11.901588
0 2 0.063968 0.091055 108.489403 -1.000000 -1.000000 12.992930
2 0 0.363250 0.095197 237.917404 -1.000000 -1.000000 12.964225
1 1 0.098306 0.456909 297.806213 -1.000000 -1.000000 14.280531
0 1 0.061312 0.090902 181.310196 -1.000000 -1.000000 11.982093
1 0 0.104102 0.097608 177.438095 -1.000000 -1.000000 9.597836
1 1 0.239108 0.033930 179.123001 -1.000000 -1.000000 12.347790
2 2 0.227994 0.108124 136.757797 -1.000000 -1.000000 2.758333
0 1 0.023638 0.139224 125.829002 -1.000000 -1.000000 4.685210
0 2 0.063517 0.107005 135.277298 -1.000000 -1.000000 12.061744
2 4 0.516481 0.081543 447.345001 -1.000000 -1.000000 10.911867
0 2 0.045771 0.093894 119.369598 -1.000000 -1.000000 15.360215
-1 1 0.100850 0.224141 383.449799 -1.000000 -1.000000 11.312714
2 1 0.035217 0.151900 153.213806 -1.000000 -1.000000 4.776926
1 0 0.288938 0.048396 183.358398 -1.000000 -1.000000 12.323410
0 1 0.089282 0.136430 150.680801 -1.000000 -1.000000 18.729073
0 1 0.140532 0.098221 115.598198 -1.000000 -1.000000 0.629068
2 2 0.353152 0.027357 140.780701 -1.000000 -1.000000 1.003219
0 2 0.020546 0.113199 140.054504 -1.000000 -1.000000 10.623439
0 3 0.081602 0.113103 126.817596 -1.000000 -1.000000 12.316039
1 0 0.189682 0.094364 213.733093 -1.000000 -1.000000 12.035930
0 -1 0.065615 0.170166 178.522507 -1.000000 -1.000000 5.058226
0 1 0.136655 0.110533 174.592606 -1.000000 -1.000000 2.816810
0 0 0.030151 0.154423 104.343102 -1.000000 -1.000000 9.680811
0 2 0.039796 0.247362 211.209900 -1.000000 -1.000000 16.933634
1 2 0.386302 0.090328 298.949188 -1.000000 -1.000000 12.082244
2 0 0.243086 0.068048 108.863701 -1.000000 -1.000000 7.678529
3 2 0.040815 0.128806 101.807602 -1.000000 -1.000000 13.209366
2 0 0.231671 0.078863 224.434601 -1.000000 -1.000000 13.526513
0 1 0.233289 0.264539 360.825195 -1.000000 -1.000000 21.120799
