1 -1 0.037366 0.062495 128.183975 11.697132 2.792021 0.132342
4 -4 0.090781 0.025659 167.799820 0.406386 6.443352 0.136853
-1 1 0.007496 0.113935 80.533569 77.085518 2.829618 0.124804
-2 2 0.005934 0.112593 87.861481 108.758942 4.920299 0.122850
2 -2 0.131732 0.042386 98.662575 4.097044 4.674014 0.050205
-1 1 0.018495 0.070760 91.643547 19.894810 5.289513 0.128258
2 -2 0.011207 0.124412 145.062439 64.250664 0.484032 0.133946
-1 1 0.053140 0.013083 92.650436 3.712150 44.273613 0.114127
2 -2 0.244237 0.002639 101.166412 1.713799 367.829773 0.123211
-2 2 0.066952 0.016981 105.429703 1.958901 38.214012 0.005541
-2 2 0.006359 0.132298 94.411942 98.747330 4.082996 0.111155
2 -2 0.143373 0.006675 114.819016 3.678432 93.480019 0.027855
2 -2 0.069182 0.029722 135.303619 8.234768 8.742137 0.137523
3 -3 0.016833 0.113364 93.629288 16.977077 0.437314 0.010301
-1 1 0.034077 0.017055 93.881798 7.671553 31.352406 0.141885
-1 1 0.067065 0.043130 150.432724 2.451544 9.784258 0.101699
-1 1 0.072811 0.051968 102.843803 2.135429 7.765028 0.014500
4 -4 0.150341 0.013472 111.987495 0.096526 20.024565 0.126281
2 -2 0.009427 0.150328 138.413712 79.625404 0.296960 0.200924
1 -1 0.070252 0.121627 87.654015 5.342232 0.770137 0.101840
2 -2 0.025640 0.064514 162.649612 24.076975 2.090206 0.135436
2 -2 0.117765 0.062108 168.838425 4.588309 2.254744 0.123781
1 -1 0.086960 0.010674 93.282486 4.056421 45.984119 0.108521
1 -1 0.044928 0.068821 82.000389 9.291424 2.378364 0.066527
-1 1 0.055495 0.031944 99.405754 3.445161 14.175057 0.189379
-1 1 0.012204 0.226472 96.619820 37.620464 0.884398 0.124243
-4 4 0.048787 0.009331 83.365273 1.691641 35.982052 0.138310
1 -1 0.056050 0.035797 85.638329 7.079057 7.084052 0.122673
-3 3 0.020644 0.052889 124.753632 12.284724 2.237536 0.036417
2 -2 0.179674 0.009637 156.281677 2.693915 54.433651 0.125274
2 -2 0.249308 0.009677 196.289139 1.567231 54.875256 0.129377
2 -2 0.200389 0.012609 201.535324 2.259949 36.211651 0.122605
2 -2 0.141404 0.012867 87.211571 3.783252 33.431332 0.131922
-2 2 0.010301 0.224742 191.474670 49.697983 1.885043 0.130364
-2 2 0.045048 0.016536 102.481201 4.186281 39.378433 0.124068
-2 2 0.013074 0.060338 96.200974 32.821415 9.513198 0.141091
1 -1 0.060449 0.007936 80.468208 6.452435 70.808784 0.102054
2 -2 0.095008 0.125781 97.565033 5.908013 0.482432 0.119626
-2 2 0.033130 0.042095 85.517159 7.196478 13.841231 0.163309
2 -2 0.278665 0.030765 402.410034 1.188019 8.341435 0.135757
-2 2 0.026794 0.162666 151.608444 10.453251 3.091891 0.101242
1 -1 0.026698 0.052299 120.305222 17.817221 3.803363 0.125545
-1 1 0.032491 0.108263 224.574219 8.375501 2.914897 0.086193
-2 2 0.031826 0.021285 104.078598 7.739721 29.377253 0.048180
2 -2 0.048316 0.150757 367.551849 12.051207 0.275409 0.145418
-2 2 0.007127 0.136644 102.561844 83.795479 3.917079 0.112921
-2 2 0.010092 0.227850 156.391556 50.675182 1.868348 0.137832
2 -2 0.344708 0.040242 483.534485 0.702520 5.125405 0.123629
2 -2 0.112385 0.008978 99.218231 4.913876 58.788551 0.111434
-1 1 0.013983 0.116960 136.964401 31.218052 2.662135 0.134858
-2 2 0.117246 0.073966 115.893974 0.567583 7.685139 0.125753
2 -2 0.029879 0.133767 236.108597 20.408487 0.390553 0.140961
-2 2 0.009387 0.096560 87.630623 54.351166 5.818367 0.024207
-2 2 0.058577 0.210953 197.682358 2.524323 2.087139 0.211584
1 -1 0.029230 0.067431 89.905045 15.800660 2.460174 0.107149
-3 3 0.032596 0.035967 79.267105 5.418181 4.546066 0.112156
1 -1 0.049813 0.093029 190.459045 8.159256 1.302731 0.158164
-1 1 0.018465 0.039038 83.069946 19.848635 11.037534 0.020291
1 -1 0.052635 0.062059 157.724121 7.622465 2.814198 0.079820
-2 2 0.009435 0.213463 91.261887 54.099964 2.157574 0.122871
-2 2 0.012148 0.191130 174.065262 38.111393 2.448614 0.127462
2 -2 0.158844 0.006946 113.189560 3.234603 87.907005 0.129012
1 -1 0.019008 0.073625 106.582634 27.387856 2.090041 0.143411
2 -2 0.418317 0.001968 105.603050 0.470649 568.370300 0.118651
-2 2 0.009173 0.089092 98.344368 56.829636 6.327100 0.113719
-1 1 0.111501 0.334904 1000.427002 0.810717 0.251174 0.055274
1 -1 0.057635 0.033978 83.961151 6.840715 7.693172 0.122921
2 -2 0.063007 0.015404 121.504784 9.089526 25.671257 0.066141
-1 1 0.151663 0.037819 234.050110 0.417726 11.560325 0.134224
-2 2 0.087624 0.017652 85.875877 1.123549 36.180737 0.158826
-1 1 0.018063 0.113034 120.860329 20.897106 2.811203 0.117043
2 -2 0.188795 0.003456 101.796448 2.572870 247.298248 0.073078
2 -2 0.406302 0.002801 92.454819 0.526921 332.963409 0.128220
-1 1 0.015467 0.032918 85.861801 26.058237 13.621655 0.094265
-1 1 0.002869 0.301927 88.067215 320.662170 0.451182 0.116431
-2 2 0.051057 0.042386 165.096542 3.304280 13.837032 0.111876
2 -2 0.087993 0.014945 99.613693 6.409794 26.648584 0.122596
-1 1 0.081846 0.035831 168.663620 1.686242 12.353649 0.005713
-3 3 0.134359 0.028730 145.888626 0.279121 6.963324 0.120149
-1 1 0.004624 0.104318 85.255569 158.589996 3.189873 0.018945
-1 1 0.023813 0.088068 161.971298 13.707062 3.924241 0.127116
2 -2 0.110244 0.023259 92.034225 5.030492 13.046052 0.017396
-2 2 0.061738 0.017149 98.408806 2.305843 37.661579 0.005744
-2 2 0.022291 0.064545 91.243454 13.982110 8.871213 0.134824
2 -2 0.067147 0.050888 207.694931 8.472930 3.316651 0.134454
-2 2 0.004179 0.194995 113.145035 188.720749 2.439364 0.131439
2 -2 0.081943 0.010158 94.643272 6.916409 48.453976 0.005426
2 -2 0.145905 0.004706 95.916679 3.627270 155.220718 0.126917
2 -2 0.180749 0.004995 96.384178 2.744278 142.097214 0.135338
-1 1 0.054832 0.017067 112.111633 3.511263 31.563219 0.156091
-1 1 0.012525 0.065676 80.436546 35.726753 5.820598 0.014255
2 -2 0.046766 0.092720 82.657104 12.390280 0.994264 0.128341
2 -2 0.015144 0.048232 88.486710 43.382034 3.692312 0.085842
-2 2 0.040239 0.105601 85.732147 5.125489 5.283864 0.024564
4 -4 0.025083 0.026195 90.913292 6.403182 5.900838 0.107580
-1 1 0.012730 0.098590 90.636436 35.148529 3.436293 0.142806
-4 4 0.094454 0.006817 99.018776 0.363947 61.850670 0.125394
2 -2 0.165717 0.003500 85.650772 3.103740 237.694199 0.127779
2 -2 0.075727 0.006475 87.683914 7.517220 95.437408 0.131912
-2 2 0.017569 0.033383 86.091881 20.471037 17.720652 0.140788
1 -1 0.027115 0.046873 139.969894 17.524515 4.568638 0.121759
2 -2 0.100152 0.020374 173.958054 5.509506 16.579012 0.104874
-2 2 0.026771 0.083088 144.384094 10.457332 6.776414 0.136578
-2 2 0.004847 0.132699 94.618698 148.313889 4.068126 0.118143
1 -1 0.077205 0.200059 418.029388 4.565948 0.174307 0.112029
-3 3 0.030323 0.055827 93.320030 6.207345 2.006294 0.029425
2 -2 0.064743 0.126821 81.403069 8.845925 0.478007 0.123870
-2 2 0.006080 0.071032 83.035934 104.280914 8.037514 0.178493
1 -1 0.010356 0.084254 108.727524 60.980240 1.622963 0.157102
2 -2 0.190525 0.003718 104.000946 2.536122 222.354446 0.113664
-2 2 0.019840 0.141610 85.882011 16.848652 3.778997 0.125974
-2 2 0.033743 0.148793 159.851974 7.030512 3.463424 0.122773
2 -2 0.026230 0.109911 130.742493 23.338104 0.658631 0.119813
1 -1 0.036995 0.064817 90.903229 11.804850 2.637598 0.051558
2 -2 0.062306 0.014244 114.114609 9.198241 28.973289 0.115609
-2 2 0.029203 0.064933 144.084045 9.019002 8.799693 0.015997
-2 2 0.087088 0.007535 102.403885 1.130964 103.814697 0.204691
-4 4 0.030084 0.016598 87.577652 4.515995 13.515840 0.121356
3 -3 0.073073 0.017873 86.830933 1.167196 15.266916 0.100541
2 -2 0.037049 0.011361 81.935371 15.836658 40.361683 0.124762
1 -1 0.229252 0.032050 328.072479 0.774679 8.593101 0.196031
-1 1 0.008376 0.123921 116.513596 67.404854 2.465243 0.120780
1 -1 0.337626 0.009376 225.629807 0.288613 59.382790 0.125341
-1 1 0.014764 0.038698 87.603340 28.002211 11.162745 0.032831
2 -2 0.205436 0.005908 115.538292 2.252750 112.423286 0.137508
-2 2 0.030487 0.060806 82.215622 8.289559 9.438079 0.172999
2 -2 0.105957 0.107084 148.136597 5.193715 0.696145 0.136673
2 -2 0.242749 0.030655 245.890106 1.618030 8.358528 0.136415
5 -5 0.010089 0.073742 103.760452 22.020432 0.387013 0.138032
-1 1 0.027212 0.255325 100.989059 10.967504 0.676931 0.010573
-1 1 0.025246 0.044712 91.154289 12.300878 9.349420 0.111989
-2 2 0.005306 0.221862 81.282219 127.591911 2.047243 0.191082
-2 2 0.011856 0.059885 103.736252 38.392048 9.587555 0.120613
3 -3 0.042654 0.040586 83.771172 3.337807 3.656923 0.019793
2 -2 0.041735 0.101218 197.255692 14.089579 0.783393 0.126295
3 -3 0.014904 0.175836 82.550903 20.519079 0.135818 0.124660
-2 2 0.022574 0.059063 118.921494 13.822998 9.725584 0.139032
2 -2 0.199239 0.005656 115.192856 2.360043 120.092316 0.132695
-2 2 0.011691 0.371560 81.559280 38.593536 0.698052 0.018206
3 -3 0.130395 0.006245 86.955391 0.309803 82.420013 0.122133
-1 1 0.003030 0.302424 121.065239 307.966309 0.432284 0.133702
-2 2 0.005682 0.098346 83.410477 115.500145 5.710599 0.123338
-1 1 0.041778 0.022502 98.243622 5.527605 22.005730 0.024977
-2 2 0.044424 0.030245 125.382835 4.293196 19.897295 0.118499
2 -2 0.166405 0.007104 80.817467 3.096247 82.385651 0.125976
-2 2 0.007301 0.173444 120.381104 81.870491 2.869119 0.126374
-3 3 0.008323 0.081176 100.382133 53.441044 0.933108 0.059174
-2 2 0.015511 0.129943 175.537277 25.833584 4.079766 0.058476
-2 2 0.006327 0.477728 219.850449 106.907509 0.257973 0.114440
2 -2 0.131425 0.029051 81.207291 4.137455 8.986977 0.121268
-2 2 0.014793 0.115579 126.443535 27.432404 4.728306 0.113241
-1 1 0.033011 0.046360 140.914795 8.119857 8.939633 0.136632
-2 2 0.041524 0.271238 268.343475 4.848767 1.298544 0.005601
3 -3 0.210237 0.004913 92.513458 0.075958 120.432877 0.139253
-2 2 0.044029 0.057669 145.287460 4.362574 9.970523 0.131111
2 -2 0.103455 0.014132 105.666527 5.376849 29.211590 0.116502
1 -1 0.063026 0.229516 207.650131 6.045041 0.115666 0.105528
1 -1 0.138649 0.010261 148.830597 2.054160 50.398327 0.152460
1 -1 0.019917 0.038713 81.703880 25.538073 6.245820 0.145038
-2 2 0.043667 0.090627 117.226326 4.430205 6.194108 0.212402
-2 2 0.004491 0.275924 140.419983 173.233444 1.325635 0.069957
2 -2 0.115273 0.009761 122.829056 4.746605 52.499645 0.129256
1 -1 0.010109 0.064254 79.266464 61.650612 2.686373 0.123632
2 -2 0.208105 0.046773 156.715454 2.164763 3.898597 0.140605
2 -2 0.066825 0.010165 80.965393 8.561542 47.831024 0.140146
1 -1 0.015216 0.060882 86.013893 36.180763 2.945721 0.038182
1 -1 0.030406 0.109746 197.938141 15.237116 0.918526 0.124944
