0 1 0.036407 0.219190 353.376190 -1.000000 -1.000000 0.046585
-1 1 0.100715 0.149169 149.191895 -1.000000 -1.000000 0.058397
2 0 0.213752 0.107581 375.648804 -1.000000 -1.000000 0.050994
1 -1 0.090762 0.043786 164.174194 -1.000000 -1.000000 0.074863
0 2 0.023237 0.185258 266.489502 -1.000000 -1.000000 0.044637
2 -2 0.178468 0.123224 296.499207 -1.000000 -1.000000 0.047827
1 -1 0.038918 0.081021 125.395401 -1.000000 -1.000000 0.044287
0 -3 0.045592 0.066728 109.602699 -1.000000 -1.000000 0.043236
0 -1 0.035105 0.177387 125.151901 -1.000000 -1.000000 0.047483
0 4 0.063173 0.123951 176.424500 -1.000000 -1.000000 0.006352
0 2 0.020668 0.407422 265.216400 -1.000000 -1.000000 0.047841
0 1 0.098483 0.056230 150.156097 -1.000000 -1.000000 0.041560
0 2 0.061503 0.166842 204.600296 -1.000000 -1.000000 0.052474
3 0 0.094073 0.032020 139.284302 -1.000000 -1.000000 0.045554
0 2 0.028002 0.121230 159.390701 -1.000000 -1.000000 0.016072
-2 2 0.019364 0.256954 159.218094 -1.000000 -1.000000 0.040993
-1 1 0.035795 0.245572 136.332703 -1.000000 -1.000000 0.022451
0 2 0.045295 0.227581 136.205994 -1.000000 -1.000000 0.044419
1 -1 0.236193 0.045709 215.863602 -1.000000 -1.000000 0.043575
5 0 0.075726 0.049174 305.417297 -1.000000 -1.000000 0.046011
0 -2 0.259019 0.054457 257.392792 -1.000000 -1.000000 0.050517
2 0 0.128583 0.055203 132.058197 -1.000000 -1.000000 0.052201
2 -2 0.234122 0.029364 210.655502 -1.000000 -1.000000 0.069228
-1 1 0.158699 0.038482 208.757401 -1.000000 -1.000000 0.010313
-2 2 0.053168 0.392252 275.063293 -1.000000 -1.000000 0.045578
2 0 0.072020 0.138283 338.448486 -1.000000 -1.000000 0.041398
0 2 0.130303 0.128909 208.592300 -1.000000 -1.000000 0.026826
0 3 0.027018 0.149741 147.584793 -1.000000 -1.000000 0.042790
1 0 0.128092 0.067140 175.174805 -1.000000 -1.000000 0.002067
2 -2 0.089039 0.134013 165.644394 -1.000000 -1.000000 0.046918
1 0 0.109539 0.122948 417.741089 -1.000000 -1.000000 0.045522
0 -3 0.025457 0.238475 128.882401 -1.000000 -1.000000 0.058481
0 2 0.129738 0.052367 208.712006 -1.000000 -1.000000 0.008713
-2 2 0.064068 0.089967 132.774597 -1.000000 -1.000000 0.004537
3 -3 0.085270 0.085639 194.292099 -1.000000 -1.000000 0.044695
0 2 0.030218 0.216258 239.482697 -1.000000 -1.000000 0.027819
0 -2 0.036095 0.270478 349.078308 -1.000000 -1.000000 0.048206
0 -1 0.015269 0.173235 111.090897 -1.000000 -1.000000 0.048264
2 0 0.068317 0.158972 128.764893 -1.000000 -1.000000 0.042482
2 0 0.124305 0.074540 273.075409 -1.000000 -1.000000 0.007251
0 2 0.023197 0.312676 186.354401 -1.000000 -1.000000 0.019387
1 0 0.153299 0.035821 166.031097 -1.000000 -1.000000 0.048996
2 0 0.170024 0.099035 316.517303 -1.000000 -1.000000 0.062491
0 2 0.050885 0.472027 301.313507 -1.000000 -1.000000 0.042067
2 0 0.022130 0.107944 96.350807 -1.000000 -1.000000 0.007317
0 -4 0.038682 0.091628 149.505798 -1.000000 -1.000000 0.031564
0 2 0.025585 0.164615 136.760895 -1.000000 -1.000000 0.042894
2 0 0.159994 0.031749 203.192505 -1.000000 -1.000000 0.007612
2 0 0.197860 0.030692 206.479797 -1.000000 -1.000000 0.052016
0 2 0.035681 0.141519 239.130005 -1.000000 -1.000000 0.015676
1 0 0.040572 0.066330 208.623199 -1.000000 -1.000000 0.054693
5 0 0.082299 0.065933 363.117706 -1.000000 -1.000000 0.044323
0 -5 0.165525 0.088180 641.917114 -1.000000 -1.000000 0.022559
1 -1 0.269772 0.076610 155.637894 -1.000000 -1.000000 0.046207
5 -5 0.066635 0.035179 258.034210 -1.000000 -1.000000 0.040796
-2 2 0.049920 0.140196 244.595993 -1.000000 -1.000000 0.002344
2 0 0.469539 0.009572 290.809601 -1.000000 -1.000000 0.044020
-1 0 0.054145 0.115009 213.498901 -1.000000 -1.000000 0.049569
0 1 0.030656 0.092289 103.112198 -1.000000 -1.000000 0.040657
2 0 0.208554 0.054875 183.720795 -1.000000 -1.000000 0.038362
-2 2 0.079880 0.090705 240.264099 -1.000000 -1.000000 0.047378
0 2 0.191984 0.108578 556.032593 -1.000000 -1.000000 0.048627
0 2 0.018502 0.359284 268.739502 -1.000000 -1.000000 0.021970
0 2 0.055109 0.107666 182.783401 -1.000000 -1.000000 0.040801
-5 0 0.070198 0.209030 805.087219 -1.000000 -1.000000 0.049399
2 0 0.320453 0.023173 246.143600 -1.000000 -1.000000 0.055841
-2 2 0.087883 0.090685 221.268600 -1.000000 -1.000000 0.037285
0 2 0.048328 0.190109 246.388397 -1.000000 -1.000000 0.043880
5 0 0.037847 0.282813 475.168915 -1.000000 -1.000000 0.043134
0 -1 0.135627 0.013015 111.322502 -1.000000 -1.000000 0.046260
-5 0 0.051275 0.088523 417.129791 -1.000000 -1.000000 0.067104
-2 0 0.286922 0.035804 240.907196 -1.000000 -1.000000 0.041583
2 -2 0.212920 0.078090 122.270103 -1.000000 -1.000000 0.023151
0 -5 0.038464 0.068506 329.571289 -1.000000 -1.000000 0.051429
0 -2 0.105763 0.117322 325.827301 -1.000000 -1.000000 0.045838
0 2 0.084823 0.051727 101.995903 -1.000000 -1.000000 0.041566
-2 2 0.029960 0.270054 200.316803 -1.000000 -1.000000 0.005221
2 0 0.144868 0.019646 122.600197 -1.000000 -1.000000 0.041621
2 -2 0.135160 0.039908 139.651993 -1.000000 -1.000000 0.046450
2 0 0.045762 0.150558 178.115097 -1.000000 -1.000000 0.049407
-2 0 0.219041 0.090266 389.526215 -1.000000 -1.000000 0.053045
0 2 0.042852 0.121047 275.099487 -1.000000 -1.000000 0.048880
0 2 0.106086 0.069714 240.850998 -1.000000 -1.000000 0.051242
0 2 0.011937 0.677716 303.045898 -1.000000 -1.000000 0.048251
1 -1 0.056251 0.051346 138.636002 -1.000000 -1.000000 0.047019
-3 0 0.026835 0.168244 145.401993 -1.000000 -1.000000 0.048599
2 0 0.066363 0.111281 173.590195 -1.000000 -1.000000 0.059330
-1 0 0.053299 0.158080 185.517502 -1.000000 -1.000000 0.046940
1 0 0.187693 0.024572 170.580200 -1.000000 -1.000000 0.052151
1 0 0.111030 0.117057 204.514008 -1.000000 -1.000000 0.046897
0 -1 0.213930 0.038026 199.644302 -1.000000 -1.000000 0.047856
-5 5 0.051806 0.122030 399.943787 -1.000000 -1.000000 0.042929
5 -5 0.045216 0.125231 305.317505 -1.000000 -1.000000 0.005423
-2 2 0.248584 0.080350 149.359299 -1.000000 -1.000000 0.077528
-2 0 0.048075 0.067897 129.394196 -1.000000 -1.000000 0.056696
0 2 0.026660 0.199469 223.363998 -1.000000 -1.000000 0.045023
5 0 0.115389 0.162375 848.389771 -1.000000 -1.000000 0.064987
0 2 0.121314 0.141903 526.399414 -1.000000 -1.000000 0.049915
2 0 0.288107 0.011494 115.957802 -1.000000 -1.000000 0.049133
2 0 0.414839 0.035143 314.952087 -1.000000 -1.000000 0.046539
0 2 0.050444 0.139850 185.869507 -1.000000 -1.000000 0.049724
0 1 0.154020 0.164578 580.127930 -1.000000 -1.000000 0.076887
0 -2 0.109782 0.031149 122.092003 -1.000000 -1.000000 0.046414
-2 0 0.317838 0.094435 708.668518 -1.000000 -1.000000 0.003846
-5 0 0.035802 0.110061 240.497604 -1.000000 -1.000000 0.058546
-5 5 0.039301 0.185649 437.043915 -1.000000 -1.000000 0.002823
0 5 0.144093 0.211854 937.157410 -1.000000 -1.000000 0.050403
2 0 0.062166 0.092835 147.901001 -1.000000 -1.000000 0.003439
0 2 0.043488 0.078011 139.857193 -1.000000 -1.000000 0.070051
0 1 0.075634 0.077339 258.850494 -1.000000 -1.000000 0.062920
4 0 0.114733 0.049222 196.841507 -1.000000 -1.000000 0.046528
2 0 0.113075 0.176707 371.752411 -1.000000 -1.000000 0.049862
-2 0 0.049099 0.191378 249.235306 -1.000000 -1.000000 0.050383
0 2 0.067721 0.103129 233.103195 -1.000000 -1.000000 0.047013
1 0 0.096958 0.031490 150.293198 -1.000000 -1.000000 0.046259
2 0 0.318392 0.020533 352.417908 -1.000000 -1.000000 0.053000
1 -1 0.266580 0.226931 260.109009 -1.000000 -1.000000 0.001654
-4 4 0.044507 0.071692 134.163406 -1.000000 -1.000000 0.046447
0 1 0.175389 0.042733 124.531898 -1.000000 -1.000000 0.046303
1 -1 0.102610 0.164406 194.926697 -1.000000 -1.000000 0.048285
2 -2 0.043841 0.168879 169.499603 -1.000000 -1.000000 0.046643
5 0 0.092850 0.259801 937.320923 -1.000000 -1.000000 0.050346
0 2 0.018054 0.291145 176.038696 -1.000000 -1.000000 0.032123
-2 0 0.119144 0.042580 132.028702 -1.000000 -1.000000 0.051545
2 0 0.465869 0.013818 373.549103 -1.000000 -1.000000 0.045125
0 2 0.076918 0.106525 236.742203 -1.000000 -1.000000 0.002812
0 -2 0.174207 0.053908 376.686493 -1.000000 -1.000000 0.049310
-3 3 0.050095 0.118952 176.046494 -1.000000 -1.000000 0.051048
0 -2 0.084760 0.044978 250.854294 -1.000000 -1.000000 0.051821
-5 0 0.103237 0.060089 368.997192 -1.000000 -1.000000 0.050434
0 5 0.033227 0.062836 337.274109 -1.000000 -1.000000 0.071363
0 1 0.123729 0.248867 407.175110 -1.000000 -1.000000 0.049177
0 2 0.149849 0.069759 166.456100 -1.000000 -1.000000 0.048262
0 3 0.054082 0.066067 102.507599 -1.000000 -1.000000 0.046537
-2 0 0.075532 0.139066 244.972397 -1.000000 -1.000000 0.046989
0 -1 0.060580 0.125717 196.470993 -1.000000 -1.000000 0.036279
2 0 0.268719 0.017314 300.067413 -1.000000 -1.000000 0.051686
-2 2 0.128164 0.025980 150.802307 -1.000000 -1.000000 0.049151
1 0 0.143369 0.087462 126.553596 -1.000000 -1.000000 0.050153
0 2 0.067331 0.106960 169.008194 -1.000000 -1.000000 0.044885
-2 2 0.067805 0.122253 192.847504 -1.000000 -1.000000 0.062505
0 2 0.011375 0.264273 251.971405 -1.000000 -1.000000 0.043388
-2 0 0.103749 0.042664 147.696304 -1.000000 -1.000000 0.075269
2 0 0.186809 0.049586 406.942902 -1.000000 -1.000000 0.052177
2 0 0.519918 0.045379 223.747406 -1.000000 -1.000000 0.050977
2 0 0.185534 0.065469 203.796799 -1.000000 -1.000000 0.051810
2 0 0.351529 0.079498 310.582397 -1.000000 -1.000000 0.032502
2 -2 0.085210 0.065059 132.314804 -1.000000 -1.000000 0.050022
5 0 0.056689 0.054145 320.904114 -1.000000 -1.000000 0.052102
1 -1 0.239480 0.035638 306.447601 -1.000000 -1.000000 0.045609
0 -2 0.033406 0.048864 95.583679 -1.000000 -1.000000 0.051051
-2 2 0.014895 0.220963 131.978500 -1.000000 -1.000000 0.048155
-1 0 0.062642 0.058629 113.404999 -1.000000 -1.000000 0.042147
0 5 0.044732 0.145441 502.825592 -1.000000 -1.000000 0.010185
0 -5 0.040387 0.206516 521.969727 -1.000000 -1.000000 0.046865
0 2 0.040753 0.099110 222.527298 -1.000000 -1.000000 0.053387
1 -1 0.244273 0.023860 217.326996 -1.000000 -1.000000 0.046446
2 0 0.180711 0.063382 359.429993 -1.000000 -1.000000 0.010216
1 -1 0.049172 0.162213 147.043198 -1.000000 -1.000000 0.049123
2 0 0.146901 0.022426 158.981293 -1.000000 -1.000000 0.041225
0 -5 0.161696 0.073662 590.569519 -1.000000 -1.000000 0.037727
-2 2 0.069652 0.257246 310.608185 -1.000000 -1.000000 0.050426
2 -2 0.039949 0.116595 185.852493 -1.000000 -1.000000 0.050128
1 0 0.470355 0.007905 128.769699 -1.000000 -1.000000 0.001787
2 0 0.217050 0.032944 176.798203 -1.000000 -1.000000 0.042659
-2 0 0.132129 0.165757 460.357605 -1.000000 -1.000000 0.031175
0 2 0.019317 0.125680 96.355293 -1.000000 -1.000000 0.027616
2 0 0.161363 0.066443 292.934692 -1.000000 -1.000000 0.047066
0 2 0.040886 0.308751 225.579407 -1.000000 -1.000000 0.052646
-2 2 0.064978 0.075332 213.954498 -1.000000 -1.000000 0.049510
0 2 0.085203 0.523118 317.964600 -1.000000 -1.000000 0.049487
-5 0 0.084077 0.171833 644.221985 -1.000000 -1.000000 0.069262
2 -2 0.204466 0.075778 155.877594 -1.000000 -1.000000 0.049818
2 -2 0.540033 0.092582 450.417297 -1.000000 -1.000000 0.042267
1 -1 0.233964 0.131627 492.297394 -1.000000 -1.000000 0.042562
0 2 0.060344 0.167870 249.728302 -1.000000 -1.000000 0.032025
1 0 0.082767 0.039094 250.761093 -1.000000 -1.000000 0.042052
-2 0 0.073470 0.047991 244.061493 -1.000000 -1.000000 0.049083
2 0 0.237288 0.097788 196.600494 -1.000000 -1.000000 0.057536
-1 1 0.100929 0.030552 167.230606 -1.000000 -1.000000 0.079410
2 0 0.091872 0.029329 141.186798 -1.000000 -1.000000 0.031970
0 1 0.017896 0.288432 136.517700 -1.000000 -1.000000 0.069442
0 2 0.010446 0.444980 193.373901 -1.000000 -1.000000 0.078869
2 0 0.102136 0.031944 105.422699 -1.000000 -1.000000 0.012494
0 1 0.039458 0.108571 173.178101 -1.000000 -1.000000 0.015232
0 5 0.056600 0.118631 450.573486 -1.000000 -1.000000 0.044680
0 2 0.039748 0.132447 94.960838 -1.000000 -1.000000 0.077348
-5 5 0.168639 0.119735 1013.591003 -1.000000 -1.000000 0.013502
2 -2 0.065500 0.160325 225.806107 -1.000000 -1.000000 0.002805
2 0 0.204205 0.169089 249.147202 -1.000000 -1.000000 0.047370
0 2 0.034233 0.172513 170.752106 -1.000000 -1.000000 0.005297
2 0 0.117838 0.073539 113.559998 -1.000000 -1.000000 0.041861
2 0 0.224077 0.036365 237.515396 -1.000000 -1.000000 0.043432
-1 1 0.090349 0.076720 179.572495 -1.000000 -1.000000 0.031476
-5 0 0.164161 0.228448 580.835693 -1.000000 -1.000000 0.032679
2 0 0.098447 0.040115 154.003799 -1.000000 -1.000000 0.045003
0 1 0.036940 0.232110 235.531204 -1.000000 -1.000000 0.032053
-2 2 0.058765 0.135768 219.839798 -1.000000 -1.000000 0.045917
-5 5 0.126594 0.078289 639.973511 -1.000000 -1.000000 0.041270
-2 2 0.067394 0.141335 234.467102 -1.000000 -1.000000 0.047710
2 0 0.125106 0.096800 312.980194 -1.000000 -1.000000 0.051114
-2 2 0.055385 0.251354 214.135803 -1.000000 -1.000000 0.007340
2 0 0.225069 0.032007 139.261902 -1.000000 -1.000000 0.041632
-1 1 0.093042 0.111533 183.149506 -1.000000 -1.000000 0.040040
5 -5 0.107927 0.056836 310.973511 -1.000000 -1.000000 0.002113
2 0 0.204237 0.045138 208.253693 -1.000000 -1.000000 0.044340
2 0 0.110143 0.034053 138.678894 -1.000000 -1.000000 0.043765
0 1 0.041721 0.153090 256.914612 -1.000000 -1.000000 0.066827
0 2 0.015219 0.129242 102.096497 -1.000000 -1.000000 0.055518
-1 0 0.039097 0.138093 204.464203 -1.000000 -1.000000 0.032522
-2 2 0.044796 0.125779 125.825699 -1.000000 -1.000000 0.007378
0 5 0.043694 0.106616 361.391510 -1.000000 -1.000000 0.047319
2 0 0.376243 0.034667 450.013397 -1.000000 -1.000000 0.002525
-1 1 0.028009 0.214318 182.742798 -1.000000 -1.000000 0.042534
0 5 0.061560 0.121497 486.096588 -1.000000 -1.000000 0.049783
0 -4 0.032312 0.113063 246.565201 -1.000000 -1.000000 0.043563
2 0 0.411479 0.053423 299.557800 -1.000000 -1.000000 0.041490
2 0 0.153036 0.056430 320.118103 -1.000000 -1.000000 0.045618
-1 1 0.011361 0.453715 239.712494 -1.000000 -1.000000 0.045101
1 0 0.113165 0.210980 430.403595 -1.000000 -1.000000 0.044674
0 2 0.046727 0.130532 122.035301 -1.000000 -1.000000 0.019700
-2 0 0.011644 0.247632 223.281906 -1.000000 -1.000000 0.050842
0 2 0.059238 0.113778 210.281494 -1.000000 -1.000000 0.063237
-5 0 0.239488 0.134994 1375.977051 -1.000000 -1.000000 0.013373
0 2 0.121248 0.039004 246.593002 -1.000000 -1.000000 0.077656
0 2 0.030224 0.282424 222.943802 -1.000000 -1.000000 0.043718
-5 0 0.182124 0.151560 888.274292 -1.000000 -1.000000 0.046445
1 0 0.158015 0.079009 363.335602 -1.000000 -1.000000 0.052917
1 0 0.161062 0.129539 561.333618 -1.000000 -1.000000 0.003812
0 2 0.065740 0.095759 254.406693 -1.000000 -1.000000 0.002174
0 2 0.033382 0.069613 136.201508 -1.000000 -1.000000 0.045744
0 1 0.027826 0.370669 234.372803 -1.000000 -1.000000 0.046213
2 0 0.202775 0.031230 126.576401 -1.000000 -1.000000 0.045444
-2 2 0.028937 0.081755 211.696304 -1.000000 -1.000000 0.047550
0 5 0.156793 0.064873 613.054626 -1.000000 -1.000000 0.037334
-5 0 0.265278 0.071109 694.772522 -1.000000 -1.000000 0.021971
-2 2 0.117671 0.107718 297.271912 -1.000000 -1.000000 0.056579
0 1 0.160837 0.076854 134.125107 -1.000000 -1.000000 0.066521
2 0 0.231106 0.022407 125.322998 -1.000000 -1.000000 0.015525
5 0 0.053394 0.148142 534.373291 -1.000000 -1.000000 0.048739
-2 2 0.033404 0.325652 268.373810 -1.000000 -1.000000 0.032285
0 4 0.059277 0.131313 202.591095 -1.000000 -1.000000 0.041660
2 0 0.160960 0.023185 153.866592 -1.000000 -1.000000 0.004906
0 1 0.039233 0.106365 150.448807 -1.000000 -1.000000 0.013263
2 -2 0.065065 0.146608 158.504898 -1.000000 -1.000000 0.071710
0 1 0.106789 0.273657 642.433899 -1.000000 -1.000000 0.044979
2 0 0.135119 0.052517 173.157700 -1.000000 -1.000000 0.049077
0 2 0.070253 0.161812 438.700104 -1.000000 -1.000000 0.047287
2 0 0.124668 0.067371 203.497696 -1.000000 -1.000000 0.047282
0 -3 0.074121 0.112261 209.101303 -1.000000 -1.000000 0.002450
-2 0 0.084512 0.076582 199.964600 -1.000000 -1.000000 0.050837
-2 2 0.217441 0.051239 394.704712 -1.000000 -1.000000 0.037079
-5 5 0.044795 0.316898 409.699402 -1.000000 -1.000000 0.002822
5 -5 0.233259 0.078410 602.990295 -1.000000 -1.000000 0.053168
-5 0 0.039499 0.136978 418.834198 -1.000000 -1.000000 0.050383
-2 2 0.018807 0.104023 109.471298 -1.000000 -1.000000 0.050346
0 2 0.020782 0.336878 195.039902 -1.000000 -1.000000 0.002879
-4 0 0.084088 0.041990 103.637299 -1.000000 -1.000000 0.065659
-5 0 0.161594 0.265104 496.989410 -1.000000 -1.000000 0.017406
0 2 0.051346 0.376200 155.925293 -1.000000 -1.000000 0.049567
-1 1 0.117778 0.034833 153.580704 -1.000000 -1.000000 0.066396
0 2 0.023609 0.235234 142.448303 -1.000000 -1.000000 0.044048
0 2 0.028255 0.335364 221.914307 -1.000000 -1.000000 0.048311
0 -2 0.155124 0.062849 271.904297 -1.000000 -1.000000 0.046092
-2 2 0.188801 0.227671 577.585083 -1.000000 -1.000000 0.047468
0 5 0.274304 0.124249 1097.051025 -1.000000 -1.000000 0.047453
2 0 0.100231 0.069587 170.332504 -1.000000 -1.000000 0.022068
5 0 0.193532 0.076406 443.311707 -1.000000 -1.000000 0.052430
0 5 0.090148 0.129854 642.851807 -1.000000 -1.000000 0.051996
1 0 0.270739 0.025721 255.216995 -1.000000 -1.000000 0.045694
5 0 0.139357 0.111193 902.809082 -1.000000 -1.000000 0.051824
0 5 0.180677 0.087596 794.962097 -1.000000 -1.000000 0.047210
0 2 0.033913 0.168529 171.642899 -1.000000 -1.000000 0.043139
-5 5 0.065942 0.065606 456.990112 -1.000000 -1.000000 0.031773
2 -2 0.129662 0.030169 103.772499 -1.000000 -1.000000 0.002828
1 0 0.178932 0.057847 249.505798 -1.000000 -1.000000 0.047254
5 0 0.109211 0.063841 512.294312 -1.000000 -1.000000 0.051110
2 -2 0.199664 0.063439 278.162506 -1.000000 -1.000000 0.047830
2 0 0.228178 0.023416 178.679199 -1.000000 -1.000000 0.011533
0 2 0.032347 0.136921 218.144196 -1.000000 -1.000000 0.053062
2 -2 0.230769 0.025239 143.451004 -1.000000 -1.000000 0.048465
2 -2 0.258846 0.197808 343.251007 -1.000000 -1.000000 0.047057
2 0 0.104858 0.184954 325.665497 -1.000000 -1.000000 0.047548
0 2 0.025620 0.211401 168.548599 -1.000000 -1.000000 0.026575
0 2 0.101178 0.066904 176.329102 -1.000000 -1.000000 0.051543
0 2 0.062200 0.182371 191.260193 -1.000000 -1.000000 0.045140
-5 0 0.065196 0.125951 576.159912 -1.000000 -1.000000 0.050810
0 -1 0.018932 0.128527 97.358269 -1.000000 -1.000000 0.068232
5 0 0.056259 0.056918 308.656097 -1.000000 -1.000000 0.052210
4 0 0.055294 0.077808 142.226898 -1.000000 -1.000000 0.050771
-2 2 0.186203 0.167192 386.555389 -1.000000 -1.000000 0.052207
0 2 0.037285 0.236938 264.438599 -1.000000 -1.000000 0.043373
1 0 0.329265 0.021448 386.298492 -1.000000 -1.000000 0.055594
0 -5 0.138662 0.119326 652.891479 -1.000000 -1.000000 0.010272
0 5 0.290677 0.057594 734.319885 -1.000000 -1.000000 0.042200
-2 2 0.090986 0.038180 98.883430 -1.000000 -1.000000 0.044156
0 2 0.056934 0.152988 366.081604 -1.000000 -1.000000 0.052272
0 1 0.066923 0.105282 125.684502 -1.000000 -1.000000 0.051476
0 2 0.105051 0.060619 219.243103 -1.000000 -1.000000 0.050746
0 -1 0.060247 0.226084 180.046494 -1.000000 -1.000000 0.046492
-1 1 0.037589 0.150792 149.373901 -1.000000 -1.000000 0.002354
2 0 0.149624 0.025640 185.264404 -1.000000 -1.000000 0.010027
0 5 0.220096 0.112644 1043.916992 -1.000000 -1.000000 0.051161
2 0 0.319945 0.057511 320.777588 -1.000000 -1.000000 0.032152
2 0 0.236144 0.009723 127.966797 -1.000000 -1.000000 0.043170
-1 1 0.091448 0.074112 191.998901 -1.000000 -1.000000 0.045213
0 5 0.097007 0.094213 414.546600 -1.000000 -1.000000 0.041444
0 2 0.074949 0.225236 202.958603 -1.000000 -1.000000 0.047392
0 -3 0.213053 0.053715 244.589005 -1.000000 -1.000000 0.014452
-2 2 0.038067 0.104122 92.698059 -1.000000 -1.000000 0.044730
0 -4 0.052621 0.123591 227.178802 -1.000000 -1.000000 0.060900
0 5 0.079860 0.170640 475.527313 -1.000000 -1.000000 0.046135
1 0 0.147396 0.106611 218.352295 -1.000000 -1.000000 0.021177
-1 1 0.022741 0.301423 151.970993 -1.000000 -1.000000 0.050164
2 -2 0.114701 0.033623 149.914200 -1.000000 -1.000000 0.068335
0 -1 0.025882 0.159578 87.250290 -1.000000 -1.000000 0.031248
0 2 0.086460 0.151798 267.500214 -1.000000 -1.000000 0.009530
1 -1 0.151702 0.061688 168.519806 -1.000000 -1.000000 0.051749
0 2 0.104395 0.112692 268.554688 -1.000000 -1.000000 0.045338
-5 0 0.086722 0.134776 578.685303 -1.000000 -1.000000 0.052783
1 0 0.243676 0.017057 180.283493 -1.000000 -1.000000 0.050495
1 0 0.194224 0.063383 164.104996 -1.000000 -1.000000 0.070269
5 -5 0.183087 0.059612 497.315186 -1.000000 -1.000000 0.004892
0 -2 0.128441 0.168505 290.282013 -1.000000 -1.000000 0.049546
0 1 0.045711 0.394212 409.795410 -1.000000 -1.000000 0.050113
-2 2 0.132312 0.358140 444.039886 -1.000000 -1.000000 0.040813
0 -1 0.095839 0.218501 534.714905 -1.000000 -1.000000 0.032832
1 0 0.383010 0.102238 822.581482 -1.000000 -1.000000 0.046866
2 -2 0.064069 0.046879 106.074203 -1.000000 -1.000000 0.046389
2 -2 0.375742 0.017695 206.417297 -1.000000 -1.000000 0.045358
2 0 0.249051 0.039272 197.620804 -1.000000 -1.000000 0.046662
0 -2 0.020183 0.251497 133.697296 -1.000000 -1.000000 0.038037
0 2 0.020089 0.325796 153.289200 -1.000000 -1.000000 0.044650
0 2 0.010307 0.703193 207.565704 -1.000000 -1.000000 0.050261
1 0 0.090780 0.107138 399.033203 -1.000000 -1.000000 0.002764
0 2 0.068634 0.190059 288.706085 -1.000000 -1.000000 0.045533
1 -1 0.130531 0.081458 215.844894 -1.000000 -1.000000 0.027862
2 0 0.055590 0.281123 471.863312 -1.000000 -1.000000 0.041826
-2 2 0.055944 0.155469 188.913300 -1.000000 -1.000000 0.040626
2 -2 0.066088 0.089374 239.288803 -1.000000 -1.000000 0.056763
2 0 0.430607 0.023286 406.777405 -1.000000 -1.000000 0.044469
0 -2 0.030239 0.127559 170.480804 -1.000000 -1.000000 0.031133
0 2 0.046522 0.329308 255.952606 -1.000000 -1.000000 0.047326
1 -1 0.036301 0.319535 313.763885 -1.000000 -1.000000 0.038066
5 -5 0.221728 0.029345 484.580414 -1.000000 -1.000000 0.049260
2 0 0.316953 0.013873 138.905106 -1.000000 -1.000000 0.021980
0 2 0.067165 0.062510 234.996902 -1.000000 -1.000000 0.051260
0 2 0.226584 0.013938 145.643707 -1.000000 -1.000000 0.003329
0 -3 0.146329 0.054137 155.130600 -1.000000 -1.000000 0.049328
-5 5 0.029234 0.077943 309.765411 -1.000000 -1.000000 0.049164
1 0 0.495290 0.074674 430.085297 -1.000000 -1.000000 0.043055
0 1 0.278569 0.067596 554.535583 -1.000000 -1.000000 0.059380
0 2 0.120886 0.044658 287.353210 -1.000000 -1.000000 0.044217
-1 1 0.085645 0.025791 107.337402 -1.000000 -1.000000 0.046973
0 2 0.106959 0.134946 232.518707 -1.000000 -1.000000 0.025858
2 -2 0.281384 0.021268 204.187302 -1.000000 -1.000000 0.050578
2 0 0.146369 0.034989 285.360199 -1.000000 -1.000000 0.039068
2 -2 0.037711 0.068650 127.280296 -1.000000 -1.000000 0.046291
0 2 0.013062 0.349400 212.843506 -1.000000 -1.000000 0.001629
-5 0 0.067533 0.092857 455.141113 -1.000000 -1.000000 0.047463
2 0 0.061964 0.047408 156.129700 -1.000000 -1.000000 0.050744
1 -1 0.141888 0.144166 409.089691 -1.000000 -1.000000 0.017757
2 0 0.325212 0.136960 438.694305 -1.000000 -1.000000 0.070264
2 0 0.255123 0.048918 317.708710 -1.000000 -1.000000 0.053720
2 -2 0.259997 0.086598 419.081787 -1.000000 -1.000000 0.032310
0 2 0.084512 0.049328 181.150101 -1.000000 -1.000000 0.055871
0 4 0.079225 0.049770 119.835701 -1.000000 -1.000000 0.048756
0 2 0.315103 0.194984 374.354492 -1.000000 -1.000000 0.005493
0 2 0.043266 0.269130 304.416107 -1.000000 -1.000000 0.038274
0 3 0.047833 0.033211 118.114304 -1.000000 -1.000000 0.044564
2 0 0.030261 0.063315 110.064102 -1.000000 -1.000000 0.047137
-2 2 0.143303 0.128048 290.718689 -1.000000 -1.000000 0.002853
0 5 0.047884 0.208078 218.244705 -1.000000 -1.000000 0.045531
-5 0 0.075096 0.119503 429.007690 -1.000000 -1.000000 0.041244
0 -4 0.107020 0.040730 266.709686 -1.000000 -1.000000 0.067510
5 0 0.082011 0.078710 486.915192 -1.000000 -1.000000 0.046206
2 -2 0.089825 0.054718 81.922340 -1.000000 -1.000000 0.050293
1 0 0.123134 0.038551 210.864594 -1.000000 -1.000000 0.044709
2 -2 0.066745 0.108931 254.594193 -1.000000 -1.000000 0.069896
-5 5 0.042055 0.057317 321.897095 -1.000000 -1.000000 0.048017
0 1 0.030448 0.256098 229.973694 -1.000000 -1.000000 0.059159
0 2 0.224060 0.020243 136.005493 -1.000000 -1.000000 0.044460
1 0 0.131671 0.037790 146.583099 -1.000000 -1.000000 0.023962
0 2 0.056544 0.032227 81.490532 -1.000000 -1.000000 0.030724
1 0 0.186483 0.021169 128.385300 -1.000000 -1.000000 0.048510
-2 0 0.163354 0.035710 118.950699 -1.000000 -1.000000 0.047566
2 -2 0.144265 0.032087 197.143097 -1.000000 -1.000000 0.048520
0 2 0.109092 0.231054 142.113998 -1.000000 -1.000000 0.046620
2 0 0.050191 0.217128 276.759491 -1.000000 -1.000000 0.042805
2 0 0.122122 0.019334 123.470703 -1.000000 -1.000000 0.051192
2 0 0.470757 0.039051 475.189697 -1.000000 -1.000000 0.048108
0 -5 0.066884 0.184364 403.312103 -1.000000 -1.000000 0.042900
-2 0 0.060599 0.038241 105.847000 -1.000000 -1.000000 0.003805
1 0 0.077698 0.157448 141.988693 -1.000000 -1.000000 0.019457
0 -5 0.099470 0.146937 552.016479 -1.000000 -1.000000 0.021530
-2 2 0.076718 0.104685 106.868401 -1.000000 -1.000000 0.039906
-5 0 0.148105 0.137698 965.451782 -1.000000 -1.000000 0.049964
0 2 0.013078 0.165672 107.964897 -1.000000 -1.000000 0.042385
1 -1 0.222508 0.072815 206.018097 -1.000000 -1.000000 0.048846
-2 2 0.058311 0.069026 141.516098 -1.000000 -1.000000 0.030461
2 0 0.137148 0.046084 146.237198 -1.000000 -1.000000 0.049490
2 -2 0.222275 0.099406 284.490601 -1.000000 -1.000000 0.059591
0 2 0.069408 0.138159 248.431198 -1.000000 -1.000000 0.044872
0 2 0.074128 0.285391 361.490906 -1.000000 -1.000000 0.052008
-5 5 0.058811 0.108994 446.425812 -1.000000 -1.000000 0.005448
-1 1 0.121351 0.431839 481.053009 -1.000000 -1.000000 0.005342
2 0 0.166346 0.151137 592.955078 -1.000000 -1.000000 0.026601
0 -2 0.028355 0.094553 130.307297 -1.000000 -1.000000 0.050174
0 1 0.164888 0.377705 719.759705 -1.000000 -1.000000 0.006645
2 -2 0.091639 0.078850 264.980194 -1.000000 -1.000000 0.045734
2 -2 0.287513 0.024584 204.396606 -1.000000 -1.000000 0.046007
0 5 0.035524 0.174823 433.911591 -1.000000 -1.000000 0.078691
0 -5 0.038080 0.228383 610.492310 -1.000000 -1.000000 0.050242
5 0 0.047163 0.258084 647.518799 -1.000000 -1.000000 0.047741
0 1 0.137561 0.056954 220.320496 -1.000000 -1.000000 0.046971
2 -2 0.409894 0.028006 325.205597 -1.000000 -1.000000 0.047692
-2 0 0.210076 0.007315 91.553558 -1.000000 -1.000000 0.048010
-1 1 0.013299 0.177093 115.667000 -1.000000 -1.000000 0.068464
2 0 0.215604 0.019413 232.229797 -1.000000 -1.000000 0.041310
0 2 0.023018 0.257776 237.801193 -1.000000 -1.000000 0.041809
0 2 0.050037 0.075213 84.618477 -1.000000 -1.000000 0.049332
0 5 0.053768 0.107351 384.073212 -1.000000 -1.000000 0.015789
2 0 0.410849 0.218936 724.054321 -1.000000 -1.000000 0.029106
2 -2 0.260279 0.162463 235.991501 -1.000000 -1.000000 0.017932
-2 2 0.069585 0.041845 122.682098 -1.000000 -1.000000 0.048239
-5 0 0.105686 0.148765 640.831299 -1.000000 -1.000000 0.070146
-2 0 0.073432 0.089670 207.308701 -1.000000 -1.000000 0.046638
2 0 0.180172 0.070014 224.455795 -1.000000 -1.000000 0.050024
2 0 0.123349 0.029236 118.428703 -1.000000 -1.000000 0.046659
0 1 0.038175 0.143455 203.544907 -1.000000 -1.000000 0.044629
2 0 0.549256 0.064320 653.974487 -1.000000 -1.000000 0.050404
2 -2 0.306658 0.044042 214.213699 -1.000000 -1.000000 0.047223
2 0 0.395820 0.027130 242.342499 -1.000000 -1.000000 0.042317
0 1 0.132246 0.144826 435.994202 -1.000000 -1.000000 0.049773
1 -1 0.099369 0.156968 215.481003 -1.000000 -1.000000 0.043225
2 0 0.171907 0.035746 170.889496 -1.000000 -1.000000 0.046830
-5 0 0.152983 0.047386 330.038788 -1.000000 -1.000000 0.004781
-1 0 0.106513 0.012507 89.711189 -1.000000 -1.000000 0.017738
2 -2 0.365616 0.066634 338.300293 -1.000000 -1.000000 0.056960
2 0 0.175435 0.026416 168.598404 -1.000000 -1.000000 0.005468
0 2 0.019408 0.220258 213.956100 -1.000000 -1.000000 0.034319
0 1 0.022547 0.340735 177.024506 -1.000000 -1.000000 0.030634
0 2 0.030799 0.130375 146.802704 -1.000000 -1.000000 0.050377
0 5 0.023591 0.424750 594.991577 -1.000000 -1.000000 0.042087
5 -5 0.191964 0.063145 531.709229 -1.000000 -1.000000 0.049090
2 0 0.282036 0.032175 404.983185 -1.000000 -1.000000 0.044734
0 1 0.026914 0.089247 135.426300 -1.000000 -1.000000 0.037345
0 -5 0.102818 0.034648 300.426208 -1.000000 -1.000000 0.002083
0 2 0.016465 0.270555 140.813400 -1.000000 -1.000000 0.022115
5 0 0.094727 0.123075 623.462891 -1.000000 -1.000000 0.050217
3 0 0.183793 0.049955 172.412704 -1.000000 -1.000000 0.043862
0 2 0.067405 0.046783 270.790314 -1.000000 -1.000000 0.075932
0 2 0.054709 0.285226 255.514404 -1.000000 -1.000000 0.046838
2 0 0.243259 0.103547 194.711395 -1.000000 -1.000000 0.047277
0 2 0.080615 0.494986 488.074310 -1.000000 -1.000000 0.036205
0 1 0.046643 0.144428 330.599487 -1.000000 -1.000000 0.052702
0 1 0.013998 0.160761 86.898582 -1.000000 -1.000000 0.054455
0 5 0.073977 0.274999 726.186584 -1.000000 -1.000000 0.047708
2 0 0.498793 0.047061 584.136292 -1.000000 -1.000000 0.010363
2 -2 0.113885 0.028966 130.690598 -1.000000 -1.000000 0.058238
-2 2 0.046422 0.169222 236.531097 -1.000000 -1.000000 0.050496
0 -3 0.043089 0.106811 117.293098 -1.000000 -1.000000 0.038149
0 2 0.020057 0.125264 221.675995 -1.000000 -1.000000 0.007335
-2 0 0.076081 0.072983 297.812988 -1.000000 -1.000000 0.051178
1 0 0.200345 0.037586 398.635803 -1.000000 -1.000000 0.049939
-1 1 0.170225 0.060611 278.301514 -1.000000 -1.000000 0.037034
1 0 0.066609 0.032029 101.688797 -1.000000 -1.000000 0.053017
0 5 0.100584 0.193798 948.893616 -1.000000 -1.000000 0.036337
2 0 0.288861 0.018881 162.234695 -1.000000 -1.000000 0.080205
0 -4 0.159916 0.103648 265.165710 -1.000000 -1.000000 0.007544
-1 0 0.044937 0.053798 132.351196 -1.000000 -1.000000 0.039836
-2 2 0.039494 0.164047 178.366501 -1.000000 -1.000000 0.010755
2 -2 0.093176 0.058222 236.626999 -1.000000 -1.000000 0.046285
-5 0 0.088140 0.191532 745.367310 -1.000000 -1.000000 0.041770
-1 1 0.024089 0.231729 220.047607 -1.000000 -1.000000 0.021436
0 2 0.096091 0.449542 500.182800 -1.000000 -1.000000 0.062529
0 -5 0.062564 0.184317 767.871704 -1.000000 -1.000000 0.035871
0 2 0.010157 0.336756 247.255295 -1.000000 -1.000000 0.010167
-2 2 0.029835 0.086409 94.249397 -1.000000 -1.000000 0.046797
5 -5 0.036023 0.120298 318.328094 -1.000000 -1.000000 0.039003
-5 0 0.392679 0.063178 767.868103 -1.000000 -1.000000 0.051253
0 1 0.012784 0.120817 85.743896 -1.000000 -1.000000 0.049905
-1 0 0.157591 0.016564 95.881538 -1.000000 -1.000000 0.046031
0 2 0.121548 0.176167 540.090271 -1.000000 -1.000000 0.046322
0 2 0.088601 0.070598 198.149094 -1.000000 -1.000000 0.045672
-5 0 0.023983 0.239725 441.087311 -1.000000 -1.000000 0.046695
0 1 0.082074 0.108750 150.100403 -1.000000 -1.000000 0.040791
1 0 0.200664 0.029547 208.544296 -1.000000 -1.000000 0.063071
2 -2 0.099266 0.098596 207.743195 -1.000000 -1.000000 0.052561
2 0 0.211123 0.047916 270.453796 -1.000000 -1.000000 0.061509
0 -5 0.163886 0.107348 897.672913 -1.000000 -1.000000 0.064078
-5 0 0.209538 0.153747 1057.196045 -1.000000 -1.000000 0.047831
0 2 0.036692 0.067545 239.154999 -1.000000 -1.000000 0.031291
0 1 0.048719 0.166519 190.383698 -1.000000 -1.000000 0.047018
-1 1 0.110476 0.220891 209.612503 -1.000000 -1.000000 0.048548
3 0 0.105806 0.044714 254.424194 -1.000000 -1.000000 0.047483
2 0 0.247314 0.052533 311.520294 -1.000000 -1.000000 0.050012
0 -5 0.089016 0.059490 526.516174 -1.000000 -1.000000 0.045733
2 0 0.184965 0.051879 404.691589 -1.000000 -1.000000 0.074919
5 0 0.039665 0.164378 475.343994 -1.000000 -1.000000 0.046303
0 1 0.032442 0.309503 228.080505 -1.000000 -1.000000 0.039769
0 2 0.018784 0.175638 252.831604 -1.000000 -1.000000 0.048086
0 -1 0.070162 0.149733 163.069702 -1.000000 -1.000000 0.045044
-5 0 0.133762 0.106946 478.464508 -1.000000 -1.000000 0.018265
0 2 0.016395 0.452505 217.426300 -1.000000 -1.000000 0.051917
0 2 0.014637 0.242553 91.036873 -1.000000 -1.000000 0.009006
0 -1 0.108109 0.034146 130.573700 -1.000000 -1.000000 0.050128
0 1 0.054021 0.160974 170.645203 -1.000000 -1.000000 0.036203
0 -5 0.041942 0.061660 308.244110 -1.000000 -1.000000 0.046119
-5 0 0.157836 0.146392 1087.553955 -1.000000 -1.000000 0.021690
2 0 0.298027 0.091269 229.581604 -1.000000 -1.000000 0.046030
2 0 0.097429 0.021009 106.989799 -1.000000 -1.000000 0.045329
0 2 0.031888 0.111619 207.104294 -1.000000 -1.000000 0.004511
1 -1 0.145938 0.111215 195.630707 -1.000000 -1.000000 0.046716
3 0 0.108930 0.065601 189.827896 -1.000000 -1.000000 0.045838
2 0 0.575139 0.069882 754.054199 -1.000000 -1.000000 0.032755
2 0 0.075309 0.059015 251.143906 -1.000000 -1.000000 0.017504
1 0 0.359680 0.016629 196.485397 -1.000000 -1.000000 0.002051
1 -1 0.053201 0.101852 159.219696 -1.000000 -1.000000 0.048487
0 5 0.119969 0.081264 544.369385 -1.000000 -1.000000 0.022427
1 -1 0.034971 0.154540 220.584595 -1.000000 -1.000000 0.002529
0 2 0.028502 0.344711 293.092102 -1.000000 -1.000000 0.017667
0 5 0.106179 0.166888 781.271484 -1.000000 -1.000000 0.007408
2 0 0.263698 0.040640 400.926605 -1.000000 -1.000000 0.062439
2 0 0.360066 0.032348 432.057312 -1.000000 -1.000000 0.051796
0 -1 0.092744 0.033974 145.151794 -1.000000 -1.000000 0.012230
-2 2 0.018714 0.239208 130.158600 -1.000000 -1.000000 0.037563
5 0 0.137018 0.053264 356.057190 -1.000000 -1.000000 0.017753
0 1 0.023511 0.279911 215.484695 -1.000000 -1.000000 0.041653
0 2 0.063425 0.294437 283.204102 -1.000000 -1.000000 0.076878
0 2 0.023067 0.192770 149.358002 -1.000000 -1.000000 0.077306
2 -2 0.219350 0.031221 172.177994 -1.000000 -1.000000 0.051603
0 2 0.026387 0.242712 206.533905 -1.000000 -1.000000 0.045129
0 5 0.101181 0.056597 389.936890 -1.000000 -1.000000 0.023058
1 0 0.118086 0.062115 246.154007 -1.000000 -1.000000 0.050795
1 0 0.048505 0.052943 143.348404 -1.000000 -1.000000 0.007602
-2 2 0.045164 0.038939 108.138496 -1.000000 -1.000000 0.047898
2 -2 0.087414 0.038556 97.755379 -1.000000 -1.000000 0.042786
0 5 0.162449 0.121330 898.961304 -1.000000 -1.000000 0.040344
-3 0 0.276120 0.032295 222.642105 -1.000000 -1.000000 0.037004
-2 2 0.043797 0.294056 233.558502 -1.000000 -1.000000 0.069633
-5 5 0.084865 0.055942 359.092896 -1.000000 -1.000000 0.049108
2 -2 0.122462 0.030938 119.875603 -1.000000 -1.000000 0.033448
0 2 0.034899 0.212486 152.715805 -1.000000 -1.000000 0.045706
5 0 0.082462 0.097964 496.866211 -1.000000 -1.000000 0.018548
-1 1 0.182232 0.099362 222.796600 -1.000000 -1.000000 0.043365
-2 2 0.028964 0.252848 174.463104 -1.000000 -1.000000 0.040702
1 -1 0.084737 0.131555 180.546707 -1.000000 -1.000000 0.050184
0 2 0.043379 0.088790 119.886200 -1.000000 -1.000000 0.046914
-5 0 0.049694 0.138816 374.897705 -1.000000 -1.000000 0.041863
-2 2 0.053952 0.199648 203.465195 -1.000000 -1.000000 0.071120
-4 0 0.143780 0.021944 119.577499 -1.000000 -1.000000 0.049765
-1 0 0.144797 0.063548 225.239700 -1.000000 -1.000000 0.047190
-1 1 0.019288 0.121438 121.869797 -1.000000 -1.000000 0.039208
2 0 0.657723 0.014149 365.142303 -1.000000 -1.000000 0.046010
-5 0 0.135324 0.071075 597.583984 -1.000000 -1.000000 0.046002
-2 2 0.019884 0.285070 110.014297 -1.000000 -1.000000 0.049845
2 0 0.223268 0.041884 301.925903 -1.000000 -1.000000 0.040477
0 2 0.114507 0.050226 185.164505 -1.000000 -1.000000 0.022050
1 0 0.074112 0.023540 87.774544 -1.000000 -1.000000 0.022070
-2 2 0.093411 0.166472 221.418701 -1.000000 -1.000000 0.047507
0 2 0.107529 0.035626 102.013901 -1.000000 -1.000000 0.044829
5 0 0.480343 0.010641 404.311615 -1.000000 -1.000000 0.048048
2 -2 0.169401 0.057476 195.835205 -1.000000 -1.000000 0.050454
0 -2 0.096664 0.049209 251.497604 -1.000000 -1.000000 0.042127
1 0 0.142548 0.293497 811.473877 -1.000000 -1.000000 0.036473
0 2 0.090787 0.069640 182.769394 -1.000000 -1.000000 0.013935
-5 0 0.136179 0.119253 800.128601 -1.000000 -1.000000 0.050347
0 2 0.109829 0.523410 915.456909 -1.000000 -1.000000 0.047744
0 1 0.048427 0.311990 308.599487 -1.000000 -1.000000 0.022436
1 -1 0.108743 0.113559 153.631104 -1.000000 -1.000000 0.049372
0 -3 0.038772 0.074365 120.542900 -1.000000 -1.000000 0.049592
1 0 0.260355 0.046128 227.553802 -1.000000 -1.000000 0.046374
0 2 0.053142 0.114458 292.948792 -1.000000 -1.000000 0.045898
0 -5 0.070206 0.094994 334.738007 -1.000000 -1.000000 0.042755
-2 0 0.113823 0.069716 132.837906 -1.000000 -1.000000 0.050899
0 1 0.064535 0.062898 194.036194 -1.000000 -1.000000 0.011971
2 -2 0.118681 0.016541 105.758301 -1.000000 -1.000000 0.044213
0 -5 0.145142 0.145180 721.514893 -1.000000 -1.000000 0.051568
2 -2 0.034364 0.090962 149.420197 -1.000000 -1.000000 0.017761
0 3 0.042943 0.050514 83.352524 -1.000000 -1.000000 0.016538
5 0 0.063713 0.066676 389.119110 -1.000000 -1.000000 0.057191
-2 2 0.024578 0.091950 111.089203 -1.000000 -1.000000 0.043194
2 0 0.197519 0.014740 119.171600 -1.000000 -1.000000 0.045108
0 4 0.037364 0.082425 137.780701 -1.000000 -1.000000 0.002157
-1 1 0.065703 0.121139 265.549500 -1.000000 -1.000000 0.050702
-2 2 0.016473 0.179141 132.921295 -1.000000 -1.000000 0.057053
0 1 0.014361 0.193386 142.869904 -1.000000 -1.000000 0.045034
0 2 0.079956 0.131999 246.865997 -1.000000 -1.000000 0.041101
-5 0 0.215580 0.020091 333.573700 -1.000000 -1.000000 0.047418
0 2 0.126219 0.279165 505.963287 -1.000000 -1.000000 0.016887
5 -5 0.116927 0.184267 836.041382 -1.000000 -1.000000 0.057725
0 5 0.064277 0.141539 397.254211 -1.000000 -1.000000 0.024136
0 1 0.102890 0.135679 202.322296 -1.000000 -1.000000 0.077831
0 -1 0.124401 0.048753 234.042496 -1.000000 -1.000000 0.033387
2 0 0.445999 0.027375 251.493698 -1.000000 -1.000000 0.045687
0 5 0.123916 0.149657 430.782593 -1.000000 -1.000000 0.046921
0 2 0.056206 0.039429 109.678398 -1.000000 -1.000000 0.073262
0 1 0.032482 0.366436 220.409195 -1.000000 -1.000000 0.045397
2 0 0.180722 0.013669 131.465500 -1.000000 -1.000000 0.039958
-1 1 0.015548 0.216322 165.180496 -1.000000 -1.000000 0.068653
0 2 0.041583 0.257084 260.818115 -1.000000 -1.000000 0.048610
2 -2 0.141818 0.078940 155.447998 -1.000000 -1.000000 0.049804
0 1 0.088036 0.186950 265.808105 -1.000000 -1.000000 0.071020
0 5 0.201544 0.117570 1101.192017 -1.000000 -1.000000 0.047475
0 -1 0.034201 0.251520 194.806595 -1.000000 -1.000000 0.010437
0 5 0.137677 0.131727 726.708801 -1.000000 -1.000000 0.022037
-2 2 0.123656 0.108682 145.806793 -1.000000 -1.000000 0.044301
-1 0 0.108446 0.098587 268.096008 -1.000000 -1.000000 0.041536
0 2 0.023673 0.328184 347.203888 -1.000000 -1.000000 0.046323
5 -5 0.179271 0.035116 480.778198 -1.000000 -1.000000 0.049990
0 -5 0.317667 0.017453 428.363586 -1.000000 -1.000000 0.050275
-4 0 0.110871 0.054586 136.067307 -1.000000 -1.000000 0.003706
0 2 0.145722 0.049459 154.890701 -1.000000 -1.000000 0.048212
0 1 0.081122 0.054228 129.261093 -1.000000 -1.000000 0.044979
0 2 0.043544 0.350005 502.656006 -1.000000 -1.000000 0.048490
-2 2 0.125632 0.055228 200.780701 -1.000000 -1.000000 0.051815
-5 0 0.160479 0.110095 781.187195 -1.000000 -1.000000 0.066858
0 2 0.041386 0.337422 258.500000 -1.000000 -1.000000 0.051321
2 0 0.196564 0.025171 127.079697 -1.000000 -1.000000 0.006614
1 0 0.049766 0.045199 196.343903 -1.000000 -1.000000 0.023217
0 2 0.099389 0.282685 228.011093 -1.000000 -1.000000 0.054210
1 -1 0.286010 0.067378 356.008392 -1.000000 -1.000000 0.046490
2 0 0.131075 0.139607 334.022003 -1.000000 -1.000000 0.025726
0 2 0.061946 0.251313 237.847000 -1.000000 -1.000000 0.041788
5 0 0.087320 0.052919 359.563110 -1.000000 -1.000000 0.059877
5 0 0.085744 0.054749 437.556091 -1.000000 -1.000000 0.017095
2 0 0.191175 0.064786 298.649200 -1.000000 -1.000000 0.051061
2 0 0.176173 0.033380 165.287704 -1.000000 -1.000000 0.030611
-5 0 0.226293 0.044385 516.752197 -1.000000 -1.000000 0.047875
-1 1 0.034616 0.087759 136.928497 -1.000000 -1.000000 0.043406
0 -3 0.028165 0.116919 126.316597 -1.000000 -1.000000 0.045543
0 2 0.309798 0.198896 815.852112 -1.000000 -1.000000 0.049125
0 2 0.150264 0.089676 321.520691 -1.000000 -1.000000 0.047891
2 0 0.301194 0.078195 324.322205 -1.000000 -1.000000 0.013378
2 0 0.488028 0.005695 145.680099 -1.000000 -1.000000 0.001932
0 2 0.018510 0.254183 218.162003 -1.000000 -1.000000 0.049812
-2 0 0.055590 0.061300 131.401306 -1.000000 -1.000000 0.013612
0 2 0.195812 0.040414 262.980988 -1.000000 -1.000000 0.033409
0 1 0.055852 0.117845 156.601196 -1.000000 -1.000000 0.049891
-1 1 0.036673 0.090484 152.462708 -1.000000 -1.000000 0.050490
-3 3 0.115469 0.025368 148.143204 -1.000000 -1.000000 0.005168
0 -2 0.077483 0.105566 185.899597 -1.000000 -1.000000 0.051558
0 2 0.060289 0.215323 264.435303 -1.000000 -1.000000 0.075413
2 0 0.156834 0.026345 207.514206 -1.000000 -1.000000 0.006411
0 2 0.027802 0.252784 367.145508 -1.000000 -1.000000 0.001699
0 2 0.051533 0.270068 385.539490 -1.000000 -1.000000 0.014816
3 -3 0.091532 0.055451 145.128006 -1.000000 -1.000000 0.046354
1 -1 0.087569 0.126154 128.992798 -1.000000 -1.000000 0.027495
2 0 0.135704 0.019010 134.873795 -1.000000 -1.000000 0.051128
4 0 0.102169 0.094989 183.733795 -1.000000 -1.000000 0.045729
0 -2 0.097580 0.043437 173.800598 -1.000000 -1.000000 0.078206
5 -5 0.161058 0.028418 288.017395 -1.000000 -1.000000 0.048607
