0 2 0.080983 0.625107 466.137604 -1.000000 -1.000000 0.009840
0 1 0.072741 0.113634 243.686707 -1.000000 -1.000000 0.008521
2 2 0.163780 0.089356 270.709106 -1.000000 -1.000000 0.009693
0 2 0.042336 0.175559 273.868011 -1.000000 -1.000000 0.010066
2 -1 0.218760 0.031968 145.909805 -1.000000 -1.000000 0.009346
2 1 0.136449 0.110458 197.115204 -1.000000 -1.000000 0.008358
2 0 0.052293 0.146280 312.124695 -1.000000 -1.000000 0.009884
0 2 0.066179 0.377327 362.111206 -1.000000 -1.000000 0.008509
0 0 0.102635 0.139711 177.559097 -1.000000 -1.000000 0.012018
2 0 0.206646 0.090164 369.639313 -1.000000 -1.000000 0.009326
-2 1 0.032050 0.371882 189.515594 -1.000000 -1.000000 0.009674
0 2 0.049546 0.186856 114.330803 -1.000000 -1.000000 0.008522
-3 0 0.172238 0.123187 144.745193 -1.000000 -1.000000 0.000584
2 1 0.167039 0.237029 225.922104 -1.000000 -1.000000 0.007558
2 2 0.336432 0.280638 595.268921 -1.000000 -1.000000 0.010308
1 -2 0.165051 0.044833 175.767197 -1.000000 -1.000000 0.008430
1 0 0.091212 0.058631 148.358093 -1.000000 -1.000000 0.006726
0 2 0.048316 0.259427 177.054199 -1.000000 -1.000000 0.008849
-1 2 0.318582 0.076308 263.107086 -1.000000 -1.000000 0.010730
0 2 0.023999 0.636183 168.135498 -1.000000 -1.000000 0.009501
-2 1 0.038056 0.150396 171.669205 -1.000000 -1.000000 0.008545
2 -1 0.214688 0.065993 110.132004 -1.000000 -1.000000 0.008876
0 -2 0.148487 0.117117 108.242798 -1.000000 -1.000000 0.009326
0 1 0.039147 0.418356 364.840210 -1.000000 -1.000000 0.005731
2 0 0.148588 0.086789 273.253510 -1.000000 -1.000000 0.016055
-3 0 0.139147 0.223849 376.166412 -1.000000 -1.000000 0.013985
3 0 0.061545 0.200318 177.582108 -1.000000 -1.000000 0.008710
1 -2 0.202925 0.059009 388.984497 -1.000000 -1.000000 0.010478
2 2 0.289102 0.057347 342.355011 -1.000000 -1.000000 0.009487
2 -1 0.438105 0.028530 148.018402 -1.000000 -1.000000 0.002537
0 2 0.097099 0.097481 113.021500 -1.000000 -1.000000 0.005526
2 -1 0.612811 0.153325 179.455093 -1.000000 -1.000000 0.010747
-1 2 0.240343 0.278319 234.394196 -1.000000 -1.000000 0.010092
0 2 0.176876 0.096470 160.450500 -1.000000 -1.000000 0.015736
0 2 0.062133 0.292085 138.067200 -1.000000 -1.000000 0.009170
2 -1 0.189764 0.041838 170.200897 -1.000000 -1.000000 0.002862
0 2 0.031371 0.351668 245.836700 -1.000000 -1.000000 0.000443
0 2 0.062911 0.481115 265.537506 -1.000000 -1.000000 0.009927
2 -1 0.574676 0.102085 455.162811 -1.000000 -1.000000 0.013506
2 -1 0.173591 0.101938 143.852798 -1.000000 -1.000000 0.004922
0 2 0.063797 0.200914 221.748901 -1.000000 -1.000000 0.004906
0 1 0.233941 0.026053 140.856506 -1.000000 -1.000000 0.009464
0 -1 0.236370 0.050091 306.787689 -1.000000 -1.000000 0.010151
0 2 0.104842 0.128024 335.549713 -1.000000 -1.000000 0.004483
0 2 0.082100 0.144394 204.282700 -1.000000 -1.000000 0.000940
-1 2 0.021270 0.193035 136.488403 -1.000000 -1.000000 0.005627
2 0 0.127792 0.052463 107.176003 -1.000000 -1.000000 0.009871
2 0 0.131889 0.236857 371.753510 -1.000000 -1.000000 0.000821
0 1 0.068584 0.346963 395.611511 -1.000000 -1.000000 0.006457
2 0 0.551239 0.067362 338.464508 -1.000000 -1.000000 0.002104
0 -4 0.122878 0.082882 226.114700 -1.000000 -1.000000 0.009170
1 0 0.328442 0.076503 180.449005 -1.000000 -1.000000 0.015388
-1 2 0.142633 0.098003 147.965805 -1.000000 -1.000000 0.008337
1 -2 0.168550 0.147113 128.750900 -1.000000 -1.000000 0.009058
1 -2 0.018314 0.250916 151.721100 -1.000000 -1.000000 0.009894
0 4 0.048828 0.127344 99.255867 -1.000000 -1.000000 0.004528
1 0 0.246677 0.037734 188.879898 -1.000000 -1.000000 0.010786
2 1 0.048988 0.313337 168.535599 -1.000000 -1.000000 0.010696
2 1 0.410396 0.387769 428.251709 -1.000000 -1.000000 0.010447
2 0 0.100297 0.135911 170.509293 -1.000000 -1.000000 0.006707
0 2 0.096060 0.139940 247.903397 -1.000000 -1.000000 0.009828
2 -1 0.247811 0.031404 152.256500 -1.000000 -1.000000 0.008965
0 2 0.191024 0.104314 217.886703 -1.000000 -1.000000 0.009371
0 2 0.028779 0.412731 352.868011 -1.000000 -1.000000 0.009252
1 -2 0.200093 0.110390 143.563599 -1.000000 -1.000000 0.010834
2 -1 0.389330 0.101437 609.833679 -1.000000 -1.000000 0.010210
0 2 0.050009 0.405571 346.382294 -1.000000 -1.000000 0.009675
-3 0 0.127495 0.142066 322.259186 -1.000000 -1.000000 0.004447
2 0 0.079571 0.115115 306.240997 -1.000000 -1.000000 0.007970
0 3 0.326699 0.092470 337.784790 -1.000000 -1.000000 0.009225
0 4 0.060370 0.096894 97.420753 -1.000000 -1.000000 0.010832
1 0 0.280982 0.108679 320.897797 -1.000000 -1.000000 0.009592
1 -2 0.278184 0.038371 222.724503 -1.000000 -1.000000 0.001536
2 0 0.139933 0.022313 101.286301 -1.000000 -1.000000 0.001468
2 2 0.044872 0.490358 296.491394 -1.000000 -1.000000 0.002050
0 -2 0.098067 0.220524 96.277603 -1.000000 -1.000000 0.009819
-1 2 0.040691 0.132824 297.553314 -1.000000 -1.000000 0.008969
-1 0 0.049046 0.342993 371.340302 -1.000000 -1.000000 0.010460
2 -1 0.117141 0.148068 421.152588 -1.000000 -1.000000 0.009321
0 1 0.039083 0.304793 191.085495 -1.000000 -1.000000 0.000700
0 0 0.070447 0.053839 107.854797 -1.000000 -1.000000 0.009943
2 1 0.052358 0.392067 286.157196 -1.000000 -1.000000 0.012049
