-1 2 0.011498 0.127251 97.663406 41.210609 4.267822 0.064029
2 -1 0.154362 0.007326 105.170082 3.366995 81.720108 0.072381
2 -1 0.201928 0.003904 64.935791 2.402051 196.632706 0.060549
-1 2 0.044087 0.035515 126.340988 5.062732 16.692888 0.066128
-3 4 0.057618 0.032493 161.457840 1.892013 4.057564 0.031875
2 -1 0.148577 0.005083 97.212822 3.544842 139.859299 0.033633
4 -3 0.064677 0.060992 98.038307 0.915090 1.685958 0.064530
-1 2 0.024950 0.046776 134.067154 12.673728 12.435335 0.095257
-1 2 0.010442 0.131387 82.703285 47.089901 4.136121 0.059007
-1 2 0.031379 0.166654 109.022621 8.775023 3.043140 0.008810
1 -2 0.094569 0.049272 206.884003 3.535162 3.526698 0.071147
2 -1 0.046069 0.016598 94.696526 12.603257 23.535995 0.070295
1 -2 0.281100 0.004009 134.086487 0.519462 204.427734 0.003160
-2 1 0.039691 0.027409 118.355499 5.262160 17.226871 0.058003
2 -1 0.243085 0.053101 243.877823 1.614935 3.671845 0.071407
1 -2 0.020009 0.073399 96.717476 25.553747 1.628280 0.071388
2 -1 0.125757 0.012509 130.982025 4.284256 36.931335 0.068560
-1 2 0.033549 0.127872 190.170563 7.935700 4.147848 0.058402
2 -1 0.037610 0.047096 90.249641 15.611435 4.540467 0.007404
-1 2 0.012962 0.157101 176.998566 35.561172 3.214073 0.057583
-2 1 0.222733 0.007600 150.604202 0.091319 94.870041 0.068027
-1 2 0.142350 0.013803 103.544609 0.524824 48.887253 0.071432
-1 2 0.038116 0.180598 108.986145 6.422095 2.728429 0.072386
-2 1 0.004778 0.219890 102.398491 152.770340 0.934818 0.069481
2 -1 0.186779 0.007829 106.267097 2.605947 74.016884 0.073376
-4 3 0.063167 0.014085 116.451096 0.973020 23.186516 0.048062
1 -2 0.297279 0.004404 102.153404 0.462266 172.659210 0.050864
2 -1 0.092129 0.034860 148.364777 6.059185 7.439847 0.068955
-1 2 0.092382 0.035880 90.138832 1.368339 16.415483 0.061305
-4 3 0.013723 0.097501 102.416153 19.199390 0.621309 0.069394
1 -2 0.291781 0.004568 144.941666 0.466932 169.334122 0.010558
-1 2 0.018820 0.087889 118.515808 19.593327 6.399932 0.060483
2 -1 0.044188 0.042871 98.575241 13.174569 5.299979 0.066121
-1 2 0.005229 0.213173 115.988861 136.553879 2.126571 0.032386
2 -1 0.094646 0.007227 93.764091 5.936772 82.563011 0.048218
2 -1 0.157325 0.032486 285.932373 3.139896 8.394969 0.003262
1 -2 0.248707 0.031401 335.012970 0.642238 8.035300 0.024820
-1 2 0.060147 0.016279 120.727493 2.989482 40.401760 0.043915
1 -2 0.039744 0.034563 89.183365 10.802883 6.694598 0.068911
-1 2 0.034298 0.069673 181.880676 7.652839 8.154726 0.067244
-4 1 0.004151 0.212880 91.838760 135.194855 1.007277 0.034944
2 -1 0.077748 0.023559 87.920914 7.313492 13.674539 0.063466
1 -2 0.283723 0.004174 122.942642 0.512018 190.783218 0.054233
-1 2 0.064683 0.020061 99.813934 2.641601 31.395086 0.003750
1 -2 0.171052 0.005048 91.816483 1.503948 139.161972 0.070796
-4 1 0.007576 0.111989 103.126297 52.297901 2.867962 0.069026
-1 2 0.004649 0.192301 116.006134 162.580673 2.485783 0.051083
-3 4 0.052886 0.064990 192.363831 2.245713 0.925117 0.061331
2 -3 0.064399 0.032403 103.615097 8.888598 5.541695 0.053568
-2 1 0.185408 0.005841 128.842453 0.164792 134.868347 0.008650
2 -1 0.047076 0.023028 89.084587 12.313398 14.172057 0.065382
-4 3 0.043937 0.020952 120.092323 2.156962 11.950798 0.069896
2 -1 0.390461 0.004203 146.157806 0.561058 193.593735 0.070820
2 -1 0.082799 0.014557 96.947830 6.839077 28.783674 0.073896
-3 2 0.007498 0.164263 108.987854 63.577106 3.101838 0.060972
1 -2 0.350057 0.005063 89.900238 0.289288 138.234024 0.070761
2 -1 0.031550 0.102559 91.865372 18.869671 1.107455 0.068430
2 -1 0.091292 0.029844 87.776207 6.177089 9.454254 0.063249
2 -1 0.069414 0.089540 205.470551 8.178745 1.402009 0.003181
-1 2 0.043659 0.169891 242.065720 5.135147 2.848875 0.087812
-1 2 0.133146 0.118420 300.597626 0.571783 4.480721 0.104373
-1 2 0.006470 0.275790 154.714371 101.784874 1.315589 0.030917
2 -1 0.045472 0.107598 88.510780 12.769184 1.004406 0.081696
2 -1 0.568390 0.002781 113.223198 0.123493 346.831146 0.007459
2 -3 0.176741 0.007216 138.215942 2.775128 69.323425 0.031071
3 -4 0.046175 0.052646 85.199654 2.880699 1.439067 0.051916
2 -1 0.045956 0.022976 86.926964 12.625420 14.208342 0.068055
2 -1 0.031474 0.161903 137.884232 19.079914 0.366288 0.067843
2 -1 0.096067 0.007873 87.164917 5.851017 72.160988 0.008534
-1 2 0.022851 0.178583 107.756187 14.441132 2.772982 0.063869
-1 2 0.013926 0.198894 114.787354 31.113331 2.366688 0.062391
2 -1 0.273262 0.093346 86.213509 1.412617 1.343492 0.051498
-1 2 0.032658 0.142306 94.953972 8.211179 3.741207 0.104492
-4 3 0.002849 0.243066 102.545265 247.768631 0.044543 0.058961
-3 4 0.051163 0.043541 150.816101 2.391354 2.224578 0.069895
-1 2 0.045341 0.154967 176.583099 4.826286 3.272510 0.030033
-3 4 0.052394 0.043471 150.825089 2.283255 2.232110 0.057065
2 -3 0.032918 0.053124 159.744003 18.203932 2.223279 0.078320
2 -1 0.190278 0.014100 89.225510 2.564605 30.074802 0.058877
-1 2 0.017880 0.088197 86.739540 20.900232 6.408196 0.066188
2 -1 0.008956 0.057848 90.958939 82.673523 3.213047 0.065904
2 -1 0.132291 0.010052 104.916138 4.067520 50.752609 0.005536
-2 1 0.016037 0.063172 92.722763 23.751122 6.098214 0.057191
2 -1 0.117518 0.009846 93.698746 4.681282 51.914314 0.062131
1 -2 0.038322 0.053110 107.625923 11.318836 3.080136 0.050266
4 -3 0.141826 0.026262 98.501678 0.115903 8.006523 0.067076
2 -1 0.058588 0.026509 131.397888 9.807199 11.508799 0.029137
2 -1 0.014455 0.084293 120.983437 46.575790 1.614521 0.042043
-1 2 0.028078 0.101065 176.046646 10.565674 5.452643 0.063032
-4 3 0.055940 0.022792 132.621475 1.286180 10.394871 0.061448
2 -1 0.155884 0.058882 140.426529 3.281226 3.093496 0.063951
-1 2 0.155553 0.018608 93.056328 0.422374 34.142708 0.069477
2 -1 0.083801 0.031534 96.776314 6.753096 8.686939 0.078495
-1 2 0.046529 0.056156 160.676300 4.622183 10.253456 0.036915
2 -1 0.376867 0.004759 106.214638 0.648472 155.592926 0.066528
1 -2 0.025378 0.222632 178.278931 19.170460 0.089947 0.058188
-1 2 0.002683 0.257257 99.286797 359.515778 1.563463 0.039983
-1 2 0.156664 0.219739 184.515884 0.390497 1.962084 0.066897
2 -3 0.078788 0.031628 165.286301 7.159516 5.893018 0.037848
-1 2 0.065523 0.326522 97.230545 2.583591 0.952267 0.103616
-1 2 0.045846 0.058519 117.805359 4.744925 9.820128 0.064007
1 -2 0.023533 0.048964 128.574265 20.949511 3.583230 0.068421
1 -2 0.149697 0.092438 108.235649 1.853718 0.989652 0.064000
-2 1 0.010236 0.180482 93.317398 47.842621 1.368811 0.011345
-2 1 0.002480 0.281592 104.746201 404.475647 0.531463 0.052232
-2 1 0.010946 0.181568 159.430511 44.716282 1.302626 0.062246
-1 2 0.015777 0.082579 115.310936 25.689795 6.842338 0.024705
1 -2 0.246070 0.013460 191.030624 0.692598 32.567646 0.065284
2 -1 0.168325 0.003703 98.200180 3.019249 223.522141 0.058449
2 -1 0.123702 0.011842 109.592606 4.393181 39.705498 0.063936
-1 2 0.115922 0.012642 135.771072 0.832819 55.139778 0.024836
-1 2 0.073909 0.142175 131.783478 2.061344 3.695889 0.062916
-4 3 0.032451 0.030110 101.128746 3.941026 6.308470 0.043030
2 -3 0.071309 0.050042 89.898689 8.001007 2.476749 0.072344
-1 2 0.006154 0.121394 95.839722 105.103325 4.508843 0.096760
2 -1 0.018106 0.070449 87.744324 35.157700 2.277043 0.062544
-2 1 0.002631 0.312289 113.450226 374.944702 0.397965 0.054225
-1 2 0.021812 0.065055 150.524948 15.707747 8.780282 0.005604
3 -4 0.069087 0.038083 200.501526 1.303592 2.980739 0.037692
-1 2 0.022398 0.068085 134.564438 15.011673 8.374583 0.069444
-4 3 0.100574 0.033497 175.753983 0.310273 5.317783 0.008848
-1 2 0.036307 0.133235 100.057816 6.939787 4.040482 0.062834
-1 2 0.004335 0.193405 95.380753 176.725571 2.494901 0.085693
-3 4 0.073928 0.012957 111.420975 1.136967 21.401062 0.060374
-2 1 0.016867 0.085119 125.156502 22.254290 4.137234 0.080706
-1 2 0.005029 0.260871 95.956108 141.877762 1.528089 0.067759
-2 1 0.056661 0.128884 198.388687 2.694797 2.265135 0.068599
-2 3 0.075902 0.049686 81.906113 1.526215 2.505889 0.069140
-1 2 0.242791 0.011312 111.672287 0.100846 62.590168 0.088692
2 -1 0.307064 0.022373 307.208679 0.980240 15.377080 0.070695
1 -2 0.112549 0.053133 121.929245 2.827400 3.073424 0.068804
-4 3 0.123701 0.006692 87.587326 0.174070 74.121788 0.009330
-2 1 0.040078 0.067414 151.687164 5.175265 5.573651 0.009881
1 -2 0.028257 0.068413 86.699631 16.466885 1.884286 0.098123
3 -4 0.057459 0.011795 103.855644 1.897895 24.940859 0.049847
2 -1 0.207993 0.008136 164.547882 2.159784 72.274666 0.099842
-2 1 0.068829 0.032558 99.529533 1.855216 13.842258 0.062288
2 -1 0.290125 0.029456 200.361008 1.156919 9.806073 0.061534
-1 2 0.048579 0.081834 138.445572 4.302160 6.891469 0.032115
-1 2 0.042539 0.047355 129.711319 5.369915 12.271689 0.003199
-1 2 0.005923 0.197685 125.619949 114.140709 2.374896 0.052200
1 -2 0.120077 0.139827 232.801620 2.501502 0.347899 0.007385
-1 2 0.012796 0.240020 191.386414 36.416973 1.682182 0.067451
2 -1 0.142283 0.036017 177.963898 3.648316 7.066290 0.004002
-1 2 0.029450 0.041158 93.178200 9.667119 14.189814 0.106186
2 -1 0.015847 0.027703 82.355370 40.973629 10.603834 0.010451
-1 2 0.012764 0.056265 107.129478 35.383926 10.230946 0.068985
1 -2 0.049949 0.060324 103.388840 8.154235 2.410679 0.036768
-1 2 0.022880 0.086897 143.208832 14.545239 6.458584 0.105415
-1 2 0.003538 0.196390 90.297478 236.754822 2.448296 0.063095
-3 4 0.013572 0.061020 93.239761 24.191038 1.042826 0.082904
1 -2 0.066594 0.094180 76.335487 5.725296 0.963748 0.070612
-1 2 0.007789 0.197009 83.349152 73.031105 2.449558 0.036172
-2 1 0.027488 0.042483 87.056122 9.876717 9.952695 0.069393
-1 2 0.073156 0.010903 104.994179 2.115707 65.284668 0.061763
-2 1 0.036981 0.089133 104.411423 5.963117 3.913445 0.069264
2 -1 0.153441 0.019336 94.347694 3.409514 18.607885 0.057950
-1 2 0.003317 0.374972 87.388359 259.267700 0.674418 0.063090
-1 2 0.007013 0.218875 118.626701 88.215454 2.035879 0.010340
2 -1 0.084989 0.038186 95.824806 6.654274 6.395920 0.009091
2 -1 0.235777 0.015587 97.698463 1.826407 25.943634 0.044858
-1 2 0.038651 0.015217 88.114395 6.266586 43.126163 0.068595
-1 2 0.070368 0.041549 148.700119 2.247598 14.122596 0.078720
1 -2 0.018730 0.214640 160.618668 28.322622 0.102456 0.072772
-3 2 0.021743 0.041264 109.032974 11.147701 14.179011 0.068206
1 -2 0.155995 0.026844 89.567108 1.755446 10.285396 0.079330
-1 2 0.050748 0.072522 92.806496 4.010164 7.860131 0.063505
-3 4 0.105844 0.018877 169.023880 0.504707 11.418702 0.071343
4 -3 0.027011 0.091247 182.740723 5.868968 0.711580 0.065344
-4 3 0.099775 0.010730 92.364174 0.314798 35.346428 0.063562
2 -1 0.108375 0.006395 89.712059 5.129930 98.659462 0.069479
-1 2 0.008887 0.083415 90.176018 60.413235 6.792478 0.060723
-2 1 0.034673 0.043401 150.091949 6.699274 9.708164 0.082971
-1 2 0.026079 0.041042 115.210968 11.772171 14.270130 0.069072
1 -2 0.131892 0.014899 177.218475 2.198926 27.566406 0.031407
1 -2 0.043093 0.042187 122.741135 9.791610 4.715815 0.061402
-3 4 0.054510 0.027890 109.424141 2.106195 5.317523 0.031230
-1 2 0.008599 0.114884 111.759407 64.583504 4.777809 0.075207
-1 2 0.005296 0.178988 98.796326 131.874222 2.777755 0.064246
-1 2 0.007439 0.257969 98.418236 79.389198 1.556692 0.066371
-1 2 0.005513 0.088606 85.428383 122.427246 6.378444 0.002632
2 -1 0.095744 0.151064 86.953407 5.872485 0.458521 0.077943
1 -2 0.038965 0.126414 157.298233 11.112352 0.462726 0.056138
-1 2 0.136930 0.007909 117.178352 0.571775 98.540054 0.044901
2 -1 0.237435 0.006184 149.670334 1.746451 108.642326 0.032148
-4 3 0.026707 0.089829 179.288254 5.991518 0.737622 0.073225
-1 2 0.108437 0.191785 278.023865 0.925088 2.371918 0.006098
4 -3 0.027389 0.046028 102.319984 5.475159 2.910587 0.066293
2 -1 0.239826 0.004513 92.618469 1.781530 165.924515 0.055514
2 -1 0.058039 0.052453 103.765175 9.904869 3.790172 0.053863
2 -1 0.005659 0.136940 78.732666 147.015045 0.589743 0.002848
-1 2 0.003267 0.197795 90.181602 266.164917 2.423067 0.057183
1 -2 0.106262 0.016154 131.520874 3.056832 23.895607 0.021662
-2 1 0.058646 0.018298 106.550713 2.545444 28.765217 0.043038
-2 1 0.046708 0.063287 169.480194 3.906797 6.031702 0.004007
2 -1 0.118355 0.045284 91.138245 4.647792 4.845208 0.062363
-1 2 0.054590 0.275305 229.645889 3.501547 1.276124 0.061285
1 -2 0.042497 0.101931 91.127487 9.950961 0.799661 0.105749
-4 3 0.047918 0.060620 93.376656 1.769602 1.706124 0.069118
-2 1 0.008513 0.199756 107.530624 64.196388 1.124426 0.097571
-1 2 0.010417 0.385277 252.396347 50.819077 0.546958 0.063171
1 -2 0.107013 0.007467 87.520615 3.076842 76.940163 0.098422
2 -1 0.090935 0.044991 91.539200 6.198347 4.897297 0.057568
-1 2 0.028969 0.221563 210.328445 10.079524 1.918272 0.089808
-1 2 0.032119 0.058183 159.580719 8.501575 9.876518 0.070615
-1 2 0.008468 0.203981 160.352737 67.899666 2.230035 0.063703
2 -1 0.203191 0.012821 142.882080 2.259839 35.746918 0.002849
2 -1 0.010130 0.100697 126.195412 72.321983 1.130540 0.067103
2 -1 0.057293 0.028345 153.092819 10.039030 10.379946 0.024502
2 -1 0.080292 0.009492 106.292244 7.055809 55.393211 0.045276
-2 1 0.034225 0.064136 91.667892 6.812129 5.984607 0.068018
-1 2 0.020372 0.063191 143.265457 17.457573 9.056228 0.067310
-1 2 0.055010 0.026104 96.541405 3.498508 23.273142 0.057769
2 -1 0.077782 0.045617 142.367981 7.271337 4.781852 0.036992
-1 2 0.002820 0.552892 95.042480 332.139801 0.148663 0.068661
3 -4 0.281572 0.006311 91.449379 0.024795 69.224327 0.056798
-2 1 0.039609 0.020053 102.292130 5.277671 25.534285 0.061530
-2 1 0.020806 0.091161 98.277481 15.696737 3.805724 0.064238
-2 1 0.043135 0.075006 93.156677 4.528437 4.910426 0.057432
2 -1 0.031762 0.035702 100.900757 18.770508 7.129579 0.003382
-1 2 0.089298 0.008268 104.171509 1.452754 92.350021 0.018613
2 -1 0.096497 0.060768 138.065811 5.768939 2.928605 0.067673
2 -1 0.032887 0.133130 86.860710 18.013279 0.625876 0.068316
1 -2 0.077046 0.011256 98.857307 4.738240 41.500710 0.063746
-1 2 0.093303 0.022792 140.408722 1.313751 27.417675 0.071034
2 -1 0.119272 0.017775 183.523590 4.509535 21.798731 0.073401
-1 2 0.003515 0.313088 106.973396 243.965057 1.039201 0.071818
-1 2 0.127555 0.005416 102.848335 0.683112 159.610046 0.058366
-2 1 0.021151 0.318583 95.677063 15.267341 0.383726 0.068254
1 -2 0.407602 0.005988 196.330017 0.147434 115.280754 0.070735
-2 1 0.030098 0.106993 139.098160 8.560905 3.020910 0.057853
1 -2 0.074762 0.012714 122.551674 4.901509 34.786034 0.094314
-1 2 0.014878 0.089478 89.210327 27.706198 6.308247 0.080364
1 -2 0.025655 0.029349 99.148567 18.654177 8.875978 0.071324
4 -3 0.152176 0.014845 174.058029 0.092165 21.879776 0.051663
-2 1 0.011262 0.236365 98.560860 41.458614 0.806282 0.106595
-4 3 0.003899 0.179695 100.885620 151.458618 0.125216 0.074485
-1 2 0.049110 0.018245 89.744591 4.235985 34.879211 0.066221
-2 1 0.002026 0.526593 93.294983 535.453247 0.044716 0.068383
-1 2 0.015178 0.153585 98.115616 27.021286 3.399385 0.062417
-1 2 0.037308 0.048701 90.282143 6.636210 11.885419 0.078994
-3 4 0.126176 0.043874 119.285065 0.331823 2.162582 0.061048
-1 2 0.015573 0.245747 94.400337 25.929617 1.704923 0.066012
-1 2 0.025653 0.065535 97.094772 12.022247 8.730305 0.024957
-1 2 0.013615 0.153304 125.519821 32.374916 3.369488 0.070973
2 -1 0.005492 0.165618 86.968544 154.333008 0.359281 0.067008
-1 2 0.006518 0.201026 114.825806 98.123085 2.329111 0.034154
1 -2 0.163699 0.012149 120.214310 1.590677 37.303417 0.062922
1 -2 0.039924 0.038604 144.981613 10.773986 5.536629 0.047991
2 -1 0.147932 0.006222 108.290398 3.547424 104.598610 0.070746
1 -2 0.230435 0.008224 128.532669 0.830603 68.611603 0.076643
-2 1 0.131603 0.023350 155.975052 0.417996 21.264021 0.078873
-2 1 0.110430 0.140500 247.677872 0.630020 1.957783 0.005377
2 -1 0.198631 0.046770 174.235123 2.310976 4.579670 0.044668
1 -2 0.154336 0.008361 104.388306 1.768881 65.817467 0.081074
1 -2 0.220147 0.032428 136.877792 0.909089 7.523355 0.071760
2 -1 0.039723 0.027262 114.627884 14.775902 10.971272 0.069127
-2 1 0.124855 0.011005 109.898125 0.487828 56.267872 0.059923
-1 2 0.014643 0.088169 102.588799 28.617083 6.393203 0.068918
-4 3 0.087938 0.020573 132.949127 0.439534 12.403769 0.070138
-1 2 0.002066 0.412629 95.965546 524.216064 0.498904 0.044515
-1 2 0.092692 0.034587 96.512131 1.354948 17.096149 0.067580
-1 2 0.012284 0.101553 94.856659 37.203491 5.500579 0.073373
1 -2 0.104390 0.023980 179.396439 3.096554 12.651615 0.091963
-3 2 0.024240 0.277093 124.749596 9.316317 1.328480 0.018499
-1 2 0.061036 0.066269 203.754211 2.882421 8.593819 0.069076
2 -1 0.201616 0.009721 102.074356 2.336510 53.272655 0.096182
-2 1 0.034757 0.038552 88.182556 6.629121 11.215547 0.094479
2 -1 0.191157 0.006750 138.692337 2.480903 94.670876 0.102009
4 -3 0.033639 0.061979 182.649719 3.813001 1.633412 0.061595
2 -1 0.047705 0.165133 226.222015 12.206777 0.331951 0.064174
3 -4 0.209195 0.007226 99.960022 0.076699 56.282875 0.069936
-1 2 0.022411 0.052577 107.464699 14.883816 10.983227 0.041975
-1 2 0.036963 0.056404 105.082008 6.746753 10.204239 0.045599
2 -1 0.080719 0.022570 89.739662 7.030987 14.624321 0.110209
2 -1 0.187465 0.040732 247.745132 2.470173 5.768067 0.063031
-1 2 0.015026 0.086776 89.871544 27.302191 6.515547 0.079814
4 -3 0.029650 0.091822 88.014397 4.645505 0.714114 0.058712
-1 2 0.021445 0.068406 92.314201 15.850968 8.352064 0.072702
-1 2 0.005909 0.166220 113.156158 113.466537 3.047949 0.071795
-1 2 0.027920 0.045861 102.427582 10.536552 12.672604 0.068599
-2 1 0.006732 0.125138 92.235092 90.474129 2.458107 0.067524
2 -1 0.014807 0.066004 85.135330 44.471703 2.558430 0.059145
-1 2 0.005214 0.152431 85.331497 132.869492 3.453685 0.063694
1 -2 0.015048 0.086991 87.490608 36.740772 1.140572 0.063098
-2 1 0.017226 0.172170 164.239655 21.763054 1.428859 0.107568
-1 2 0.002732 0.214574 88.919525 345.084137 2.144101 0.057709
1 -2 0.131353 0.005139 86.380180 2.296245 134.645126 0.058730
-2 1 0.022988 0.057021 104.424286 13.357851 6.918549 0.030314
