2 0 0.325798 0.068704 254.388306 -1.000000 -1.000000 0.764770
0 -2 0.017916 0.055638 115.177696 -1.000000 -1.000000 0.286713
0 2 0.016480 0.081366 156.077301 -1.000000 -1.000000 0.419173
4 0 0.013902 0.158674 107.072098 -1.000000 -1.000000 0.694610
1 2 0.256641 0.192706 297.636505 -1.000000 -1.000000 0.787910
-1 0 0.309259 0.016934 216.243607 -1.000000 -1.000000 0.448872
0 -1 0.004515 0.195139 101.958298 -1.000000 -1.000000 0.415908
2 -1 0.159735 0.018417 161.309204 -1.000000 -1.000000 0.504427
-1 2 0.017892 0.393989 198.037994 -1.000000 -1.000000 0.527353
2 -2 0.221491 0.019974 167.210403 -1.000000 -1.000000 0.447054
0 2 0.036271 0.056265 109.707001 -1.000000 -1.000000 0.315545
0 1 0.049488 0.082808 194.128204 -1.000000 -1.000000 0.468957
0 2 0.053380 0.117237 185.832199 -1.000000 -1.000000 0.605547
1 2 0.057981 0.096413 201.866699 -1.000000 -1.000000 0.468354
2 0 0.052564 0.118521 190.699203 -1.000000 -1.000000 0.513091
-3 0 0.202533 0.021294 131.022598 -1.000000 -1.000000 0.028464
1 -2 0.143485 0.113363 175.502197 -1.000000 -1.000000 0.390053
1 0 0.172002 0.046085 229.403000 -1.000000 -1.000000 0.524045
2 0 0.021499 0.206460 164.338196 -1.000000 -1.000000 0.464143
0 2 0.029621 0.030039 104.189499 -1.000000 -1.000000 0.037703
-4 4 0.055607 0.138440 184.780899 -1.000000 -1.000000 0.506658
1 -1 0.114149 0.018302 142.712097 -1.000000 -1.000000 0.383421
2 0 0.049465 0.049159 159.526703 -1.000000 -1.000000 0.392976
0 2 0.013637 0.076251 98.848618 -1.000000 -1.000000 0.431737
0 1 0.012524 0.210139 115.542000 -1.000000 -1.000000 0.457011
-2 2 0.188099 0.038972 168.063293 -1.000000 -1.000000 0.582611
0 1 0.012097 0.216993 123.383797 -1.000000 -1.000000 0.426422
2 0 0.221690 0.007349 133.914200 -1.000000 -1.000000 0.433380
0 0 0.287954 0.028013 223.072403 -1.000000 -1.000000 0.634287
-2 2 0.025914 0.127485 169.190994 -1.000000 -1.000000 0.453056
-4 0 0.024206 0.244821 167.120605 -1.000000 -1.000000 0.478068
0 2 0.039398 0.180086 181.897400 -1.000000 -1.000000 0.465702
-2 2 0.009752 0.265529 183.632401 -1.000000 -1.000000 0.384966
0 1 0.102349 0.126951 166.962799 -1.000000 -1.000000 0.490438
-2 0 0.022320 0.045071 98.746109 -1.000000 -1.000000 0.520269
-2 1 0.038325 0.159662 167.151596 -1.000000 -1.000000 0.715419
2 -2 0.092029 0.022424 121.721703 -1.000000 -1.000000 0.638056
-1 0 0.009348 0.263437 122.135399 -1.000000 -1.000000 0.458673
2 0 0.111965 0.018384 135.374405 -1.000000 -1.000000 0.497840
1 2 0.199038 0.088044 373.614014 -1.000000 -1.000000 0.270216
2 0 0.146455 0.009883 145.523804 -1.000000 -1.000000 0.057669
0 2 0.006378 0.201281 119.474297 -1.000000 -1.000000 0.328901
0 1 0.019333 0.146010 99.964691 -1.000000 -1.000000 0.020152
0 0 0.080573 0.044939 263.326508 -1.000000 -1.000000 0.695253
-4 0 0.034435 0.029417 41.377071 -1.000000 -1.000000 0.438764
2 0 0.180299 0.040528 227.628006 -1.000000 -1.000000 0.465111
2 2 0.248792 0.530806 354.325012 -1.000000 -1.000000 0.774802
1 2 0.012737 0.232107 137.760696 -1.000000 -1.000000 0.484681
0 2 0.025298 0.105888 106.064499 -1.000000 -1.000000 0.735540
1 2 0.087470 0.124170 207.033600 -1.000000 -1.000000 0.392559
0 0 0.099468 0.012378 120.456596 -1.000000 -1.000000 0.441359
2 1 0.078185 0.014569 101.892700 -1.000000 -1.000000 0.440060
4 2 0.070581 0.056175 122.066704 -1.000000 -1.000000 0.481334
-1 -1 0.239020 0.035345 197.824295 -1.000000 -1.000000 0.473952
2 2 0.084801 0.044279 143.609497 -1.000000 -1.000000 0.476692
0 1 0.041001 0.142635 104.520897 -1.000000 -1.000000 0.426108
1 2 0.248445 0.058031 246.039902 -1.000000 -1.000000 0.441656
2 0 0.336297 0.043260 171.054398 -1.000000 -1.000000 0.504769
0 2 0.049245 0.102864 139.972900 -1.000000 -1.000000 0.470898
1 0 0.034394 0.015370 104.160599 -1.000000 -1.000000 0.438299
0 1 0.045475 0.093282 106.055496 -1.000000 -1.000000 0.458954
0 2 0.032498 0.133264 115.619499 -1.000000 -1.000000 0.421679
1 0 0.149436 0.043606 216.124100 -1.000000 -1.000000 0.632587
0 2 0.017146 0.192487 127.433403 -1.000000 -1.000000 0.488487
0 2 0.014084 0.077485 121.035698 -1.000000 -1.000000 0.465875
0 -4 0.041953 0.059839 77.739670 -1.000000 -1.000000 0.703751
0 2 0.134284 0.060355 121.938400 -1.000000 -1.000000 0.507398
0 3 0.052678 0.013414 107.636703 -1.000000 -1.000000 0.301722
0 2 0.044717 0.316006 158.761398 -1.000000 -1.000000 0.544799
0 1 0.134311 0.227608 410.005310 -1.000000 -1.000000 0.456335
2 2 0.180032 0.094491 114.447502 -1.000000 -1.000000 0.229483
2 0 0.048495 0.047735 115.863503 -1.000000 -1.000000 0.430780
0 2 0.050193 0.174491 205.133499 -1.000000 -1.000000 0.515895
0 -2 0.069683 0.017905 96.769760 -1.000000 -1.000000 0.466109
2 0 0.149380 0.045088 119.993202 -1.000000 -1.000000 0.481107
0 2 0.032045 0.115700 149.959396 -1.000000 -1.000000 0.495498
-2 2 0.127228 0.141065 373.936401 -1.000000 -1.000000 0.582438
0 1 0.112388 0.257889 194.119797 -1.000000 -1.000000 0.153888
2 0 0.134397 0.006418 112.920998 -1.000000 -1.000000 0.408377
-1 2 0.068113 0.166579 112.353203 -1.000000 -1.000000 0.455091
0 2 0.007327 0.157413 114.507500 -1.000000 -1.000000 0.435503
2 0 0.128626 0.008587 106.738602 -1.000000 -1.000000 0.666481
0 2 0.051254 0.050698 101.680099 -1.000000 -1.000000 0.479332
-1 0 0.174609 0.009921 171.620499 -1.000000 -1.000000 0.501118
-2 0 0.083353 0.084133 134.233795 -1.000000 -1.000000 0.029006
-2 2 0.085810 0.114981 116.564598 -1.000000 -1.000000 0.207204
0 1 0.044088 0.098436 166.530197 -1.000000 -1.000000 0.326542
-3 0 0.022970 0.058489 49.989361 -1.000000 -1.000000 0.500713
2 0 0.009122 0.191978 120.773003 -1.000000 -1.000000 0.560558
0 -1 0.104321 0.035046 123.694901 -1.000000 -1.000000 0.468939
-2 0 0.016951 0.171884 90.318588 -1.000000 -1.000000 0.450125
0 0 0.061493 0.029180 102.925201 -1.000000 -1.000000 0.289733
0 1 0.030776 0.141227 149.383102 -1.000000 -1.000000 0.053688
2 0 0.260466 0.017382 115.134003 -1.000000 -1.000000 0.274667
4 2 0.109954 0.262860 183.545700 -1.000000 -1.000000 0.476391
2 0 0.017918 0.026768 95.152267 -1.000000 -1.000000 0.454904
0 -3 0.047302 0.054882 197.592697 -1.000000 -1.000000 0.464880
0 1 0.090644 0.176560 184.553802 -1.000000 -1.000000 0.523460
0 2 0.157644 0.013436 105.402603 -1.000000 -1.000000 0.306781
0 2 0.025741 0.103075 110.924004 -1.000000 -1.000000 0.533827
0 1 0.015599 0.101018 97.585129 -1.000000 -1.000000 0.498282
0 -3 0.010664 0.060852 93.724838 -1.000000 -1.000000 0.022163
0 2 0.015445 0.059165 102.239098 -1.000000 -1.000000 0.671006
-4 0 0.072444 0.044605 107.932701 -1.000000 -1.000000 0.709786
-2 0 0.117788 0.020559 100.520203 -1.000000 -1.000000 0.455466
2 0 0.237514 0.026269 174.175400 -1.000000 -1.000000 0.391690
4 0 0.028395 0.061655 91.827682 -1.000000 -1.000000 0.458732
0 -2 0.010905 0.150204 109.565804 -1.000000 -1.000000 0.223697
2 2 0.191575 0.086391 192.327698 -1.000000 -1.000000 0.447110
2 0 0.022942 0.087531 123.462799 -1.000000 -1.000000 0.505170
0 -1 0.036074 0.047359 124.483803 -1.000000 -1.000000 0.327969
2 3 0.119149 0.035539 140.056305 -1.000000 -1.000000 0.216541
2 -1 0.207100 0.123473 505.411011 -1.000000 -1.000000 0.459493
1 2 0.330536 0.029489 200.862701 -1.000000 -1.000000 0.023306
0 4 0.190319 0.031422 271.346313 -1.000000 -1.000000 0.502288
2 -2 0.084258 0.017862 165.867004 -1.000000 -1.000000 0.412357
0 0 0.015312 0.086491 118.616798 -1.000000 -1.000000 0.523850
0 2 0.023769 0.199437 187.250595 -1.000000 -1.000000 0.466060
-1 0 0.149310 0.011038 116.798302 -1.000000 -1.000000 0.742884
-3 3 0.046737 0.050496 113.408203 -1.000000 -1.000000 0.429223
0 2 0.097711 0.034366 133.298401 -1.000000 -1.000000 0.503185
2 -1 0.207982 0.062181 201.044403 -1.000000 -1.000000 0.331881
0 2 0.077223 0.201273 255.900101 -1.000000 -1.000000 0.498666
-2 2 0.005559 0.154244 105.503998 -1.000000 -1.000000 0.414423
0 2 0.176497 0.115474 147.833206 -1.000000 -1.000000 0.634743
2 0 0.108972 0.008656 103.389503 -1.000000 -1.000000 0.464661
0 2 0.017062 0.187145 155.267395 -1.000000 -1.000000 0.469207
-2 0 0.074144 0.048990 171.733994 -1.000000 -1.000000 0.470323
2 1 0.178132 0.027429 157.525208 -1.000000 -1.000000 0.524018
-1 0 0.061385 0.188859 191.737900 -1.000000 -1.000000 0.466488
2 0 0.158659 0.027547 143.971695 -1.000000 -1.000000 0.454027
4 0 0.016530 0.042589 92.698021 -1.000000 -1.000000 0.236663
0 1 0.035625 0.236756 207.359604 -1.000000 -1.000000 0.023522
2 0 0.071058 0.020767 85.534081 -1.000000 -1.000000 0.418635
2 0 0.140431 0.018774 131.231003 -1.000000 -1.000000 0.489817
0 0 0.024795 0.068452 97.886574 -1.000000 -1.000000 0.506574
0 1 0.128456 0.055865 155.064697 -1.000000 -1.000000 0.503150
-2 2 0.033845 0.199828 202.400696 -1.000000 -1.000000 0.440180
1 -1 0.145932 0.134828 266.105011 -1.000000 -1.000000 0.527974
2 0 0.216953 0.024696 164.511002 -1.000000 -1.000000 0.244611
1 -2 0.105533 0.048985 154.462097 -1.000000 -1.000000 0.028428
-2 2 0.019276 0.070360 183.477707 -1.000000 -1.000000 0.029340
2 1 0.296808 0.054176 181.617706 -1.000000 -1.000000 0.433258
0 0 0.129291 0.011688 120.012398 -1.000000 -1.000000 0.499434
0 1 0.232499 0.147007 263.013489 -1.000000 -1.000000 0.516265
0 2 0.014884 0.175156 137.514801 -1.000000 -1.000000 0.196327
-1 0 0.067579 0.023474 108.358902 -1.000000 -1.000000 0.020435
1 0 0.075036 0.055919 147.156097 -1.000000 -1.000000 0.498752
-2 2 0.033820 0.313156 195.604202 -1.000000 -1.000000 0.042672
0 2 0.008811 0.316204 106.124496 -1.000000 -1.000000 0.415771
0 -1 0.017001 0.145858 119.889198 -1.000000 -1.000000 0.506182
2 0 0.158725 0.012353 182.980896 -1.000000 -1.000000 0.456397
2 3 0.112465 0.012649 130.382202 -1.000000 -1.000000 0.546841
0 2 0.078979 0.101617 152.829193 -1.000000 -1.000000 0.537703
0 1 0.008099 0.132635 145.412506 -1.000000 -1.000000 0.386107
-2 0 0.119422 0.072717 188.965805 -1.000000 -1.000000 0.465452
0 4 0.031345 0.154667 132.699097 -1.000000 -1.000000 0.508627
2 0 0.033346 0.034903 104.955002 -1.000000 -1.000000 0.477411
1 0 0.264828 0.015919 161.346603 -1.000000 -1.000000 0.081630
0 0 0.015311 0.135585 124.017303 -1.000000 -1.000000 0.278654
2 0 0.042024 0.292885 235.279205 -1.000000 -1.000000 0.761443
2 0 0.410140 0.057746 310.764313 -1.000000 -1.000000 0.485575
0 -3 0.053990 0.033717 129.108597 -1.000000 -1.000000 0.491887
0 2 0.092836 0.098867 282.420685 -1.000000 -1.000000 0.419043
2 -1 0.218592 0.012807 105.835800 -1.000000 -1.000000 0.299391
2 0 0.138953 0.021898 174.403900 -1.000000 -1.000000 0.455517
2 -2 0.116543 0.023496 164.391403 -1.000000 -1.000000 0.469357
2 2 0.102624 0.144521 300.943604 -1.000000 -1.000000 0.606687
0 2 0.014534 0.217480 163.138397 -1.000000 -1.000000 0.372779
0 1 0.097469 0.127610 110.726997 -1.000000 -1.000000 0.433960
0 2 0.025094 0.303698 147.962494 -1.000000 -1.000000 0.435911
2 0 0.086334 0.046989 177.583603 -1.000000 -1.000000 0.489681
1 1 0.074130 0.048575 106.274696 -1.000000 -1.000000 0.188916
2 0 0.161574 0.024387 92.797760 -1.000000 -1.000000 0.453148
0 2 0.040483 0.034545 119.029404 -1.000000 -1.000000 0.073019
0 0 0.020209 0.098565 203.533600 -1.000000 -1.000000 0.707462
2 0 0.171539 0.059214 277.102112 -1.000000 -1.000000 0.284860
2 2 0.209983 0.129345 263.988495 -1.000000 -1.000000 0.467944
2 -3 0.168600 0.017972 160.339294 -1.000000 -1.000000 0.435167
0 -2 0.122270 0.043104 334.227905 -1.000000 -1.000000 0.102707
2 0 0.040822 0.240812 163.598404 -1.000000 -1.000000 0.466576
2 0 0.085306 0.007603 104.102997 -1.000000 -1.000000 0.522135
-4 0 0.009057 0.126603 111.177399 -1.000000 -1.000000 0.095008
-2 0 0.143462 0.005472 127.484802 -1.000000 -1.000000 0.458101
-4 0 0.261870 0.033897 222.340698 -1.000000 -1.000000 0.545302
0 1 0.013231 0.206730 169.037598 -1.000000 -1.000000 0.402905
2 0 0.246924 0.021092 141.800995 -1.000000 -1.000000 0.459505
2 0 0.070848 0.082701 163.603195 -1.000000 -1.000000 0.533286
2 0 0.115219 0.134166 95.628609 -1.000000 -1.000000 0.759496
2 0 0.249532 0.242281 301.684814 -1.000000 -1.000000 0.127531
0 1 0.011950 0.119984 92.903389 -1.000000 -1.000000 0.556590
-2 0 0.137080 0.016105 140.574799 -1.000000 -1.000000 0.498919
0 2 0.008965 0.134663 131.486206 -1.000000 -1.000000 0.390607
2 -2 0.085065 0.035793 126.082901 -1.000000 -1.000000 0.817670
2 0 0.123897 0.055606 105.146004 -1.000000 -1.000000 0.501241
1 -1 0.017541 0.051584 117.331398 -1.000000 -1.000000 0.465580
0 2 0.020910 0.244586 144.881302 -1.000000 -1.000000 0.492273
-1 2 0.014285 0.432066 235.313797 -1.000000 -1.000000 0.682808
0 1 0.114169 0.023500 119.014503 -1.000000 -1.000000 0.423105
0 1 0.015819 0.266568 143.602203 -1.000000 -1.000000 0.515614
-3 0 0.137873 0.068128 166.615204 -1.000000 -1.000000 0.467602
-2 1 0.270580 0.062148 316.678589 -1.000000 -1.000000 0.038318
2 0 0.116675 0.021199 160.188797 -1.000000 -1.000000 0.441905
2 0 0.015030 0.070332 124.212196 -1.000000 -1.000000 0.558021
1 2 0.060152 0.065404 113.914597 -1.000000 -1.000000 0.182472
0 -2 0.036972 0.032394 126.814102 -1.000000 -1.000000 0.457168
2 0 0.312393 0.009288 121.315399 -1.000000 -1.000000 0.422519
-3 1 0.051633 0.203223 152.750595 -1.000000 -1.000000 0.498810
3 0 0.063591 0.054572 261.872192 -1.000000 -1.000000 0.538232
1 1 0.115729 0.104074 146.180603 -1.000000 -1.000000 0.485483
2 1 0.548881 0.214551 276.955414 -1.000000 -1.000000 0.687026
1 0 0.176306 0.029729 100.301003 -1.000000 -1.000000 0.334984
-3 2 0.018674 0.386361 129.656998 -1.000000 -1.000000 0.104727
1 1 0.112928 0.106102 230.964798 -1.000000 -1.000000 0.046800
3 -1 0.028083 0.070522 102.312103 -1.000000 -1.000000 0.527850
0 2 0.027762 0.137698 135.975204 -1.000000 -1.000000 0.499949
0 2 0.012584 0.134950 118.180199 -1.000000 -1.000000 0.288446
-3 0 0.051117 0.081572 167.009995 -1.000000 -1.000000 0.498401
0 3 0.010127 0.054600 108.541298 -1.000000 -1.000000 0.224304
0 0 0.234534 0.022236 152.447205 -1.000000 -1.000000 0.737244
4 0 0.049632 0.111756 141.976303 -1.000000 -1.000000 0.510047
0 2 0.118119 0.008160 114.303703 -1.000000 -1.000000 0.492021
1 -3 0.041411 0.039903 111.075897 -1.000000 -1.000000 0.504581
-3 0 0.069439 0.034497 196.902802 -1.000000 -1.000000 0.458483
3 0 0.063656 0.154350 191.104904 -1.000000 -1.000000 0.528811
0 -1 0.061355 0.036268 143.738800 -1.000000 -1.000000 0.376089
-1 2 0.132632 0.065495 119.873299 -1.000000 -1.000000 0.460097
0 2 0.010135 0.206703 162.392395 -1.000000 -1.000000 0.117851
-2 1 0.198681 0.101400 197.031204 -1.000000 -1.000000 0.470444
0 0 0.028467 0.129782 141.645401 -1.000000 -1.000000 0.484219
2 0 0.061371 0.047335 150.225601 -1.000000 -1.000000 0.517388
2 0 0.268403 0.011979 144.550995 -1.000000 -1.000000 0.439760
0 2 0.069743 0.111290 202.148697 -1.000000 -1.000000 0.028578
0 2 0.041102 0.081596 138.720093 -1.000000 -1.000000 0.325913
-2 0 0.066018 0.116253 169.982895 -1.000000 -1.000000 0.024944
2 0 0.166144 0.142717 186.162399 -1.000000 -1.000000 0.512311
2 0 0.041969 0.160602 240.507004 -1.000000 -1.000000 0.626237
0 0 0.017212 0.112581 163.630493 -1.000000 -1.000000 0.462706
2 1 0.049539 0.305599 214.346207 -1.000000 -1.000000 0.488365
0 2 0.175997 0.162157 387.816010 -1.000000 -1.000000 0.808607
2 3 0.239118 0.236923 285.253998 -1.000000 -1.000000 0.158675
-4 0 0.051881 0.072108 128.951904 -1.000000 -1.000000 0.473816
-2 -1 0.058144 0.032964 152.247604 -1.000000 -1.000000 0.465167
2 2 0.180299 0.200683 427.076294 -1.000000 -1.000000 0.510671
0 2 0.003977 0.376463 128.557999 -1.000000 -1.000000 0.524498
0 1 0.040712 0.075601 187.876495 -1.000000 -1.000000 0.131524
-2 0 0.048341 0.031875 98.396240 -1.000000 -1.000000 0.518118
0 1 0.028736 0.121152 122.203300 -1.000000 -1.000000 0.411520
0 0 0.020335 0.226873 150.220993 -1.000000 -1.000000 0.426385
-3 2 0.067660 0.136035 242.045197 -1.000000 -1.000000 0.499285
2 0 0.094548 0.045019 388.934692 -1.000000 -1.000000 0.418269
0 1 0.116412 0.070968 151.589600 -1.000000 -1.000000 0.439287
2 0 0.426332 0.033259 250.094894 -1.000000 -1.000000 0.469956
2 0 0.114528 0.025539 212.222198 -1.000000 -1.000000 0.034236
2 2 0.111024 0.074187 334.358887 -1.000000 -1.000000 0.418096
1 1 0.238349 0.021373 154.456604 -1.000000 -1.000000 0.500105
1 -4 0.123907 0.081535 129.889496 -1.000000 -1.000000 0.466214
2 -2 0.166219 0.034970 155.236694 -1.000000 -1.000000 0.405133
0 2 0.074148 0.068759 130.963806 -1.000000 -1.000000 0.474858
-2 2 0.064311 0.166301 276.938507 -1.000000 -1.000000 0.104415
0 2 0.031124 0.281935 217.347397 -1.000000 -1.000000 0.038783
0 2 0.043625 0.043877 102.570503 -1.000000 -1.000000 0.586912
2 1 0.062601 0.123263 135.816803 -1.000000 -1.000000 0.322255
0 2 0.011716 0.397965 204.433395 -1.000000 -1.000000 0.242117
0 1 0.016242 0.261145 172.561401 -1.000000 -1.000000 0.344638
2 0 0.038012 0.119516 146.976196 -1.000000 -1.000000 0.331376
0 2 0.017155 0.302736 304.226593 -1.000000 -1.000000 0.138711
0 3 0.061164 0.064504 143.748703 -1.000000 -1.000000 0.089851
-1 1 0.004996 0.298500 104.991302 -1.000000 -1.000000 0.218259
0 2 0.070657 0.241631 339.972107 -1.000000 -1.000000 0.143003
2 0 0.066160 0.172731 243.765305 -1.000000 -1.000000 0.514165
0 3 0.008821 0.093060 103.563202 -1.000000 -1.000000 0.438599
3 0 0.243881 0.016645 154.158600 -1.000000 -1.000000 0.582886
2 -2 0.061979 0.227001 219.560303 -1.000000 -1.000000 0.327520
0 1 0.020123 0.077802 110.322197 -1.000000 -1.000000 0.421460
0 2 0.118198 0.080954 376.484314 -1.000000 -1.000000 0.428310
-2 0 0.128303 0.096923 240.975998 -1.000000 -1.000000 0.790001
-2 0 0.069608 0.036490 135.320801 -1.000000 -1.000000 0.524018
2 0 0.142227 0.041886 199.873901 -1.000000 -1.000000 0.431859
2 2 0.255346 0.049548 270.101410 -1.000000 -1.000000 0.508964
2 1 0.173716 0.030953 147.629501 -1.000000 -1.000000 0.372913
0 0 0.221562 0.006803 132.823303 -1.000000 -1.000000 0.025085
2 0 0.209091 0.014754 235.307495 -1.000000 -1.000000 0.366882
0 2 0.083411 0.149832 295.081512 -1.000000 -1.000000 0.519523
2 0 0.172902 0.011460 136.021393 -1.000000 -1.000000 0.213676
-1 0 0.023402 0.082864 123.943100 -1.000000 -1.000000 0.730566
0 2 0.053635 0.060177 131.324905 -1.000000 -1.000000 0.445330
0 -3 0.008056 0.236605 134.042694 -1.000000 -1.000000 0.456056
0 0 0.040459 0.060472 124.683403 -1.000000 -1.000000 0.465996
0 2 0.076376 0.063117 168.879700 -1.000000 -1.000000 0.315551
0 1 0.059661 0.236247 299.049591 -1.000000 -1.000000 0.499899
2 2 0.095423 0.073236 208.585907 -1.000000 -1.000000 0.472857
0 3 0.078250 0.029942 113.893204 -1.000000 -1.000000 0.463338
2 0 0.098951 0.012298 120.387100 -1.000000 -1.000000 0.313479
0 2 0.062523 0.113092 142.413193 -1.000000 -1.000000 0.528725
4 1 0.034048 0.195652 189.414505 -1.000000 -1.000000 0.462217
4 1 0.078417 0.204103 287.371094 -1.000000 -1.000000 0.385811
-4 0 0.144389 0.052381 97.060112 -1.000000 -1.000000 0.453496
0 2 0.030441 0.114349 147.075302 -1.000000 -1.000000 0.392283
0 2 0.021734 0.126144 143.797897 -1.000000 -1.000000 0.501528
0 2 0.068177 0.074635 171.016098 -1.000000 -1.000000 0.507114
2 0 0.178802 0.012076 133.969193 -1.000000 -1.000000 0.418132
0 2 0.034962 0.079760 153.945206 -1.000000 -1.000000 0.477772
1 2 0.094839 0.095481 171.195801 -1.000000 -1.000000 0.487938
0 2 0.018760 0.164044 106.201599 -1.000000 -1.000000 0.509630
-2 0 0.104418 0.058806 199.850006 -1.000000 -1.000000 0.484620
1 -1 0.121736 0.026451 137.567505 -1.000000 -1.000000 0.507377
1 -2 0.245967 0.108537 506.382202 -1.000000 -1.000000 0.528394
1 0 0.071124 0.104938 330.310913 -1.000000 -1.000000 0.472565
0 1 0.028449 0.061674 132.118301 -1.000000 -1.000000 0.796791
0 2 0.192950 0.276868 736.666809 -1.000000 -1.000000 0.460574
0 2 0.183750 0.156165 148.885895 -1.000000 -1.000000 0.069235
2 0 0.054262 0.017136 109.574699 -1.000000 -1.000000 0.476249
2 0 0.025279 0.089572 140.653198 -1.000000 -1.000000 0.354257
1 2 0.323049 0.237823 258.190399 -1.000000 -1.000000 0.371192
1 0 0.036934 0.062762 193.781799 -1.000000 -1.000000 0.029851
2 -3 0.085813 0.023573 135.082001 -1.000000 -1.000000 0.242004
0 -2 0.019239 0.076793 117.214996 -1.000000 -1.000000 0.787092
0 0 0.038873 0.018097 103.612701 -1.000000 -1.000000 0.039380
0 1 0.037228 0.115722 124.686996 -1.000000 -1.000000 0.464575
0 0 0.039088 0.140903 124.025002 -1.000000 -1.000000 0.469787
0 -1 0.062174 0.083364 176.533798 -1.000000 -1.000000 0.473204
2 0 0.535341 0.015438 252.498306 -1.000000 -1.000000 0.481773
0 2 0.090376 0.077649 127.169197 -1.000000 -1.000000 0.467645
0 0 0.101030 0.089047 377.857697 -1.000000 -1.000000 0.524722
0 2 0.127082 0.146072 156.003006 -1.000000 -1.000000 0.446118
1 -2 0.253358 0.012435 128.923492 -1.000000 -1.000000 0.453212
-1 2 0.031765 0.132552 111.555901 -1.000000 -1.000000 0.461483
0 2 0.060792 0.067314 240.229904 -1.000000 -1.000000 0.497219
2 -2 0.100845 0.065088 266.160797 -1.000000 -1.000000 0.498986
0 2 0.019257 0.232991 131.449005 -1.000000 -1.000000 0.650517
0 1 0.042876 0.294971 244.473297 -1.000000 -1.000000 0.387234
0 2 0.134455 0.285475 282.266693 -1.000000 -1.000000 0.514494
2 0 0.137610 0.017807 85.028770 -1.000000 -1.000000 0.459325
0 2 0.137804 0.220799 151.084305 -1.000000 -1.000000 0.520118
0 2 0.014964 0.138135 101.813202 -1.000000 -1.000000 0.489286
2 2 0.180213 0.165320 349.366302 -1.000000 -1.000000 0.428984
4 1 0.020972 0.220081 175.208206 -1.000000 -1.000000 0.473013
0 3 0.051401 0.101535 92.993408 -1.000000 -1.000000 0.609754
-1 2 0.051720 0.239357 172.307404 -1.000000 -1.000000 0.459232
2 0 0.070526 0.035996 121.401398 -1.000000 -1.000000 0.099916
0 -2 0.074944 0.192526 124.128899 -1.000000 -1.000000 0.460451
-1 0 0.064021 0.020812 109.673302 -1.000000 -1.000000 0.324210
2 0 0.043751 0.082625 110.723801 -1.000000 -1.000000 0.585545
3 0 0.018506 0.236062 168.814804 -1.000000 -1.000000 0.021215
1 0 0.047165 0.054739 135.304001 -1.000000 -1.000000 0.142116
0 3 0.019401 0.057776 114.466797 -1.000000 -1.000000 0.141384
0 2 0.018856 0.292136 232.847000 -1.000000 -1.000000 0.433610
0 -4 0.070028 0.031741 150.938995 -1.000000 -1.000000 0.412067
2 0 0.298786 0.012662 288.409088 -1.000000 -1.000000 0.418481
-2 0 0.160105 0.061875 161.826599 -1.000000 -1.000000 0.504510
0 2 0.124002 0.082467 116.328796 -1.000000 -1.000000 0.461151
1 0 0.101366 0.094937 139.510101 -1.000000 -1.000000 0.435228
2 1 0.020406 0.142609 125.880096 -1.000000 -1.000000 0.375998
2 0 0.126442 0.062285 272.968414 -1.000000 -1.000000 0.474702
-2 -1 0.022784 0.056737 125.246803 -1.000000 -1.000000 0.503675
2 -2 0.077305 0.045030 112.648201 -1.000000 -1.000000 0.466715
1 1 0.053079 0.584875 294.791687 -1.000000 -1.000000 0.493772
2 0 0.107718 0.031370 158.820694 -1.000000 -1.000000 0.388775
0 2 0.033345 0.101021 136.348206 -1.000000 -1.000000 0.514381
0 2 0.007057 0.253544 140.970398 -1.000000 -1.000000 0.434567
-2 2 0.008192 0.297408 199.728195 -1.000000 -1.000000 0.550324
2 2 0.133111 0.028178 136.952393 -1.000000 -1.000000 0.218978
0 0 0.093910 0.027960 121.347603 -1.000000 -1.000000 0.430045
-2 1 0.015930 0.257613 215.185593 -1.000000 -1.000000 0.524678
0 4 0.124251 0.017929 109.162697 -1.000000 -1.000000 0.538943
-1 0 0.087446 0.018788 104.039200 -1.000000 -1.000000 0.493430
-4 -1 0.040083 0.047531 130.013107 -1.000000 -1.000000 0.480970
0 1 0.035450 0.098186 134.483002 -1.000000 -1.000000 0.418630
2 0 0.105149 0.099158 152.821396 -1.000000 -1.000000 0.658078
2 0 0.432793 0.076170 258.014709 -1.000000 -1.000000 0.230884
1 0 0.150661 0.018908 141.485901 -1.000000 -1.000000 0.451861
2 2 0.120506 0.150617 276.716614 -1.000000 -1.000000 0.431576
0 2 0.130138 0.089280 165.740997 -1.000000 -1.000000 0.428910
0 2 0.061070 0.323781 275.486786 -1.000000 -1.000000 0.537470
2 0 0.128183 0.016908 138.560699 -1.000000 -1.000000 0.514075
0 2 0.042284 0.048926 130.057907 -1.000000 -1.000000 0.329428
0 1 0.036650 0.061210 125.900597 -1.000000 -1.000000 0.772688
1 -4 0.056237 0.036642 126.021698 -1.000000 -1.000000 0.179998
0 1 0.073919 0.023665 127.155701 -1.000000 -1.000000 0.363798
-2 0 0.021420 0.111862 101.810600 -1.000000 -1.000000 0.500937
-1 1 0.123701 0.024756 96.647247 -1.000000 -1.000000 0.442943
0 0 0.109440 0.019963 111.745300 -1.000000 -1.000000 0.467573
1 2 0.233321 0.020707 112.437500 -1.000000 -1.000000 0.629001
2 0 0.188024 0.011582 104.064796 -1.000000 -1.000000 0.439739
0 -4 0.125011 0.007669 125.270599 -1.000000 -1.000000 0.474658
0 1 0.061290 0.056369 157.525406 -1.000000 -1.000000 0.221783
2 0 0.169502 0.026708 231.849106 -1.000000 -1.000000 0.443907
-2 2 0.026684 0.181672 104.706902 -1.000000 -1.000000 0.139905
1 0 0.123421 0.037023 109.619499 -1.000000 -1.000000 0.692587
0 0 0.020330 0.281327 337.711090 -1.000000 -1.000000 0.525038
2 0 0.136365 0.030591 155.571198 -1.000000 -1.000000 0.136388
2 0 0.089031 0.006667 101.946602 -1.000000 -1.000000 0.463783
3 0 0.043081 0.036476 113.313698 -1.000000 -1.000000 0.020680
0 2 0.026816 0.120395 97.708092 -1.000000 -1.000000 0.432863
0 4 0.120262 0.034217 108.790497 -1.000000 -1.000000 0.508947
0 1 0.088690 0.138253 289.601807 -1.000000 -1.000000 0.077554
2 0 0.146466 0.033802 130.706299 -1.000000 -1.000000 0.460978
-2 0 0.165972 0.007616 116.343697 -1.000000 -1.000000 0.406097
2 0 0.059503 0.024768 130.517197 -1.000000 -1.000000 0.408858
1 2 0.199553 0.098583 411.573090 -1.000000 -1.000000 0.229427
0 -2 0.015915 0.311752 233.275696 -1.000000 -1.000000 0.151358
1 0 0.439219 0.005456 166.975494 -1.000000 -1.000000 0.461375
0 -3 0.021703 0.103473 133.927704 -1.000000 -1.000000 0.464027
1 0 0.102218 0.008284 111.180901 -1.000000 -1.000000 0.090369
0 2 0.084536 0.027557 126.354401 -1.000000 -1.000000 0.331536
2 0 0.165399 0.024035 88.269287 -1.000000 -1.000000 0.054138
1 0 0.084087 0.088730 128.445999 -1.000000 -1.000000 0.462635
-4 1 0.024388 0.254011 188.107101 -1.000000 -1.000000 0.465543
2 0 0.176609 0.049242 203.304993 -1.000000 -1.000000 0.242824
-1 2 0.160407 0.088951 190.737900 -1.000000 -1.000000 0.222683
0 -2 0.049740 0.128609 197.128998 -1.000000 -1.000000 0.526050
0 2 0.025206 0.101108 119.701302 -1.000000 -1.000000 0.460711
2 0 0.280000 0.020722 188.287506 -1.000000 -1.000000 0.446073
-3 0 0.024847 0.019815 103.728699 -1.000000 -1.000000 0.427496
2 0 0.261799 0.018859 239.354294 -1.000000 -1.000000 0.466429
0 1 0.053183 0.081553 162.460495 -1.000000 -1.000000 0.021306
0 1 0.015637 0.155105 113.220596 -1.000000 -1.000000 0.520099
1 1 0.019538 0.060441 114.476898 -1.000000 -1.000000 0.500997
0 -4 0.012057 0.234374 121.413803 -1.000000 -1.000000 0.506536
0 0 0.015088 0.070576 98.277107 -1.000000 -1.000000 0.039149
2 0 0.219326 0.017674 168.186905 -1.000000 -1.000000 0.505727
0 2 0.032346 0.158749 164.886703 -1.000000 -1.000000 0.422549
1 0 0.059245 0.027345 120.025803 -1.000000 -1.000000 0.450297
0 2 0.038304 0.142032 197.484604 -1.000000 -1.000000 0.275177
0 2 0.020760 0.151291 95.813744 -1.000000 -1.000000 0.506130
1 0 0.071829 0.040761 145.825104 -1.000000 -1.000000 0.116122
1 0 0.132540 0.047505 181.248993 -1.000000 -1.000000 0.468570
0 2 0.019186 0.174510 164.803802 -1.000000 -1.000000 0.479947
2 -3 0.054635 0.047915 115.374199 -1.000000 -1.000000 0.436076
2 0 0.168446 0.028462 146.530701 -1.000000 -1.000000 0.038974
0 1 0.036511 0.058910 133.514008 -1.000000 -1.000000 0.455271
0 2 0.019594 0.088689 96.511520 -1.000000 -1.000000 0.276910
0 3 0.030662 0.106243 128.198196 -1.000000 -1.000000 0.120538
1 0 0.229506 0.017918 106.598503 -1.000000 -1.000000 0.575921
1 0 0.029952 0.113801 162.165604 -1.000000 -1.000000 0.498522
2 0 0.148265 0.009873 160.955505 -1.000000 -1.000000 0.492582
0 -1 0.077536 0.069638 193.136902 -1.000000 -1.000000 0.504908
1 -1 0.021045 0.006475 93.387306 -1.000000 -1.000000 0.025620
0 2 0.032593 0.220464 175.728699 -1.000000 -1.000000 0.504050
1 0 0.071572 0.018333 112.892303 -1.000000 -1.000000 0.362050
0 1 0.087717 0.084083 158.032303 -1.000000 -1.000000 0.203674
0 0 0.053208 0.193112 152.778793 -1.000000 -1.000000 0.480544
2 1 0.222607 0.185554 282.385986 -1.000000 -1.000000 0.505102
0 -2 0.021184 0.151565 98.347679 -1.000000 -1.000000 0.072155
-2 2 0.047559 0.326452 170.280594 -1.000000 -1.000000 0.451865
-2 2 0.053669 0.049307 107.663300 -1.000000 -1.000000 0.647034
1 -1 0.130758 0.024339 134.635803 -1.000000 -1.000000 0.040187
0 2 0.080077 0.052863 118.666199 -1.000000 -1.000000 0.492556
