-2 2 0.035467 0.062145 187.017670 6.448111 9.207227 0.000019
1 -1 0.282586 0.004459 129.085312 0.514584 175.012878 0.000024
-2 2 0.008501 0.357831 215.395172 67.614723 0.689892 0.000016
1 -1 0.070076 0.020150 150.690216 5.304586 17.790159 0.000016
-1 1 0.005995 0.181560 115.168808 111.209183 1.333576 0.000001
-2 2 0.009488 0.135490 137.280640 55.283432 3.913781 0.000018
-3 3 0.125032 0.010837 147.643448 0.336231 36.328110 0.000014
-2 2 0.028298 0.038597 132.519119 9.499308 15.268689 0.000002
2 -2 0.243354 0.083352 382.557770 1.560187 1.185645 0.000001
-1 1 0.006835 0.173232 115.956001 91.515465 1.447660 0.000003
2 -2 0.031129 0.040383 116.813446 19.248762 5.101289 0.000016
-2 2 0.003946 0.276751 132.623032 209.024261 1.324439 0.000017
-1 1 0.046763 0.085899 253.169739 4.567840 4.005896 0.000006
-2 2 0.006366 0.163711 128.375961 101.391441 3.090556 0.000027
2 -2 0.393718 0.004061 143.194000 0.548401 201.864853 0.000001
-2 2 0.028290 0.044979 111.315010 9.468563 12.945259 0.000018
2 -2 0.401941 0.002244 120.293068 0.526020 477.025360 0.000003
-2 2 0.041155 0.182596 263.692810 4.929243 2.559217 0.000024
-2 2 0.007393 0.169310 137.695038 81.177475 2.944177 0.000001
-2 2 0.019796 0.110478 156.044983 17.314180 4.948109 0.000017
-1 1 0.006208 0.324424 170.123611 109.159531 0.338449 0.000001
2 -2 0.143637 0.027493 248.250992 3.557730 10.091782 0.000002
-2 2 0.044373 0.147735 275.420227 4.287558 3.417085 0.000018
-2 2 0.003642 0.395815 139.450195 236.919678 0.541308 0.000018
1 -1 0.271354 0.008761 166.305176 0.555361 64.654419 0.000015
-3 3 0.038390 0.022337 112.461380 4.089735 10.662470 0.000017
2 -2 0.108394 0.008749 117.878899 5.092916 62.005768 0.000005
-2 2 0.006686 0.175532 135.473938 94.575539 2.804675 0.000017
1 -1 0.168117 0.026943 245.592468 1.451338 11.357753 0.000014
-2 2 0.018307 0.093885 145.258469 19.609550 5.938348 0.000001
2 -2 0.039214 0.055903 187.511795 15.067327 2.769329 0.000017
-2 2 0.013889 0.101239 146.652847 30.572765 5.465004 0.000011
2 -2 0.026314 0.082574 185.491867 23.447367 1.242428 0.000011
-3 3 0.045920 0.020668 124.062027 2.935189 12.255870 0.000003
-2 2 0.022631 0.070212 147.732742 13.859411 8.102092 0.000017
1 -1 0.010230 0.097419 113.117424 62.138432 1.216867 0.000016
-2 2 0.081087 0.047234 237.555161 1.281094 12.339943 0.000019
1 -1 0.180623 0.011871 179.958374 1.303838 40.746098 0.000020
2 -2 0.123282 0.020351 179.996063 4.340304 16.628998 0.000016
2 -2 0.117649 0.042639 282.909027 4.523677 4.616404 0.000016
-2 2 0.020689 0.062920 137.069183 16.039173 9.098877 0.000015
3 -3 0.054170 0.021813 137.237991 2.136831 11.235797 0.000027
-2 2 0.008242 0.099832 111.447906 67.622017 5.583859 0.000017
2 -2 0.217875 0.008745 137.140579 2.030348 62.748310 0.000024
1 -1 0.081249 0.016391 133.244598 4.390829 24.402319 0.000005
-1 1 0.012109 0.100702 134.751328 38.874214 3.290552 0.000017
