-2 2 0.012445 0.121047 99.745262 35.515182 4.517914 0.020570
2 -2 0.180835 0.010455 97.311714 2.740968 46.458870 0.013373
-2 2 0.042598 0.268828 373.782623 4.617400 1.287726 0.013300
1 -1 0.096016 0.013569 138.403534 3.509512 32.721367 0.016364
-2 2 0.021622 0.091872 186.274536 15.055659 6.051753 0.013694
-2 2 0.004595 0.140086 101.462463 161.821442 3.803015 0.017947
-1 1 0.004386 0.213979 96.120552 173.891983 0.993074 0.014188
-2 2 0.027068 0.163188 306.157227 10.399496 2.978561 0.017533
-2 2 0.297300 0.004138 134.227585 0.032282 234.045059 0.016306
-2 2 0.027024 0.091813 99.689720 10.200085 6.126000 0.017674
1 -1 0.112205 0.071092 178.513657 2.794471 2.193929 0.018380
-1 1 0.010933 0.077562 114.130806 44.985401 4.681899 0.004832
1 -1 0.062842 0.033849 133.336929 6.107838 7.792664 0.015187
1 -1 0.053012 0.014023 100.972382 7.577051 30.554554 0.016174
-1 1 0.020970 0.146355 181.109665 16.816481 1.865261 0.017117
-1 1 0.004355 0.173344 108.927948 178.150696 1.452383 0.016690
-2 2 0.003155 0.198555 97.021988 281.192017 2.398158 0.005977
1 -1 0.096200 0.011728 115.862274 3.521834 40.442368 0.001351
-1 1 0.033781 0.035633 104.930382 7.792394 12.383864 0.025059
-1 1 0.046604 0.017115 109.831963 4.617875 31.422327 0.017526
-2 2 0.005261 0.395289 86.110252 130.018402 0.579315 0.012947
-5 5 0.051794 0.077347 125.312988 0.915828 0.350938 0.018353
2 -2 0.134379 0.011115 92.025253 4.012300 42.113678 0.015419
-2 2 0.008835 0.095752 109.853355 60.750568 5.844821 0.016579
-1 1 0.007148 0.306765 177.161133 88.491882 0.397341 0.015323
1 -1 0.033359 0.070248 133.546143 13.482292 2.261628 0.016651
2 -2 0.072079 0.026676 126.842026 7.890975 10.489130 0.018087
-1 1 0.050389 0.146086 411.746765 3.992970 1.789158 0.016024
1 -1 0.003114 0.207703 101.455200 316.361145 0.178639 0.018745
-1 1 0.007812 0.093963 106.580711 74.280937 3.645538 0.001375
1 -1 0.003907 0.188809 108.241501 232.065704 0.240455 0.018110
4 -4 0.040911 0.048841 176.068680 2.552393 1.752465 0.016812
-1 1 0.019640 0.061006 99.958145 18.213663 6.363640 0.018071
1 -1 0.009733 0.085450 115.220795 66.513054 1.575697 0.018364
-2 2 0.020383 0.191086 230.323486 16.709641 2.410439 0.015690
-2 2 0.004985 0.279297 140.522690 147.993515 1.293406 0.018622
2 -2 0.033613 0.048457 114.757912 17.690311 3.656196 0.028514
-5 5 0.123756 0.009275 104.891609 0.095170 25.574463 0.014808
2 -2 0.105250 0.028202 140.999512 5.239089 9.566686 0.017480
-2 2 0.007001 0.119127 97.296669 85.700371 4.604487 0.015449
-2 2 0.031253 0.080241 103.023071 7.984492 7.063235 0.016448
-1 1 0.032153 0.090338 96.243904 8.420366 3.854225 0.018258
2 -2 0.169584 0.021684 165.719742 2.910271 14.932225 0.002652
2 -2 0.058388 0.011162 102.016068 9.843237 42.139973 0.013672
-2 2 0.057013 0.238990 128.970566 2.680881 1.746367 0.016856
1 -1 0.130506 0.025783 192.524292 2.225549 12.137715 0.019512
-2 2 0.064606 0.098915 111.366890 2.101758 5.640448 0.015183
-2 2 0.006720 0.102119 91.269646 90.609512 5.472194 0.003044
1 -1 0.030399 0.023211 93.877731 15.063227 14.026038 0.018694
-2 2 0.019632 0.177313 173.308655 17.613977 2.729452 0.018755
-1 1 0.016177 0.040929 90.539925 24.415916 10.420460 0.016598
2 -2 0.221078 0.010210 92.822784 2.038867 48.009914 0.020282
-2 2 0.004355 0.144321 91.116386 173.344299 3.684038 0.017457
2 -2 0.046857 0.014336 98.910080 12.384791 28.448889 0.000864
2 -2 0.021725 0.033981 99.921005 28.652719 6.905766 0.015468
-1 1 0.007622 0.138106 128.544022 78.268433 2.083203 0.018122
-1 1 0.018858 0.060482 128.386459 19.596521 6.413002 0.026774
2 -2 0.049007 0.028491 145.284760 11.840888 9.407491 0.017551
4 -4 0.146097 0.005710 114.394928 0.105584 84.124802 0.015355
-2 2 0.033375 0.023086 108.281219 7.132627 26.806372 0.016116
-2 2 0.003635 0.184347 97.141563 228.078293 2.668689 0.015769
-1 1 0.018373 0.226429 228.064850 20.851738 0.820230 0.018068
2 -2 0.211218 0.002556 89.436165 2.196299 379.062469 0.018100
1 -1 0.149673 0.014066 171.072479 1.804739 31.285940 0.027674
1 -1 0.157288 0.004827 109.357346 1.710089 152.826904 0.016759
-1 1 0.083973 0.008236 100.569939 1.638550 82.598709 0.025645
-2 2 0.004661 0.144161 93.130066 156.963013 3.685641 0.016237
-1 1 0.004737 0.205246 103.255623 156.231857 1.071036 0.018446
-1 1 0.037636 0.023227 118.034927 6.559773 21.251856 0.018041
1 -1 0.115116 0.025117 136.713654 2.724110 12.547593 0.017235
-1 1 0.002109 0.274581 91.044037 504.789612 0.575200 0.020717
3 -3 0.048374 0.190774 139.392136 2.661827 0.101106 0.023589
-2 2 0.024698 0.067322 121.932541 11.924091 8.479360 0.018111
2 -2 0.148983 0.057170 301.272491 3.367481 2.628121 0.013364
2 -2 0.182760 0.005740 125.025856 2.662566 118.334122 0.018762
-2 2 0.012968 0.350378 169.548355 34.337055 0.749925 0.013671
2 -2 0.064167 0.045739 97.865875 8.923829 4.070897 0.017784
1 -1 0.080897 0.023400 96.831108 4.452194 13.865856 0.001331
2 -2 0.104504 0.007135 105.325539 5.318086 83.840134 0.015093
-3 3 0.022463 0.029861 102.088272 10.498696 6.404258 0.014967
-2 2 0.007262 0.194979 128.090347 82.956963 2.421163 0.017607
-2 2 0.028303 0.040454 114.898720 9.467651 14.491054 0.002692
1 -1 0.047511 0.039358 156.988480 8.666689 6.104891 0.020572
1 -1 0.020809 0.038557 112.269478 24.432793 6.304019 0.014495
-1 1 0.044528 0.150769 247.535782 4.966790 1.745988 0.014924
3 -3 0.017628 0.162749 185.297256 16.450094 0.161341 0.018486
-1 1 0.123759 0.013293 161.168274 0.710178 44.594471 0.017901
-1 1 0.198431 0.098563 98.461647 0.208000 3.427349 0.017355
-1 1 0.017011 0.089315 98.038940 22.709269 3.910420 0.026979
-1 1 0.031600 0.137699 244.795837 8.774249 2.022723 0.016317
1 -1 0.539889 0.001222 99.568390 0.037399 1128.253174 0.001308
1 -1 0.015271 0.042753 101.533875 36.308319 5.324156 0.017950
-2 2 0.010526 0.138379 147.027145 47.284351 3.804526 0.018983
2 -2 0.247302 0.004216 103.600960 1.673212 184.501389 0.016572
1 -1 0.055308 0.023498 132.343399 7.172260 13.916878 0.011088
2 -2 0.009090 0.081742 103.317894 81.845932 1.296361 0.017838
1 -1 0.063714 0.011004 105.650658 6.022254 44.308144 0.016781
2 -2 0.062127 0.019624 88.519676 9.230418 17.170948 0.001133
-2 2 0.049216 0.053397 151.960587 3.544309 10.815678 0.015548
-1 1 0.060017 0.091312 237.445206 2.960387 3.692919 0.018356
-2 2 0.007551 0.431568 213.350021 81.167542 0.384023 0.016294
2 -2 0.189473 0.008330 156.601547 2.495482 68.263832 0.015151
-1 1 0.082887 0.007784 100.517097 1.679641 89.135185 0.016759
-2 2 0.016168 0.252500 222.669357 24.404310 1.515693 0.017486
2 -2 0.041670 0.013659 92.542732 14.004406 30.585817 0.013251
-1 1 0.310989 0.003080 113.376770 0.033298 325.278351 0.007898
3 -3 0.010734 0.102017 106.690643 35.826862 0.558954 0.022014
-3 3 0.091379 0.039696 113.026588 0.717752 3.844799 0.016612
-2 2 0.011793 0.253439 216.970566 40.417831 1.508175 0.018385
2 -2 0.098436 0.034521 209.307861 5.593767 6.768981 0.015322
-2 2 0.033685 0.057708 173.281570 7.057224 9.961148 0.016523
-1 1 0.023770 0.036535 100.621346 13.549990 12.001232 0.001749
1 -1 0.146616 0.008047 121.832260 1.902683 71.826149 0.018119
1 -1 0.015791 0.045288 105.963684 34.830441 4.843909 0.014683
-2 2 0.003623 0.310911 95.597458 228.814774 1.068253 0.014541
1 -1 0.175753 0.007237 93.493942 1.433617 82.368675 0.018054
2 -2 0.098360 0.008239 106.462013 5.680585 67.412094 0.017683
-3 3 0.023764 0.075936 134.390457 9.678834 1.071982 0.015427
-1 1 0.023322 0.138631 158.145981 14.155588 2.047881 0.017146
-2 2 0.003702 0.169475 95.558777 221.604050 2.996308 0.001237
2 -2 0.005848 0.157845 120.001900 146.131241 0.262661 0.007715
1 -1 0.017300 0.035682 98.769264 30.845140 7.134051 0.008164
-1 1 0.070106 0.093078 90.502693 2.295074 3.711932 0.018316
-4 4 0.052844 0.033291 137.415207 1.461591 3.827190 0.025124
-2 2 0.017205 0.098039 163.683945 21.802254 5.648909 0.016307
-2 2 0.101040 0.015435 106.691475 0.809773 42.797089 0.009331
-2 2 0.015374 0.157196 192.590256 26.307579 3.199281 0.015648
-1 1 0.009819 0.124129 94.847664 52.182369 2.483978 0.015717
-2 2 0.044971 0.084116 109.972557 4.199046 6.714307 0.015938
2 -2 0.100088 0.011524 112.832855 5.566800 40.355640 0.013371
1 -1 0.128104 0.010079 104.420578 2.359955 50.535255 0.017492
-1 1 0.074371 0.016305 129.757858 2.038638 33.701187 0.013216
1 -1 0.005593 0.116724 92.861557 139.176758 0.840474 0.017765
-2 2 0.003650 0.387055 119.509781 232.197357 0.590967 0.022365
-5 5 0.022342 0.070342 154.913269 5.461713 0.455046 0.007832
2 -2 0.023089 0.036376 101.663147 26.748655 6.136181 0.017978
3 -3 0.002862 0.298435 100.644798 277.789032 0.018878 0.015581
-2 2 0.081635 0.120010 349.233734 1.245361 4.390099 0.012930
2 -2 0.155156 0.014866 179.958710 3.264543 27.682724 0.016256
1 -1 0.008112 0.107629 117.402786 85.276909 0.987345 0.000806
1 -1 0.042239 0.084802 235.354660 10.045485 1.553089 0.016979
2 -2 0.074819 0.009073 93.920532 7.607697 57.587090 0.016689
-2 2 0.005981 0.112500 102.178543 109.078506 4.904282 0.017864
-3 3 0.041162 0.020044 100.992851 3.583952 12.738611 0.013235
2 -2 0.100111 0.176565 127.201416 5.550624 0.190455 0.015053
1 -1 0.243612 0.026852 311.053223 0.678469 11.463571 0.010781
-4 4 0.045141 0.037844 96.614876 2.012674 2.893281 0.016452
2 -2 0.186919 0.013444 100.835342 2.611227 31.517912 0.025130
2 -2 0.022468 0.036041 112.541344 27.680805 6.242800 0.018378
2 -2 0.017488 0.036518 100.197517 36.829063 6.093561 0.016438
1 -1 0.273912 0.005699 109.950165 0.566776 119.481155 0.000810
2 -2 0.049149 0.041478 108.925537 11.787047 4.860878 0.016348
-1 1 0.040735 0.015553 100.615631 5.760153 35.438156 0.017405
-2 2 0.025546 0.129717 184.071930 11.384534 4.081571 0.016952
1 -1 0.007976 0.119824 122.702492 87.526306 0.778554 0.007925
-1 1 0.051502 0.043466 132.617722 3.899673 9.688639 0.014513
1 -1 0.168974 0.008105 116.700813 1.510402 70.815620 0.013583
4 -4 0.017504 0.128099 189.373474 13.228871 0.156703 0.015927
1 -1 0.019022 0.091637 165.976562 27.785664 1.351470 0.016475
-2 2 0.141472 0.101073 154.134369 0.346590 5.468756 0.009666
4 -4 0.039097 0.046337 120.626907 2.746127 1.928115 0.018096
2 -2 0.032197 0.034851 133.271469 18.595304 6.631788 0.011323
-2 2 0.084673 0.120958 102.466934 1.202292 4.517853 0.017501
2 -2 0.047980 0.017912 100.660553 12.082140 19.995903 0.007854
1 -1 0.139467 0.029930 100.422142 2.080075 9.440539 0.018110
-2 2 0.008453 0.066887 95.006271 64.237755 8.547793 0.017311
1 -1 0.072766 0.008439 98.094971 5.098603 65.738716 0.014990
-1 1 0.074942 0.040729 182.504791 1.987351 10.515333 0.017941
1 -1 0.151117 0.007092 134.462463 1.802208 87.636314 0.016176
-1 1 0.005855 0.339596 177.754837 119.704964 0.291677 0.024621
-1 1 0.015552 0.300938 115.641159 26.264593 0.440582 0.018531
-1 1 0.057787 0.109926 208.145264 3.173689 2.860331 0.011750
-1 1 0.087232 0.123496 131.799973 1.505155 2.463146 0.003634
1 -1 0.083945 0.011070 97.230515 4.243214 43.657894 0.011752
-2 2 0.044486 0.081458 208.302521 4.274408 6.886173 0.016710
-3 3 0.047769 0.018716 94.337326 2.707852 14.222073 0.016645
2 -2 0.026443 0.066047 90.966148 22.900177 2.019785 0.006090
-3 3 0.029619 0.028394 114.693794 6.531106 7.034971 0.011520
2 -2 0.049649 0.024624 127.321587 11.672250 11.998256 0.025133
1 -1 0.023025 0.052497 138.910934 21.585268 3.772928 0.016736
-1 1 0.002007 0.418633 104.435936 553.210632 0.145205 0.017679
1 -1 0.074232 0.018716 146.824600 4.927191 19.935419 0.023103
-2 2 0.048413 0.022828 104.388657 3.664283 27.118393 0.017027
-2 2 0.055204 0.037554 101.579742 2.862275 15.666289 0.018324
-2 2 0.137975 0.072709 419.240753 0.347412 7.723483 0.027084
-2 2 0.009827 0.190335 98.199196 51.117279 2.548599 0.015771
-1 1 0.017140 0.035126 96.773964 22.433643 12.592864 0.012621
2 -2 0.077884 0.060177 251.023865 7.210380 2.381881 0.001162
1 -1 0.167871 0.011085 126.783821 1.518906 44.358494 0.016308
4 -4 0.028895 0.054408 157.330276 5.100286 1.377667 0.009636
-2 2 0.029929 0.022038 102.914993 8.594254 28.215454 0.015700
2 -2 0.032742 0.034516 106.898956 18.178719 6.727164 0.015285
1 -1 0.027922 0.066055 147.038559 16.899155 2.520978 0.002107
-4 4 0.017371 0.082160 140.406830 13.071144 0.522285 0.002632
2 -2 0.033755 0.082107 184.743042 17.747133 1.257975 0.017535
1 -1 0.010858 0.075736 100.069649 56.957928 1.988097 0.013156
1 -1 0.041516 0.043767 127.411346 10.256042 5.124000 0.014023
2 -2 0.279224 0.024515 267.943634 1.223345 12.299009 0.017817
-3 3 0.220499 0.039550 322.079773 0.057342 3.958086 0.017007
-1 1 0.045920 0.115790 209.158936 4.718877 2.651834 0.001160
2 -2 0.173111 0.005905 122.518867 2.873976 113.140572 0.018104
1 -1 0.153764 0.139741 107.555435 1.776229 0.547688 0.002606
-1 1 0.005204 0.155194 110.765312 136.914871 1.746537 0.020575
-2 2 0.013766 0.368982 281.576080 31.971577 0.614199 0.001173
-1 1 0.071463 0.009225 97.292442 2.212730 70.687798 0.017721
-2 2 0.019160 0.081937 161.440704 18.282656 6.867536 0.014775
-1 1 0.013614 0.133351 109.779274 32.130878 2.216555 0.007710
-2 2 0.064877 0.026536 111.026405 2.084308 22.937641 0.016678
1 -1 0.029193 0.099237 156.051086 15.989037 1.152394 0.020721
2 -2 0.026815 0.105843 197.009262 22.978184 0.705455 0.027334
-2 2 0.091577 0.102387 242.266403 0.977174 5.334052 0.018510
-3 3 0.031511 0.052398 128.566986 5.878945 2.279275 0.016593
-2 2 0.033197 0.245245 291.429810 7.270113 1.568305 0.018830
1 -1 0.108882 0.017900 111.740761 2.973788 21.119532 0.017597
-1 1 0.007519 0.402887 209.462799 82.892609 0.153269 0.015491
-2 2 0.045751 0.190214 148.189133 4.063903 2.489232 0.009521
2 -2 0.044210 0.055321 187.000305 13.237460 2.826658 0.015938
-1 1 0.090649 0.062517 169.548752 1.379752 6.126832 0.024289
2 -2 0.023684 0.066910 118.646141 26.114750 1.955948 0.023535
-2 2 0.014690 0.105977 97.578316 27.349928 5.246652 0.017624
2 -2 0.054719 0.028454 156.010757 10.538944 9.441031 0.009666
-2 2 0.013420 0.060772 110.644577 31.782148 9.441218 0.019738
1 -1 0.175374 0.012165 135.156616 1.401896 38.606339 0.018357
1 -1 0.014800 0.081661 94.727585 37.695297 1.731548 0.013172
-2 2 0.002096 0.398570 115.129913 524.678894 0.543201 0.016431
-2 2 0.007581 0.160639 128.028961 77.666481 3.169002 0.017388
-1 1 0.029311 0.032585 100.089096 9.755806 13.829160 0.017659
-1 1 0.035479 0.027581 116.484016 7.213552 17.085855 0.016106
2 -2 0.095101 0.006615 96.445366 5.903080 93.269615 0.015532
-1 1 0.070798 0.024562 157.913315 2.218777 19.936625 0.013707
2 -2 0.026951 0.057169 101.805962 22.490477 2.675943 0.024194
1 -1 0.254990 0.073702 270.033203 0.617043 2.024787 0.009681
1 -1 0.109208 0.018536 123.157761 2.949493 20.091352 0.001002
-2 2 0.003471 0.193852 100.796112 245.458832 2.478052 0.005754
1 -1 0.140389 0.034874 138.287155 2.022645 7.429639 0.020368
-1 1 0.008041 0.180662 107.543320 71.193283 1.352159 0.027418
-3 3 0.033578 0.032947 94.991501 5.179774 5.358966 0.014700
1 -1 0.096248 0.155423 444.897278 3.363291 0.371743 0.018605
-2 2 0.018612 0.145153 102.319237 18.813009 3.640405 0.016119
2 -2 0.115370 0.020133 117.274803 4.748434 16.670059 0.015867
1 -1 0.076079 0.007662 93.068687 4.822183 75.589409 0.017555
2 -2 0.036887 0.055825 126.988289 16.025120 2.793146 0.001411
-3 3 0.012770 0.145987 172.707901 28.092009 0.220929 0.001271
-2 2 0.005690 0.343606 122.805054 119.716667 0.818117 0.020745
-1 1 0.051262 0.033990 103.972580 3.939539 13.128260 0.016397
2 -2 0.358531 0.001956 96.106758 0.753552 565.956360 0.016226
-1 1 0.046158 0.043792 168.252182 4.683870 9.600248 0.024594
2 -2 0.551144 0.009186 290.817047 0.124239 60.953133 0.019232
1 -1 0.041794 0.019347 112.829765 10.166937 18.735399 0.018018
2 -2 0.047154 0.014776 101.754189 12.305805 27.163799 0.014431
1 -1 0.002948 0.222890 98.350922 340.252838 0.140739 0.017842
1 -1 0.051852 0.010175 91.440506 7.790468 49.328087 0.013678
-2 2 0.220985 0.007594 118.148720 0.096035 103.876671 0.018398
2 -2 0.070780 0.031049 164.637878 8.026217 8.135471 0.022226
-5 5 0.108409 0.014203 119.827148 0.141688 12.284346 0.013777
-2 2 0.006037 0.254570 107.861343 108.130486 1.582727 0.021908
1 -1 0.088912 0.014316 142.542053 3.889343 30.162991 0.018693
-1 1 0.010955 0.079651 91.491875 44.156631 4.548640 0.014514
-2 2 0.029103 0.033201 124.113808 9.046268 17.955259 0.015626
1 -1 0.153294 0.045294 211.539520 1.714025 4.830084 0.018128
-2 2 0.025721 0.037608 96.435631 11.072368 15.629214 0.001917
-2 2 0.029015 0.139741 145.897263 9.121002 3.760155 0.003580
-2 2 0.028755 0.027848 98.620811 9.186200 21.669054 0.001870
-2 2 0.041868 0.236485 208.174042 4.779364 1.716412 0.002226
1 -1 0.027177 0.026943 96.566353 17.333456 11.126508 0.014954
-2 2 0.013309 0.176778 116.927383 32.298351 2.799532 0.018480
-2 2 0.029398 0.033870 117.636208 8.883285 17.552252 0.011668
2 -2 0.264603 0.002282 92.904404 1.492183 449.687988 0.007941
-3 3 0.140824 0.030362 141.867477 0.246532 6.306286 0.006275
2 -2 0.065080 0.074531 118.387596 8.786848 1.567994 0.019005
-1 1 0.010583 0.140294 105.168938 46.979748 2.055861 0.017548
-1 1 0.013710 0.077547 116.751793 31.903185 4.680621 0.014710
1 -1 0.181779 0.022927 250.335815 1.259843 14.716960 0.015273
1 -1 0.191675 0.005783 125.673027 1.200307 118.335312 0.027602
1 -1 0.284447 0.002721 110.995155 0.514500 357.219879 0.017975
1 -1 0.060691 0.032500 177.602295 6.358193 8.351213 0.012904
-2 2 0.139860 0.006504 112.658508 0.364837 126.533569 0.016976
2 -2 0.361065 0.017928 96.987434 0.738637 19.932335 0.017166
1 -1 0.018212 0.070784 141.533783 29.251602 2.226764 0.001369
1 -1 0.020147 0.037879 110.081718 25.448687 6.488093 0.017012
-2 2 0.028038 0.147576 220.933151 9.739091 3.452904 0.025651
2 -2 0.258147 0.035457 183.465698 1.476019 6.450540 0.018121
2 -2 0.236557 0.004290 122.607941 1.784520 183.066910 0.003607
3 -3 0.108321 0.035549 238.157166 0.471373 4.807408 0.002539
1 -1 0.137375 0.011762 101.689568 2.127396 39.922421 0.004923
-1 1 0.005158 0.161816 112.584694 138.940613 1.628740 0.015951
2 -2 0.016673 0.107877 168.186813 39.795265 0.679715 0.017570
-2 2 0.057058 0.184714 440.386169 2.619413 2.449011 0.022059
1 -1 0.095652 0.018884 97.406555 3.570317 19.323250 0.005604
2 -2 0.063405 0.008142 89.956558 9.037304 67.664421 0.000696
-1 1 0.079114 0.016348 108.764732 1.828083 33.335464 0.027019
-2 2 0.007926 0.175083 123.825958 72.362587 2.828156 0.016763
-3 3 0.116208 0.006406 108.430153 0.409340 81.387436 0.000859
-1 1 0.070003 0.017504 95.464272 2.297681 30.331854 0.000703
5 -5 0.033721 0.052500 145.237137 2.367059 0.904497 0.000656
2 -2 0.344923 0.011578 105.083672 0.824763 39.875477 0.017481
1 -1 0.026781 0.030598 113.026276 17.721836 9.139393 0.014952
-1 1 0.029413 0.064314 135.143311 9.763312 5.929547 0.021507
2 -2 0.177204 0.020619 134.357895 2.769267 16.117157 0.018516
-1 1 0.010645 0.189640 169.597321 48.049686 1.197212 0.016213
-2 2 0.119079 0.006446 96.214432 0.552484 126.354782 0.015828
2 -2 0.187917 0.017297 114.433502 2.572192 21.282738 0.026701
-1 1 0.059830 0.021153 100.772552 3.027090 23.839619 0.000697
1 -1 0.025706 0.062867 153.004669 18.798382 2.752099 0.017004
-1 1 0.010043 0.068072 104.001472 50.789631 5.541717 0.000770
1 -1 0.070291 0.033418 182.735687 5.263781 7.983553 0.016195
-2 2 0.063243 0.064485 211.818481 2.163347 8.845587 0.017247
2 -2 0.031315 0.016411 90.561020 19.017647 22.875595 0.016908
-3 3 0.047092 0.017204 112.086830 2.792013 16.594501 0.020571
-5 5 0.068693 0.137459 307.628906 0.511312 0.073684 0.010745
-5 5 0.008688 0.173078 120.312881 29.506252 0.032537 0.026591
-1 1 0.112050 0.007675 115.927963 0.906122 91.856476 0.015723
2 -2 0.097358 0.013998 96.883461 5.755286 29.508121 0.025912
-2 2 0.012028 0.061023 107.028511 37.618484 9.401236 0.006269
-1 1 0.016420 0.057196 122.016037 24.234056 6.881953 0.015877
-2 2 0.020631 0.034940 105.135124 15.955448 16.937243 0.016460
2 -2 0.242645 0.003422 97.988098 1.737988 249.906372 0.015705
-2 2 0.010706 0.212959 88.142883 44.478073 2.170792 0.018797
-1 1 0.103364 0.156466 98.964539 1.085227 1.735788 0.018505
2 -2 0.166357 0.016702 152.204559 2.999887 22.803558 0.018398
1 -1 0.016455 0.042520 96.146675 32.872948 5.371190 0.016061
1 -1 0.002791 0.301160 113.852844 373.952606 0.039145 0.004765
