-2 0 0.019568 0.110113 141.000397 -1.000000 -1.000000 0.009679
0 -2 0.140112 0.074964 122.632103 -1.000000 -1.000000 0.009645
1 -1 0.215302 0.048405 172.805405 -1.000000 -1.000000 0.002176
1 2 0.007997 0.434451 151.011002 -1.000000 -1.000000 0.012124
0 0 0.096107 0.076827 136.059601 -1.000000 -1.000000 0.000420
0 -5 0.080404 0.016456 119.390297 -1.000000 -1.000000 0.009459
0 1 0.312100 0.089288 198.084900 -1.000000 -1.000000 0.012196
2 0 0.363944 0.026319 138.447403 -1.000000 -1.000000 0.012004
1 0 0.157235 0.054143 157.002396 -1.000000 -1.000000 0.015689
0 1 0.075319 0.224278 98.138046 -1.000000 -1.000000 0.010518
2 1 0.239173 0.045216 130.603500 -1.000000 -1.000000 0.010732
-2 0 0.170510 0.079129 383.234802 -1.000000 -1.000000 0.009833
-2 2 0.096922 0.149438 196.664902 -1.000000 -1.000000 0.000422
-2 -1 0.066854 0.135067 196.034805 -1.000000 -1.000000 0.000394
-5 1 0.147974 0.077673 221.358994 -1.000000 -1.000000 0.010358
0 1 0.109562 0.146130 111.331398 -1.000000 -1.000000 0.000820
0 3 0.018632 0.247296 205.566299 -1.000000 -1.000000 0.008809
2 0 0.552699 0.017595 352.064209 -1.000000 -1.000000 0.009703
2 0 0.177372 0.014414 98.190979 -1.000000 -1.000000 0.003564
2 1 0.042070 0.193584 242.587601 -1.000000 -1.000000 0.001109
1 0 0.150143 0.134784 116.286499 -1.000000 -1.000000 0.009911
2 0 0.315440 0.011002 99.272682 -1.000000 -1.000000 0.006374
0 2 0.093495 0.148513 181.049301 -1.000000 -1.000000 0.013885
-2 2 0.008546 0.074022 95.921944 -1.000000 -1.000000 0.009571
0 -1 0.020412 0.110539 110.973099 -1.000000 -1.000000 0.010334
2 -2 0.257492 0.012517 204.013596 -1.000000 -1.000000 0.013223
2 -2 0.216451 0.066607 208.448105 -1.000000 -1.000000 0.012259
2 -2 0.129291 0.102700 170.257599 -1.000000 -1.000000 0.008800
0 1 0.005286 0.243142 130.212006 -1.000000 -1.000000 0.009407
-1 0 0.045679 0.123106 129.955902 -1.000000 -1.000000 0.009224
-2 2 0.032444 0.218729 170.868500 -1.000000 -1.000000 0.008473
0 -3 0.020995 0.193523 111.246300 -1.000000 -1.000000 0.000585
0 3 0.126694 0.159898 228.910904 -1.000000 -1.000000 0.010504
2 0 0.194555 0.048602 174.329697 -1.000000 -1.000000 0.009939
0 -1 0.065310 0.047608 98.117760 -1.000000 -1.000000 0.004609
0 -1 0.016255 0.321972 158.319504 -1.000000 -1.000000 0.000801
0 2 0.013019 0.150848 108.938103 -1.000000 -1.000000 0.009414
-1 1 0.013946 0.097102 98.144623 -1.000000 -1.000000 0.002683
0 1 0.042495 0.063624 104.034401 -1.000000 -1.000000 0.003808
2 -2 0.166354 0.062710 111.890900 -1.000000 -1.000000 0.009410
-1 0 0.072585 0.042333 122.531197 -1.000000 -1.000000 0.014077
0 0 0.098839 0.053271 181.844299 -1.000000 -1.000000 0.008698
-2 2 0.010499 0.270791 96.560623 -1.000000 -1.000000 0.015054
2 0 0.383854 0.018258 292.876007 -1.000000 -1.000000 0.003695
-2 2 0.090075 0.049461 139.413803 -1.000000 -1.000000 0.009531
0 1 0.043415 0.175889 164.404999 -1.000000 -1.000000 0.010226
2 2 0.106654 0.043348 127.679100 -1.000000 -1.000000 0.010624
2 0 0.301949 0.059540 170.384903 -1.000000 -1.000000 0.009902
0 1 0.076850 0.217528 292.949707 -1.000000 -1.000000 0.003769
0 1 0.023108 0.217681 167.280807 -1.000000 -1.000000 0.010471
2 -3 0.031748 0.217816 165.048096 -1.000000 -1.000000 0.010688
1 -1 0.108757 0.036636 99.087372 -1.000000 -1.000000 0.008773
2 0 0.114067 0.027330 103.436302 -1.000000 -1.000000 0.008681
1 -1 0.150119 0.019670 154.118195 -1.000000 -1.000000 0.010846
0 2 0.014411 0.407123 205.208603 -1.000000 -1.000000 0.008319
0 0 0.089715 0.117487 198.903595 -1.000000 -1.000000 0.010314
1 2 0.093669 0.130099 192.169495 -1.000000 -1.000000 0.000409
2 1 0.223872 0.094070 118.202103 -1.000000 -1.000000 0.010599
2 -2 0.030314 0.029565 120.611298 -1.000000 -1.000000 0.007739
0 2 0.115976 0.147648 227.112198 -1.000000 -1.000000 0.006003
-1 1 0.067996 0.045909 93.565598 -1.000000 -1.000000 0.009055
2 -2 0.190367 0.059679 283.039307 -1.000000 -1.000000 0.009553
1 1 0.186861 0.193630 234.510696 -1.000000 -1.000000 0.011980
0 1 0.017449 0.197864 116.083603 -1.000000 -1.000000 0.008876
-3 2 0.034097 0.177997 165.895294 -1.000000 -1.000000 0.008480
0 1 0.200958 0.018986 105.465599 -1.000000 -1.000000 0.009549
0 -2 0.129776 0.170481 289.557587 -1.000000 -1.000000 0.010486
1 0 0.056761 0.081351 151.202805 -1.000000 -1.000000 0.010349
4 0 0.024683 0.218214 159.757401 -1.000000 -1.000000 0.010758
2 0 0.486254 0.026895 166.373505 -1.000000 -1.000000 0.006739
0 0 0.142115 0.026495 124.816101 -1.000000 -1.000000 0.010253
-1 1 0.143614 0.142667 378.802185 -1.000000 -1.000000 0.009093
2 0 0.448573 0.041492 236.364502 -1.000000 -1.000000 0.009286
2 0 0.087633 0.063784 161.407501 -1.000000 -1.000000 0.010394
1 -1 0.104684 0.018942 119.583702 -1.000000 -1.000000 0.009205
0 2 0.078024 0.061010 160.137695 -1.000000 -1.000000 0.001565
1 -1 0.156601 0.026013 155.779907 -1.000000 -1.000000 0.007571
0 2 0.104926 0.105904 205.484604 -1.000000 -1.000000 0.006630
0 2 0.048190 0.197571 234.657394 -1.000000 -1.000000 0.010448
-2 2 0.017324 0.094691 120.047203 -1.000000 -1.000000 0.015765
1 -1 0.037385 0.046206 99.068398 -1.000000 -1.000000 0.010149
-1 1 0.032967 0.064056 114.057701 -1.000000 -1.000000 0.016237
1 3 0.013615 0.160404 131.120193 -1.000000 -1.000000 0.009401
1 -1 0.034388 0.083162 156.224594 -1.000000 -1.000000 0.001020
0 1 0.040598 0.213385 182.538101 -1.000000 -1.000000 0.008737
2 0 0.096214 0.130929 133.984406 -1.000000 -1.000000 0.008344
2 0 0.159715 0.115072 208.921799 -1.000000 -1.000000 0.010725
0 5 0.089644 0.079202 213.310806 -1.000000 -1.000000 0.010571
-2 2 0.132520 0.165205 186.410904 -1.000000 -1.000000 0.009289
0 1 0.090741 0.075318 121.152702 -1.000000 -1.000000 0.009437
0 1 0.017310 0.089224 116.514801 -1.000000 -1.000000 0.009627
0 -2 0.265630 0.011257 150.417099 -1.000000 -1.000000 0.008538
0 1 0.032423 0.068660 98.105331 -1.000000 -1.000000 0.009054
-1 0 0.076683 0.064556 158.570099 -1.000000 -1.000000 0.009840
2 -2 0.144811 0.050099 255.596405 -1.000000 -1.000000 0.008592
1 0 0.245220 0.042283 260.026306 -1.000000 -1.000000 0.010061
-1 1 0.026673 0.118006 98.456078 -1.000000 -1.000000 0.009551
2 -2 0.213357 0.058961 170.153198 -1.000000 -1.000000 0.001089
0 2 0.064014 0.345109 152.007202 -1.000000 -1.000000 0.010477
0 -1 0.264462 0.104593 179.979797 -1.000000 -1.000000 0.010393
-5 -1 0.063433 0.130685 138.925293 -1.000000 -1.000000 0.009031
4 0 0.101548 0.133724 161.517303 -1.000000 -1.000000 0.009098
2 -2 0.273698 0.117010 192.070404 -1.000000 -1.000000 0.005676
-1 1 0.061114 0.105990 95.411552 -1.000000 -1.000000 0.009341
0 -1 0.110596 0.072115 281.466003 -1.000000 -1.000000 0.005222
0 2 0.087497 0.034997 95.352058 -1.000000 -1.000000 0.010116
2 0 0.286751 0.054781 205.129700 -1.000000 -1.000000 0.009421
0 2 0.023853 0.247484 182.123093 -1.000000 -1.000000 0.010435
0 -2 0.235344 0.033793 200.196701 -1.000000 -1.000000 0.010812
-1 1 0.052029 0.184509 171.697205 -1.000000 -1.000000 0.003656
-3 0 0.146866 0.042812 130.872803 -1.000000 -1.000000 0.003296
1 2 0.056519 0.124441 183.207001 -1.000000 -1.000000 0.006566
-5 0 0.083810 0.012696 102.861900 -1.000000 -1.000000 0.004675
0 2 0.090325 0.037930 111.497803 -1.000000 -1.000000 0.009756
2 0 0.484263 0.022344 299.670288 -1.000000 -1.000000 0.005907
2 0 0.076002 0.067132 174.063004 -1.000000 -1.000000 0.012043
2 1 0.293526 0.123113 149.577103 -1.000000 -1.000000 0.010396
-1 0 0.081387 0.092319 95.935364 -1.000000 -1.000000 0.009459
3 0 0.076151 0.093357 233.224792 -1.000000 -1.000000 0.011744
0 2 0.011449 0.240841 148.034500 -1.000000 -1.000000 0.009695
0 2 0.077188 0.275125 268.715515 -1.000000 -1.000000 0.010504
-2 0 0.308293 0.062915 296.266296 -1.000000 -1.000000 0.008613
-1 1 0.056915 0.069587 134.176697 -1.000000 -1.000000 0.001115
-1 1 0.020975 0.179512 151.672394 -1.000000 -1.000000 0.009160
0 1 0.021375 0.212526 114.138603 -1.000000 -1.000000 0.008491
2 0 0.039943 0.170229 184.530304 -1.000000 -1.000000 0.010708
-1 1 0.099371 0.429722 487.799103 -1.000000 -1.000000 0.007699
-3 0 0.183887 0.015947 132.689301 -1.000000 -1.000000 0.010456
2 0 0.347942 0.198166 218.436401 -1.000000 -1.000000 0.010837
1 1 0.095661 0.123062 185.530502 -1.000000 -1.000000 0.002412
2 -2 0.266891 0.022400 172.005203 -1.000000 -1.000000 0.009552
2 -2 0.029730 0.339646 354.532104 -1.000000 -1.000000 0.010051
1 -1 0.047983 0.127192 104.326897 -1.000000 -1.000000 0.004563
0 1 0.042592 0.224147 179.880997 -1.000000 -1.000000 0.011275
0 0 0.032110 0.128754 176.621094 -1.000000 -1.000000 0.010857
0 -2 0.296307 0.045352 303.726501 -1.000000 -1.000000 0.010438
1 -3 0.215307 0.060094 165.558701 -1.000000 -1.000000 0.008547
-2 2 0.056406 0.201136 299.179199 -1.000000 -1.000000 0.010049
2 -2 0.111592 0.017094 127.817001 -1.000000 -1.000000 0.010690
2 -1 0.072059 0.082547 107.056503 -1.000000 -1.000000 0.010443
-2 2 0.025217 0.136785 162.495407 -1.000000 -1.000000 0.010718
1 -1 0.186285 0.013606 180.382202 -1.000000 -1.000000 0.009836
1 0 0.154959 0.058517 107.736504 -1.000000 -1.000000 0.009364
-3 0 0.123701 0.107399 190.818207 -1.000000 -1.000000 0.009096
-1 2 0.035929 0.162014 95.981323 -1.000000 -1.000000 0.014289
-3 1 0.032192 0.147241 90.771767 -1.000000 -1.000000 0.009182
0 2 0.039982 0.250636 203.930801 -1.000000 -1.000000 0.005489
-4 4 0.161378 0.008725 158.440506 -1.000000 -1.000000 0.013875
0 1 0.099082 0.105195 205.072205 -1.000000 -1.000000 0.011928
0 2 0.015897 0.157623 92.945618 -1.000000 -1.000000 0.008533
0 2 0.039488 0.206687 151.857803 -1.000000 -1.000000 0.010229
2 1 0.048538 0.112737 175.100998 -1.000000 -1.000000 0.008799
2 1 0.134621 0.075191 173.233002 -1.000000 -1.000000 0.010420
-1 0 0.095664 0.051113 155.698502 -1.000000 -1.000000 0.011572
0 1 0.059165 0.060276 111.149803 -1.000000 -1.000000 0.004774
0 2 0.010754 0.324335 189.148499 -1.000000 -1.000000 0.012492
1 0 0.198759 0.028916 109.065498 -1.000000 -1.000000 0.009891
-1 1 0.077134 0.136210 185.487503 -1.000000 -1.000000 0.010843
-2 2 0.036180 0.156814 193.701401 -1.000000 -1.000000 0.008643
2 0 0.240079 0.027937 164.893097 -1.000000 -1.000000 0.009614
1 0 0.211657 0.032422 94.022720 -1.000000 -1.000000 0.010015
0 1 0.009295 0.314524 140.154907 -1.000000 -1.000000 0.008400
-2 2 0.092662 0.132715 250.183197 -1.000000 -1.000000 0.009746
-2 0 0.130533 0.034687 112.884499 -1.000000 -1.000000 0.009881
0 2 0.017203 0.587547 229.102997 -1.000000 -1.000000 0.008728
0 3 0.053037 0.422802 381.030212 -1.000000 -1.000000 0.014424
0 2 0.082919 0.410601 232.297501 -1.000000 -1.000000 0.010709
-2 2 0.069389 0.138792 178.915604 -1.000000 -1.000000 0.016328
0 2 0.047251 0.124494 143.140701 -1.000000 -1.000000 0.008959
0 1 0.061023 0.157328 252.047195 -1.000000 -1.000000 0.015677
0 1 0.130314 0.126996 287.390289 -1.000000 -1.000000 0.009774
2 0 0.178807 0.013725 128.938995 -1.000000 -1.000000 0.009924
0 1 0.020131 0.137713 118.154198 -1.000000 -1.000000 0.010032
-1 0 0.089569 0.136434 228.747803 -1.000000 -1.000000 0.002762
2 0 0.107317 0.131070 164.457504 -1.000000 -1.000000 0.009215
0 -1 0.042582 0.159984 149.728607 -1.000000 -1.000000 0.007505
0 3 0.072417 0.090962 152.993607 -1.000000 -1.000000 0.004820
-1 1 0.046582 0.070758 174.577499 -1.000000 -1.000000 0.004289
0 -3 0.069576 0.197629 208.766602 -1.000000 -1.000000 0.010671
2 0 0.216802 0.012405 126.407204 -1.000000 -1.000000 0.010744
0 2 0.041119 0.321084 218.366898 -1.000000 -1.000000 0.009472
1 2 0.308548 0.112339 378.832214 -1.000000 -1.000000 0.000399
0 -1 0.045773 0.026419 103.117104 -1.000000 -1.000000 0.009416
-3 0 0.062173 0.024091 101.226501 -1.000000 -1.000000 0.007620
2 1 0.131874 0.066831 232.033997 -1.000000 -1.000000 0.008107
0 2 0.013574 0.123495 104.429100 -1.000000 -1.000000 0.010332
0 1 0.066612 0.216833 266.630402 -1.000000 -1.000000 0.010636
3 -3 0.044751 0.062306 91.802971 -1.000000 -1.000000 0.008958
1 -1 0.222081 0.066051 315.596985 -1.000000 -1.000000 0.009524
1 0 0.125219 0.017929 93.702858 -1.000000 -1.000000 0.009588
1 0 0.109669 0.066913 167.776505 -1.000000 -1.000000 0.009778
-2 2 0.023339 0.193107 201.482605 -1.000000 -1.000000 0.009516
0 1 0.308291 0.020882 178.021393 -1.000000 -1.000000 0.009586
-1 1 0.036460 0.082874 154.344193 -1.000000 -1.000000 0.006512
2 0 0.107868 0.100870 236.248505 -1.000000 -1.000000 0.003638
0 1 0.086190 0.127534 134.820297 -1.000000 -1.000000 0.009895
1 -2 0.440471 0.029920 141.116806 -1.000000 -1.000000 0.012058
1 1 0.312214 0.057851 231.074905 -1.000000 -1.000000 0.009732
0 1 0.084777 0.158533 197.879898 -1.000000 -1.000000 0.010539
1 0 0.105071 0.157830 124.808098 -1.000000 -1.000000 0.006637
1 0 0.150478 0.073153 204.811096 -1.000000 -1.000000 0.010402
2 -2 0.046041 0.062115 173.438705 -1.000000 -1.000000 0.002080
2 -2 0.109681 0.039982 122.900902 -1.000000 -1.000000 0.009271
0 2 0.194423 0.064307 246.776199 -1.000000 -1.000000 0.007856
0 2 0.113073 0.055581 99.788742 -1.000000 -1.000000 0.007034
0 -3 0.039832 0.058287 101.016998 -1.000000 -1.000000 0.014427
0 0 0.076984 0.034816 120.622398 -1.000000 -1.000000 0.014412
1 2 0.162224 0.107162 192.609894 -1.000000 -1.000000 0.000594
2 0 0.317127 0.025427 167.456802 -1.000000 -1.000000 0.011310
1 -5 0.368843 0.017997 242.968597 -1.000000 -1.000000 0.002125
2 0 0.199266 0.027591 209.632996 -1.000000 -1.000000 0.009532
-1 1 0.028435 0.047021 145.137207 -1.000000 -1.000000 0.009352
-1 1 0.064968 0.277745 323.738098 -1.000000 -1.000000 0.009546
0 2 0.261246 0.025223 170.326797 -1.000000 -1.000000 0.009376
-1 1 0.204808 0.119983 171.450104 -1.000000 -1.000000 0.001860
2 1 0.045508 0.265299 167.167496 -1.000000 -1.000000 0.010601
0 1 0.037154 0.223604 131.403503 -1.000000 -1.000000 0.014238
0 1 0.066500 0.240736 210.065704 -1.000000 -1.000000 0.012189
0 -1 0.027990 0.161814 155.286499 -1.000000 -1.000000 0.009099
0 2 0.088078 0.082109 139.397903 -1.000000 -1.000000 0.008714
0 1 0.135388 0.066171 142.958801 -1.000000 -1.000000 0.000591
0 2 0.107621 0.270697 149.088104 -1.000000 -1.000000 0.012950
-5 0 0.124313 0.246016 294.203400 -1.000000 -1.000000 0.008501
0 1 0.018925 0.233430 113.487000 -1.000000 -1.000000 0.000371
-1 1 0.220633 0.025420 107.529099 -1.000000 -1.000000 0.000468
1 2 0.032477 0.246644 141.568695 -1.000000 -1.000000 0.010746
0 2 0.296053 0.080262 281.083496 -1.000000 -1.000000 0.010746
0 1 0.045292 0.208575 145.171097 -1.000000 -1.000000 0.009222
1 -2 0.055064 0.274767 198.850998 -1.000000 -1.000000 0.006608
-1 0 0.163444 0.093298 215.030899 -1.000000 -1.000000 0.014444
3 -3 0.080744 0.072004 136.970398 -1.000000 -1.000000 0.008557
1 0 0.308556 0.049487 178.075699 -1.000000 -1.000000 0.010483
-1 1 0.027746 0.092229 114.727898 -1.000000 -1.000000 0.000972
1 -1 0.234348 0.016943 166.432999 -1.000000 -1.000000 0.015298
0 -2 0.055431 0.174387 257.108093 -1.000000 -1.000000 0.006659
0 -3 0.048927 0.094719 168.009399 -1.000000 -1.000000 0.009526
2 0 0.622340 0.105826 262.932495 -1.000000 -1.000000 0.009159
-2 2 0.028551 0.276727 205.049500 -1.000000 -1.000000 0.003628
2 -2 0.101602 0.104623 216.952301 -1.000000 -1.000000 0.008817
-1 1 0.037109 0.073014 106.389900 -1.000000 -1.000000 0.009697
-1 1 0.095379 0.037042 175.178101 -1.000000 -1.000000 0.010912
2 0 0.292434 0.007466 124.758102 -1.000000 -1.000000 0.009387
-2 2 0.011276 0.380689 179.728394 -1.000000 -1.000000 0.001437
2 -2 0.114382 0.034831 103.926804 -1.000000 -1.000000 0.000468
2 -2 0.019272 0.159024 126.414398 -1.000000 -1.000000 0.009098
0 2 0.049769 0.128501 169.320496 -1.000000 -1.000000 0.010033
0 2 0.012493 0.287473 153.544296 -1.000000 -1.000000 0.008878
1 2 0.191384 0.258624 352.045197 -1.000000 -1.000000 0.009512
1 0 0.178158 0.015055 121.876801 -1.000000 -1.000000 0.009099
0 1 0.090574 0.050393 166.651093 -1.000000 -1.000000 0.009202
-1 1 0.035635 0.227913 149.874603 -1.000000 -1.000000 0.009376
1 0 0.229665 0.019858 153.693497 -1.000000 -1.000000 0.008369
0 0 0.097852 0.033006 186.855698 -1.000000 -1.000000 0.009764
0 1 0.020577 0.236071 109.205299 -1.000000 -1.000000 0.000460
1 0 0.081511 0.055377 149.765198 -1.000000 -1.000000 0.010183
0 2 0.035778 0.238968 126.583504 -1.000000 -1.000000 0.009796
1 0 0.053502 0.020668 102.423103 -1.000000 -1.000000 0.010059
0 -1 0.060899 0.099700 139.530701 -1.000000 -1.000000 0.002088
3 2 0.058479 0.385575 247.828796 -1.000000 -1.000000 0.008956
2 0 0.417473 0.046679 259.326599 -1.000000 -1.000000 0.015793
1 0 0.057447 0.085703 161.544006 -1.000000 -1.000000 0.009213
1 0 0.164281 0.034002 145.499207 -1.000000 -1.000000 0.006448
0 2 0.034868 0.292003 194.081100 -1.000000 -1.000000 0.008203
2 0 0.195764 0.019486 131.350693 -1.000000 -1.000000 0.008904
2 0 0.113058 0.130897 297.574799 -1.000000 -1.000000 0.009281
-3 0 0.293676 0.012189 133.909698 -1.000000 -1.000000 0.009712
1 2 0.081075 0.225657 127.528999 -1.000000 -1.000000 0.009700
0 5 0.034604 0.074264 144.243698 -1.000000 -1.000000 0.010359
2 0 0.290495 0.091722 158.844299 -1.000000 -1.000000 0.012079
-1 1 0.041053 0.133849 165.203201 -1.000000 -1.000000 0.004446
0 1 0.113438 0.196381 171.458405 -1.000000 -1.000000 0.005547
1 2 0.165666 0.030489 94.793259 -1.000000 -1.000000 0.012269
2 0 0.058688 0.145203 189.003998 -1.000000 -1.000000 0.009250
0 1 0.065340 0.238142 311.938995 -1.000000 -1.000000 0.010622
-2 2 0.104767 0.450803 337.451294 -1.000000 -1.000000 0.010332
2 0 0.557123 0.018650 173.973602 -1.000000 -1.000000 0.002808
1 -1 0.044889 0.103855 150.524704 -1.000000 -1.000000 0.000574
1 -1 0.091744 0.055152 174.240204 -1.000000 -1.000000 0.008467
2 -2 0.080113 0.076051 139.549896 -1.000000 -1.000000 0.008694
0 1 0.103386 0.212868 167.671799 -1.000000 -1.000000 0.009334
1 0 0.240675 0.071877 287.944305 -1.000000 -1.000000 0.006844
0 5 0.059322 0.125820 100.231003 -1.000000 -1.000000 0.009112
-3 0 0.142416 0.019005 102.566704 -1.000000 -1.000000 0.008547
1 -1 0.081457 0.006519 89.618347 -1.000000 -1.000000 0.009273
2 2 0.100827 0.145423 222.203796 -1.000000 -1.000000 0.008536
3 0 0.316398 0.035212 271.401794 -1.000000 -1.000000 0.010399
2 0 0.277102 0.043689 188.917801 -1.000000 -1.000000 0.009431
-1 1 0.093173 0.015931 109.251900 -1.000000 -1.000000 0.009164
2 -4 0.168981 0.081099 165.055496 -1.000000 -1.000000 0.010320
3 -3 0.149816 0.061202 181.985199 -1.000000 -1.000000 0.015812
4 0 0.093066 0.026730 100.113503 -1.000000 -1.000000 0.009678
0 1 0.013408 0.134885 96.591187 -1.000000 -1.000000 0.010449
0 2 0.121322 0.101000 99.737450 -1.000000 -1.000000 0.004439
-2 2 0.054311 0.087861 208.876007 -1.000000 -1.000000 0.002776
4 1 0.021289 0.382280 145.339996 -1.000000 -1.000000 0.009273
2 -5 0.190835 0.029340 182.341202 -1.000000 -1.000000 0.009610
-5 2 0.077662 0.297607 210.747101 -1.000000 -1.000000 0.009134
-1 1 0.083904 0.048960 147.734894 -1.000000 -1.000000 0.010648
2 0 0.108134 0.107617 229.115097 -1.000000 -1.000000 0.002799
0 2 0.033679 0.249024 250.024002 -1.000000 -1.000000 0.015862
-2 2 0.028714 0.139106 114.706703 -1.000000 -1.000000 0.010211
2 2 0.117571 0.266197 156.567902 -1.000000 -1.000000 0.008711
-1 1 0.041270 0.125613 169.869797 -1.000000 -1.000000 0.013954
2 0 0.060203 0.071656 148.797394 -1.000000 -1.000000 0.009989
1 0 0.125173 0.016720 113.107498 -1.000000 -1.000000 0.003645
0 1 0.044255 0.104433 127.120201 -1.000000 -1.000000 0.010577
2 0 0.094146 0.285872 172.619904 -1.000000 -1.000000 0.015860
2 -2 0.203258 0.009636 111.234901 -1.000000 -1.000000 0.009672
0 2 0.068518 0.135740 222.787704 -1.000000 -1.000000 0.009655
0 2 0.367395 0.195761 149.276001 -1.000000 -1.000000 0.014361
1 0 0.168673 0.042450 111.170303 -1.000000 -1.000000 0.008317
-1 1 0.076616 0.231634 284.232391 -1.000000 -1.000000 0.008500
0 2 0.029205 0.120897 156.134995 -1.000000 -1.000000 0.009387
1 0 0.064909 0.065006 133.374298 -1.000000 -1.000000 0.010265
2 1 0.202458 0.050814 213.582504 -1.000000 -1.000000 0.000408
2 -4 0.143431 0.025288 126.551201 -1.000000 -1.000000 0.008472
2 -2 0.354701 0.012834 139.852600 -1.000000 -1.000000 0.011907
0 -4 0.057480 0.101830 118.471199 -1.000000 -1.000000 0.006657
2 -2 0.192717 0.031173 185.570404 -1.000000 -1.000000 0.003720
0 1 0.051917 0.217232 175.124405 -1.000000 -1.000000 0.010650
-2 2 0.082171 0.068941 160.903107 -1.000000 -1.000000 0.013956
-3 2 0.049706 0.244723 207.479599 -1.000000 -1.000000 0.005606
-1 1 0.042194 0.258278 355.452301 -1.000000 -1.000000 0.006662
2 -2 0.094651 0.011017 102.612900 -1.000000 -1.000000 0.000584
-1 2 0.142347 0.375490 359.264587 -1.000000 -1.000000 0.009713
-3 3 0.050704 0.101666 123.239403 -1.000000 -1.000000 0.009065
-2 1 0.103558 0.118019 189.697205 -1.000000 -1.000000 0.009470
1 0 0.181801 0.018466 101.611603 -1.000000 -1.000000 0.009261
0 2 0.120460 0.135283 504.373199 -1.000000 -1.000000 0.010325
2 -2 0.232133 0.047087 134.987793 -1.000000 -1.000000 0.009751
-3 3 0.040402 0.255089 566.039429 -1.000000 -1.000000 0.000784
0 1 0.060481 0.313641 170.994904 -1.000000 -1.000000 0.007871
2 0 0.276144 0.029229 263.570099 -1.000000 -1.000000 0.010407
-4 0 0.052627 0.074077 181.706696 -1.000000 -1.000000 0.009510
2 -2 0.076889 0.027227 95.942978 -1.000000 -1.000000 0.007429
0 -3 0.042560 0.065774 144.275803 -1.000000 -1.000000 0.010161
1 0 0.043743 0.050710 108.111504 -1.000000 -1.000000 0.010432
1 0 0.093373 0.041746 184.852097 -1.000000 -1.000000 0.009365
2 -4 0.108029 0.102193 206.649200 -1.000000 -1.000000 0.010343
0 2 0.058939 0.069968 125.180298 -1.000000 -1.000000 0.009259
0 1 0.187537 0.043232 171.915894 -1.000000 -1.000000 0.014159
2 1 0.191100 0.162461 285.888092 -1.000000 -1.000000 0.004648
-1 1 0.016435 0.096402 215.429092 -1.000000 -1.000000 0.010784
-4 1 0.113905 0.147630 114.327698 -1.000000 -1.000000 0.003596
1 -1 0.133152 0.016384 167.154800 -1.000000 -1.000000 0.004700
0 2 0.011041 0.444451 201.225403 -1.000000 -1.000000 0.011757
2 0 0.213036 0.054317 252.980896 -1.000000 -1.000000 0.010560
2 3 0.172545 0.060039 178.346100 -1.000000 -1.000000 0.008943
-2 2 0.085641 0.047616 260.756195 -1.000000 -1.000000 0.015577
0 2 0.035154 0.213282 236.092102 -1.000000 -1.000000 0.009425
0 1 0.021518 0.167562 142.806595 -1.000000 -1.000000 0.009412
-2 2 0.011507 0.149646 118.004898 -1.000000 -1.000000 0.004195
2 2 0.070097 0.104271 207.183899 -1.000000 -1.000000 0.010455
2 0 0.182872 0.044262 138.449493 -1.000000 -1.000000 0.010558
2 0 0.134228 0.024610 99.224030 -1.000000 -1.000000 0.008573
2 -2 0.159450 0.045264 143.962204 -1.000000 -1.000000 0.010394
5 0 0.072168 0.101403 246.379898 -1.000000 -1.000000 0.010588
-2 2 0.067150 0.088316 145.669907 -1.000000 -1.000000 0.009593
2 0 0.068216 0.068949 152.583603 -1.000000 -1.000000 0.000922
1 0 0.043838 0.114459 105.559700 -1.000000 -1.000000 0.003139
1 2 0.185844 0.050174 128.712601 -1.000000 -1.000000 0.010444
0 0 0.098951 0.197444 194.881500 -1.000000 -1.000000 0.014061
0 1 0.062377 0.042139 129.092499 -1.000000 -1.000000 0.010175
0 1 0.151247 0.145057 225.462402 -1.000000 -1.000000 0.010942
1 -1 0.222826 0.068824 151.507996 -1.000000 -1.000000 0.013017
1 0 0.105562 0.033787 98.296829 -1.000000 -1.000000 0.009412
-2 2 0.018273 0.174069 161.198593 -1.000000 -1.000000 0.009347
-2 2 0.064766 0.051155 115.922997 -1.000000 -1.000000 0.009184
2 0 0.213760 0.071557 167.440201 -1.000000 -1.000000 0.006633
0 0 0.178487 0.078811 304.177795 -1.000000 -1.000000 0.015728
-1 1 0.036880 0.150607 169.462494 -1.000000 -1.000000 0.010532
0 -1 0.012016 0.128495 102.519897 -1.000000 -1.000000 0.003610
2 0 0.236084 0.099015 155.979996 -1.000000 -1.000000 0.016311
2 0 0.209811 0.128642 236.796295 -1.000000 -1.000000 0.004575
-2 2 0.207856 0.064094 287.581696 -1.000000 -1.000000 0.015915
0 2 0.059119 0.197168 178.504898 -1.000000 -1.000000 0.010566
1 0 0.209574 0.038674 227.863495 -1.000000 -1.000000 0.010140
2 1 0.090591 0.049510 138.244995 -1.000000 -1.000000 0.010109
-3 0 0.051691 0.100884 137.638596 -1.000000 -1.000000 0.002163
2 0 0.081070 0.185801 433.406189 -1.000000 -1.000000 0.015566
0 1 0.063693 0.083711 119.716698 -1.000000 -1.000000 0.009470
2 -2 0.156826 0.037920 211.203293 -1.000000 -1.000000 0.009561
0 2 0.022667 0.147677 126.964699 -1.000000 -1.000000 0.009258
0 2 0.075676 0.197876 273.523102 -1.000000 -1.000000 0.008810
2 0 0.115136 0.013338 115.949097 -1.000000 -1.000000 0.006067
1 0 0.102812 0.251806 160.829193 -1.000000 -1.000000 0.015242
2 5 0.227222 0.050817 200.663605 -1.000000 -1.000000 0.010265
2 -2 0.259305 0.143359 291.596313 -1.000000 -1.000000 0.000360
1 0 0.124267 0.147697 133.088593 -1.000000 -1.000000 0.012041
-3 0 0.038701 0.079058 98.211227 -1.000000 -1.000000 0.003439
3 -3 0.067744 0.044992 130.604004 -1.000000 -1.000000 0.009523
0 1 0.033948 0.237887 234.832596 -1.000000 -1.000000 0.014478
1 -1 0.270583 0.053563 208.970795 -1.000000 -1.000000 0.010330
0 1 0.015261 0.276423 124.771698 -1.000000 -1.000000 0.009412
2 0 0.030117 0.086776 98.848312 -1.000000 -1.000000 0.008851
0 1 0.033908 0.140674 150.833801 -1.000000 -1.000000 0.009568
1 0 0.018252 0.349357 165.453506 -1.000000 -1.000000 0.006775
-1 0 0.292223 0.026818 186.854797 -1.000000 -1.000000 0.009906
0 -2 0.018607 0.324832 162.433105 -1.000000 -1.000000 0.008993
0 -3 0.063077 0.117308 131.399200 -1.000000 -1.000000 0.011677
1 0 0.164880 0.092864 245.611099 -1.000000 -1.000000 0.009972
0 1 0.014079 0.149643 127.012497 -1.000000 -1.000000 0.000591
2 -2 0.415794 0.052874 266.511597 -1.000000 -1.000000 0.016306
2 -1 0.455967 0.013607 158.158600 -1.000000 -1.000000 0.009932
2 1 0.490787 0.358781 258.618195 -1.000000 -1.000000 0.005739
2 0 0.349824 0.017084 171.875198 -1.000000 -1.000000 0.009931
0 0 0.051191 0.133115 235.932999 -1.000000 -1.000000 0.010835
1 0 0.205121 0.017821 151.129807 -1.000000 -1.000000 0.009280
0 1 0.029597 0.332408 195.107101 -1.000000 -1.000000 0.008565
0 4 0.083984 0.039563 123.724297 -1.000000 -1.000000 0.009056
0 -2 0.099345 0.164203 173.280701 -1.000000 -1.000000 0.009078
2 -2 0.155604 0.037836 156.445404 -1.000000 -1.000000 0.010203
-1 1 0.216824 0.135084 252.301605 -1.000000 -1.000000 0.004549
1 0 0.073100 0.094328 171.699402 -1.000000 -1.000000 0.010626
2 -2 0.078375 0.034911 125.220001 -1.000000 -1.000000 0.008730
2 -2 0.103492 0.080348 261.299500 -1.000000 -1.000000 0.003622
2 -2 0.262371 0.022379 168.611694 -1.000000 -1.000000 0.004629
1 0 0.034168 0.184526 123.045502 -1.000000 -1.000000 0.010952
2 0 0.133789 0.029015 144.459595 -1.000000 -1.000000 0.004702
1 2 0.226068 0.030859 143.061401 -1.000000 -1.000000 0.002143
1 0 0.154632 0.017790 97.683311 -1.000000 -1.000000 0.010472
2 0 0.107568 0.020107 115.049301 -1.000000 -1.000000 0.009226
2 1 0.312718 0.154600 210.348999 -1.000000 -1.000000 0.010547
1 3 0.142800 0.138809 121.203903 -1.000000 -1.000000 0.015971
2 -2 0.066253 0.124334 213.311600 -1.000000 -1.000000 0.002819
-2 2 0.046161 0.306045 227.348602 -1.000000 -1.000000 0.009376
1 -1 0.131619 0.033510 137.737793 -1.000000 -1.000000 0.010046
2 -2 0.244174 0.006602 113.100098 -1.000000 -1.000000 0.010223
0 2 0.016206 0.133989 116.384697 -1.000000 -1.000000 0.010981
1 0 0.123204 0.020577 120.215500 -1.000000 -1.000000 0.010401
0 1 0.047732 0.057150 117.272903 -1.000000 -1.000000 0.016209
-1 1 0.094849 0.059926 173.477295 -1.000000 -1.000000 0.009389
-1 0 0.176218 0.019861 151.969406 -1.000000 -1.000000 0.008332
0 2 0.009805 0.398254 140.794800 -1.000000 -1.000000 0.008697
3 0 0.097832 0.033910 135.903397 -1.000000 -1.000000 0.009354
0 1 0.036552 0.116664 145.618500 -1.000000 -1.000000 0.010546
-3 2 0.093242 0.167803 151.749496 -1.000000 -1.000000 0.009528
0 2 0.025152 0.341253 254.042099 -1.000000 -1.000000 0.010216
-1 1 0.036121 0.100598 203.465393 -1.000000 -1.000000 0.008823
0 2 0.021965 0.281852 115.032204 -1.000000 -1.000000 0.010020
0 1 0.022280 0.210774 108.081398 -1.000000 -1.000000 0.009711
-5 2 0.062980 0.417473 212.659393 -1.000000 -1.000000 0.009119
1 1 0.060646 0.051180 119.127403 -1.000000 -1.000000 0.000667
-1 3 0.112785 0.033128 99.834648 -1.000000 -1.000000 0.009657
-3 3 0.038182 0.047303 148.578796 -1.000000 -1.000000 0.008702
-2 2 0.015807 0.097059 95.292023 -1.000000 -1.000000 0.010135
0 1 0.063029 0.105561 230.673706 -1.000000 -1.000000 0.006361
1 2 0.086573 0.101565 103.459503 -1.000000 -1.000000 0.009751
2 1 0.127902 0.080479 193.119904 -1.000000 -1.000000 0.016068
0 -1 0.043565 0.120375 140.109207 -1.000000 -1.000000 0.000420
3 0 0.133564 0.061950 131.540802 -1.000000 -1.000000 0.013103
1 -1 0.058235 0.048348 157.953400 -1.000000 -1.000000 0.009063
2 0 0.154437 0.093824 340.418793 -1.000000 -1.000000 0.007663
-2 2 0.026395 0.153387 146.033005 -1.000000 -1.000000 0.009598
0 2 0.035467 0.346757 240.496399 -1.000000 -1.000000 0.004506
-1 1 0.031070 0.421066 317.341187 -1.000000 -1.000000 0.008790
0 1 0.154780 0.050487 128.906097 -1.000000 -1.000000 0.010678
1 -2 0.044399 0.098611 128.520599 -1.000000 -1.000000 0.010126
1 0 0.501499 0.024112 430.520813 -1.000000 -1.000000 0.010504
3 0 0.057878 0.107487 202.675995 -1.000000 -1.000000 0.005727
1 0 0.234206 0.018810 158.430206 -1.000000 -1.000000 0.006398
3 0 0.098606 0.043656 129.707199 -1.000000 -1.000000 0.009051
1 -1 0.055233 0.150997 257.809601 -1.000000 -1.000000 0.012324
1 2 0.095471 0.161412 106.473801 -1.000000 -1.000000 0.011663
0 1 0.036160 0.131685 142.285202 -1.000000 -1.000000 0.007690
0 -1 0.099656 0.042931 109.219002 -1.000000 -1.000000 0.010093
0 2 0.047871 0.359398 221.549500 -1.000000 -1.000000 0.009043
-1 -3 0.147340 0.154123 136.731400 -1.000000 -1.000000 0.012197
0 -1 0.024655 0.223570 165.886200 -1.000000 -1.000000 0.011265
2 -2 0.253724 0.029599 126.951797 -1.000000 -1.000000 0.008865
2 2 0.067406 0.062248 124.823097 -1.000000 -1.000000 0.010236
-1 0 0.082677 0.032395 132.910995 -1.000000 -1.000000 0.010025
2 -2 0.101993 0.059850 123.164200 -1.000000 -1.000000 0.012140
2 1 0.178888 0.044693 180.412201 -1.000000 -1.000000 0.000587
0 0 0.235708 0.032313 231.096497 -1.000000 -1.000000 0.012323
0 2 0.031910 0.206155 142.986298 -1.000000 -1.000000 0.011864
-1 1 0.159097 0.070220 271.335999 -1.000000 -1.000000 0.010378
1 0 0.043094 0.177826 204.506104 -1.000000 -1.000000 0.005719
0 1 0.017410 0.173637 135.380295 -1.000000 -1.000000 0.010348
1 0 0.257690 0.048755 328.005188 -1.000000 -1.000000 0.010194
0 1 0.293029 0.084485 185.748596 -1.000000 -1.000000 0.009625
3 -3 0.095829 0.026750 139.834106 -1.000000 -1.000000 0.009904
1 -1 0.035427 0.307249 120.038902 -1.000000 -1.000000 0.000809
0 1 0.095396 0.044264 178.083694 -1.000000 -1.000000 0.010279
0 0 0.190671 0.036971 240.042801 -1.000000 -1.000000 0.010771
1 -1 0.062823 0.156534 167.591995 -1.000000 -1.000000 0.004542
0 3 0.076106 0.073198 137.750900 -1.000000 -1.000000 0.010166
2 -2 0.393611 0.085492 360.337585 -1.000000 -1.000000 0.007445
2 -2 0.184664 0.005106 95.360168 -1.000000 -1.000000 0.006516
1 0 0.345788 0.020251 130.850403 -1.000000 -1.000000 0.000809
0 0 0.126625 0.034875 117.159698 -1.000000 -1.000000 0.006507
2 -2 0.076101 0.008436 101.134003 -1.000000 -1.000000 0.015271
-1 0 0.078480 0.089699 207.496094 -1.000000 -1.000000 0.010769
2 -4 0.274842 0.071872 262.949493 -1.000000 -1.000000 0.012577
0 -2 0.102475 0.027009 131.406998 -1.000000 -1.000000 0.001865
0 1 0.033190 0.277676 226.002304 -1.000000 -1.000000 0.005567
-1 1 0.101438 0.015080 92.712868 -1.000000 -1.000000 0.009133
0 1 0.046731 0.027769 91.745041 -1.000000 -1.000000 0.011534
0 1 0.058973 0.064541 100.567001 -1.000000 -1.000000 0.010333
2 0 0.070460 0.063945 164.687103 -1.000000 -1.000000 0.007618
2 1 0.234767 0.178453 245.230194 -1.000000 -1.000000 0.000477
0 2 0.041329 0.091878 167.226196 -1.000000 -1.000000 0.010543
-1 1 0.101155 0.142945 419.346802 -1.000000 -1.000000 0.010569
2 0 0.592686 0.025082 271.783386 -1.000000 -1.000000 0.010119
2 0 0.411861 0.020040 155.333694 -1.000000 -1.000000 0.012274
1 -1 0.071048 0.037851 136.499405 -1.000000 -1.000000 0.012795
-2 2 0.012859 0.122469 121.655098 -1.000000 -1.000000 0.004579
0 0 0.304030 0.035630 236.302307 -1.000000 -1.000000 0.010691
2 0 0.304766 0.115702 177.459900 -1.000000 -1.000000 0.009493
1 -1 0.046223 0.227986 250.174500 -1.000000 -1.000000 0.008451
3 0 0.037101 0.071551 131.090500 -1.000000 -1.000000 0.000569
1 -1 0.038826 0.296770 262.118896 -1.000000 -1.000000 0.009843
-2 2 0.062176 0.248766 308.222504 -1.000000 -1.000000 0.010241
2 0 0.150576 0.078613 312.955597 -1.000000 -1.000000 0.010818
1 0 0.201835 0.043181 112.907997 -1.000000 -1.000000 0.014384
2 2 0.182881 0.201103 141.960495 -1.000000 -1.000000 0.009380
0 1 0.012829 0.376343 151.475494 -1.000000 -1.000000 0.004581
-5 5 0.098135 0.064919 171.733902 -1.000000 -1.000000 0.005637
2 1 0.039812 0.306865 278.848511 -1.000000 -1.000000 0.010772
-1 1 0.146857 0.026664 146.602600 -1.000000 -1.000000 0.010288
0 1 0.035967 0.094708 142.869995 -1.000000 -1.000000 0.008611
1 0 0.108378 0.063721 112.351097 -1.000000 -1.000000 0.008709
2 1 0.344636 0.024417 154.765305 -1.000000 -1.000000 0.009289
0 1 0.006688 0.215451 131.644394 -1.000000 -1.000000 0.008664
0 -4 0.039362 0.101325 105.274902 -1.000000 -1.000000 0.010181
0 -1 0.070645 0.084250 162.646103 -1.000000 -1.000000 0.010292
2 1 0.296817 0.308828 182.222000 -1.000000 -1.000000 0.010051
0 2 0.026531 0.137236 127.401299 -1.000000 -1.000000 0.004622
0 0 0.142678 0.120663 228.979996 -1.000000 -1.000000 0.009740
-4 4 0.120764 0.006625 102.776398 -1.000000 -1.000000 0.008224
1 1 0.181325 0.024932 93.144081 -1.000000 -1.000000 0.006656
2 0 0.158782 0.043199 186.263901 -1.000000 -1.000000 0.002071
3 0 0.038922 0.118655 144.353302 -1.000000 -1.000000 0.005860
0 2 0.045763 0.346834 349.934814 -1.000000 -1.000000 0.009362
-4 4 0.062602 0.076053 198.567902 -1.000000 -1.000000 0.009705
1 2 0.119411 0.110747 207.025406 -1.000000 -1.000000 0.006505
-5 1 0.144657 0.114721 182.689499 -1.000000 -1.000000 0.014538
0 2 0.038032 0.573386 304.436005 -1.000000 -1.000000 0.005034
1 0 0.042773 0.077115 141.110001 -1.000000 -1.000000 0.008631
0 2 0.020261 0.411929 203.545197 -1.000000 -1.000000 0.006627
1 -1 0.075194 0.046273 153.405396 -1.000000 -1.000000 0.009178
-1 0 0.104158 0.108380 184.323303 -1.000000 -1.000000 0.000769
1 0 0.142726 0.045207 155.483002 -1.000000 -1.000000 0.015147
0 2 0.058924 0.075394 160.059204 -1.000000 -1.000000 0.003612
0 2 0.054452 0.197260 179.044006 -1.000000 -1.000000 0.009591
-1 1 0.034257 0.083991 139.776901 -1.000000 -1.000000 0.009382
2 0 0.020798 0.179260 130.628296 -1.000000 -1.000000 0.005971
1 0 0.160381 0.116122 131.585800 -1.000000 -1.000000 0.008509
2 -2 0.036477 0.035361 143.044601 -1.000000 -1.000000 0.009440
-1 1 0.063003 0.120643 226.050903 -1.000000 -1.000000 0.013867
1 -1 0.035765 0.047455 91.495949 -1.000000 -1.000000 0.010241
-1 0 0.310869 0.022343 167.952896 -1.000000 -1.000000 0.010309
1 -1 0.062229 0.049924 138.117706 -1.000000 -1.000000 0.008961
0 2 0.015399 0.126662 97.525879 -1.000000 -1.000000 0.010032
0 2 0.060468 0.049590 257.552307 -1.000000 -1.000000 0.006454
0 2 0.181823 0.059817 207.243805 -1.000000 -1.000000 0.009492
-2 1 0.145737 0.191091 185.203293 -1.000000 -1.000000 0.002158
0 1 0.040658 0.125241 108.790802 -1.000000 -1.000000 0.002347
-2 2 0.021152 0.215643 202.380493 -1.000000 -1.000000 0.008754
1 0 0.172202 0.027833 107.902000 -1.000000 -1.000000 0.009310
1 0 0.301490 0.012906 130.574097 -1.000000 -1.000000 0.010423
1 -1 0.120113 0.028839 122.344902 -1.000000 -1.000000 0.009390
2 1 0.232268 0.054191 201.992203 -1.000000 -1.000000 0.006320
-1 2 0.088580 0.073692 156.589600 -1.000000 -1.000000 0.000455
-2 2 0.075816 0.054779 234.019501 -1.000000 -1.000000 0.000780
0 2 0.029741 0.165580 153.972504 -1.000000 -1.000000 0.011977
0 3 0.085524 0.032478 102.432800 -1.000000 -1.000000 0.001110
0 -2 0.022767 0.136917 114.331100 -1.000000 -1.000000 0.008804
3 0 0.067048 0.106574 214.710800 -1.000000 -1.000000 0.009650
0 0 0.202768 0.024017 126.204399 -1.000000 -1.000000 0.009309
-4 1 0.068725 0.165107 181.863495 -1.000000 -1.000000 0.009670
2 2 0.085032 0.081411 155.246902 -1.000000 -1.000000 0.010491
1 2 0.066186 0.256066 157.211899 -1.000000 -1.000000 0.009122
0 -4 0.125186 0.022693 126.362801 -1.000000 -1.000000 0.008642
0 1 0.028229 0.236169 176.872498 -1.000000 -1.000000 0.005035
0 1 0.043420 0.191971 181.771500 -1.000000 -1.000000 0.011934
1 0 0.090067 0.015404 105.179604 -1.000000 -1.000000 0.014844
2 0 0.079990 0.026892 123.024300 -1.000000 -1.000000 0.009490
0 2 0.030216 0.380109 240.542206 -1.000000 -1.000000 0.008453
2 2 0.083986 0.481416 155.324203 -1.000000 -1.000000 0.009140
-3 0 0.031900 0.220209 177.333298 -1.000000 -1.000000 0.010713
-2 2 0.046445 0.106156 95.064110 -1.000000 -1.000000 0.011071
1 0 0.078247 0.045842 117.538696 -1.000000 -1.000000 0.012021
2 2 0.149972 0.064227 123.565598 -1.000000 -1.000000 0.007908
0 -1 0.064679 0.106192 120.470802 -1.000000 -1.000000 0.006357
1 0 0.098269 0.051579 99.091232 -1.000000 -1.000000 0.009313
-1 1 0.081489 0.075106 164.998901 -1.000000 -1.000000 0.010108
2 0 0.252943 0.098028 213.663406 -1.000000 -1.000000 0.006014
0 2 0.116961 0.034318 184.075500 -1.000000 -1.000000 0.002873
-2 2 0.131772 0.045152 170.995895 -1.000000 -1.000000 0.000668
2 1 0.055058 0.044582 102.898903 -1.000000 -1.000000 0.009209
2 -2 0.157434 0.024600 157.346100 -1.000000 -1.000000 0.009095
1 -1 0.165400 0.031444 146.206299 -1.000000 -1.000000 0.010175
0 1 0.128907 0.024088 118.571899 -1.000000 -1.000000 0.008141
2 2 0.096353 0.072911 157.750397 -1.000000 -1.000000 0.001078
1 0 0.168580 0.070069 95.640312 -1.000000 -1.000000 0.001003
2 -2 0.082796 0.079447 116.811501 -1.000000 -1.000000 0.001804
2 -2 0.027231 0.053155 107.070297 -1.000000 -1.000000 0.002108
1 -1 0.246674 0.015369 154.024704 -1.000000 -1.000000 0.009155
2 0 0.241305 0.017933 98.522636 -1.000000 -1.000000 0.009354
0 2 0.010361 0.245489 108.261597 -1.000000 -1.000000 0.004707
0 1 0.044463 0.260892 274.841003 -1.000000 -1.000000 0.001545
2 0 0.094164 0.030189 149.492203 -1.000000 -1.000000 0.010167
2 1 0.126018 0.188140 427.346802 -1.000000 -1.000000 0.010716
0 -1 0.016349 0.224841 123.353104 -1.000000 -1.000000 0.006529
-1 1 0.026082 0.221591 125.812798 -1.000000 -1.000000 0.013909
-4 0 0.148749 0.028013 120.289299 -1.000000 -1.000000 0.010243
0 2 0.051294 0.158794 147.813400 -1.000000 -1.000000 0.001562
0 -3 0.049466 0.096665 181.605499 -1.000000 -1.000000 0.009339
1 0 0.535184 0.040815 245.312805 -1.000000 -1.000000 0.000816
-3 3 0.033013 0.061904 100.486198 -1.000000 -1.000000 0.010172
1 0 0.135210 0.017310 94.058220 -1.000000 -1.000000 0.009580
2 2 0.255171 0.110154 300.036591 -1.000000 -1.000000 0.010108
1 0 0.122387 0.065320 122.278900 -1.000000 -1.000000 0.010987
1 0 0.102182 0.035182 126.650398 -1.000000 -1.000000 0.011138
-5 5 0.061046 0.029876 129.869598 -1.000000 -1.000000 0.012543
0 1 0.157315 0.017026 146.853699 -1.000000 -1.000000 0.009097
0 -1 0.104768 0.061003 131.918594 -1.000000 -1.000000 0.009761
1 0 0.159900 0.033892 138.701797 -1.000000 -1.000000 0.010685
1 1 0.085115 0.185657 308.018311 -1.000000 -1.000000 0.004567
4 -4 0.025368 0.020645 91.654602 -1.000000 -1.000000 0.001065
0 3 0.120096 0.066269 183.989105 -1.000000 -1.000000 0.011916
2 0 0.227434 0.053095 111.708801 -1.000000 -1.000000 0.009788
0 1 0.238113 0.056686 182.992004 -1.000000 -1.000000 0.010206
1 -1 0.060165 0.023713 107.843201 -1.000000 -1.000000 0.006685
0 1 0.031176 0.143012 101.557404 -1.000000 -1.000000 0.015853
-2 0 0.016749 0.164594 136.821594 -1.000000 -1.000000 0.007827
2 0 0.136693 0.075575 209.159698 -1.000000 -1.000000 0.000441
2 4 0.292143 0.038974 177.045303 -1.000000 -1.000000 0.008498
2 2 0.103265 0.107312 124.483101 -1.000000 -1.000000 0.015503
0 2 0.009338 0.460497 189.069397 -1.000000 -1.000000 0.010718
1 0 0.361075 0.013823 211.802200 -1.000000 -1.000000 0.009796
1 -1 0.022960 0.311083 217.075394 -1.000000 -1.000000 0.010213
2 2 0.169294 0.246165 362.634186 -1.000000 -1.000000 0.000783
-1 0 0.360457 0.016229 192.614197 -1.000000 -1.000000 0.011944
0 1 0.116587 0.051908 165.739807 -1.000000 -1.000000 0.010213
1 0 0.176461 0.023340 162.649002 -1.000000 -1.000000 0.005756
2 0 0.223262 0.032212 233.401794 -1.000000 -1.000000 0.009779
3 -3 0.009315 0.267731 151.603607 -1.000000 -1.000000 0.010480
0 2 0.019037 0.311238 221.390396 -1.000000 -1.000000 0.008388
-2 2 0.023083 0.140905 132.755402 -1.000000 -1.000000 0.006577
2 0 0.422705 0.049898 335.731903 -1.000000 -1.000000 0.010822
-3 1 0.115837 0.108216 197.248596 -1.000000 -1.000000 0.005460
1 -1 0.087788 0.116933 150.859604 -1.000000 -1.000000 0.009979
2 0 0.474499 0.037790 365.322998 -1.000000 -1.000000 0.010849
1 2 0.166610 0.038819 102.478203 -1.000000 -1.000000 0.009529
2 0 0.172175 0.075800 130.709900 -1.000000 -1.000000 0.008440
-2 2 0.056457 0.034546 104.057503 -1.000000 -1.000000 0.009108
0 4 0.021954 0.145592 101.318703 -1.000000 -1.000000 0.010571
2 0 0.176463 0.023631 107.946701 -1.000000 -1.000000 0.010400
0 1 0.049985 0.137056 140.218796 -1.000000 -1.000000 0.001143
-1 1 0.035983 0.122797 133.998199 -1.000000 -1.000000 0.009510
2 0 0.290767 0.013557 99.292130 -1.000000 -1.000000 0.015441
1 0 0.036955 0.124215 157.891998 -1.000000 -1.000000 0.009237
-1 0 0.052633 0.080404 96.128281 -1.000000 -1.000000 0.009404
-1 1 0.092263 0.058403 221.302704 -1.000000 -1.000000 0.007521
1 2 0.077468 0.054907 143.275406 -1.000000 -1.000000 0.009344
0 -3 0.221713 0.030507 129.828201 -1.000000 -1.000000 0.013857
-1 0 0.141763 0.017822 97.240250 -1.000000 -1.000000 0.009258
3 0 0.062683 0.047202 120.341797 -1.000000 -1.000000 0.010312
1 1 0.059049 0.300195 194.110397 -1.000000 -1.000000 0.015191
5 0 0.142114 0.018335 118.921402 -1.000000 -1.000000 0.009459
0 3 0.064461 0.036189 151.462097 -1.000000 -1.000000 0.000642
1 0 0.200928 0.039680 144.488098 -1.000000 -1.000000 0.009406
1 -1 0.036101 0.264877 162.240601 -1.000000 -1.000000 0.009146
2 0 0.197602 0.074575 181.854294 -1.000000 -1.000000 0.009661
1 2 0.035954 0.128880 108.983704 -1.000000 -1.000000 0.009071
5 0 0.031902 0.220890 237.869995 -1.000000 -1.000000 0.008662
-1 0 0.201954 0.015352 102.523499 -1.000000 -1.000000 0.008499
0 1 0.049027 0.173607 289.889496 -1.000000 -1.000000 0.016299
-2 2 0.051952 0.109071 139.154297 -1.000000 -1.000000 0.010213
2 0 0.052337 0.140947 155.362595 -1.000000 -1.000000 0.010564
-3 3 0.095952 0.108382 194.412094 -1.000000 -1.000000 0.015047
1 0 0.155503 0.123220 268.314209 -1.000000 -1.000000 0.008525
-2 0 0.271745 0.043274 111.053596 -1.000000 -1.000000 0.009076
2 -4 0.321658 0.029280 267.388397 -1.000000 -1.000000 0.012265
2 1 0.117123 0.220231 238.323196 -1.000000 -1.000000 0.016219
1 -1 0.278030 0.007211 119.557297 -1.000000 -1.000000 0.010085
